  -2.1333333e+01  -7.9186890e+01  -7.9483837e+01
  -2.1302082e+01  -7.9200492e+01  -7.9515529e+01
  -2.1270831e+01  -7.9183074e+01  -7.9606250e+01
  -2.1239580e+01  -7.9179713e+01  -7.9443072e+01
  -2.1208330e+01  -7.9142851e+01  -7.9192215e+01
  -2.1177079e+01  -7.9152363e+01  -7.9405886e+01
  -2.1145828e+01  -7.9185569e+01  -7.9501167e+01
  -2.1114577e+01  -7.9191719e+01  -7.9445199e+01
  -2.1083326e+01  -7.9186121e+01  -7.9455048e+01
  -2.1052075e+01  -7.9190217e+01  -7.9463689e+01
  -2.1020824e+01  -7.9214040e+01  -7.9399385e+01
  -2.0989573e+01  -7.9154634e+01  -7.9517434e+01
  -2.0958322e+01  -7.9227252e+01  -7.9380997e+01
  -2.0927071e+01  -7.9143488e+01  -7.9433168e+01
  -2.0895820e+01  -7.9185145e+01  -7.9476216e+01
  -2.0864569e+01  -7.9085386e+01  -7.9368134e+01
  -2.0833318e+01  -7.9049303e+01  -7.9370429e+01
  -2.0802067e+01  -7.9236135e+01  -7.9422823e+01
  -2.0770816e+01  -7.9204652e+01  -7.9605570e+01
  -2.0739565e+01  -7.9183062e+01  -7.9477734e+01
  -2.0708314e+01  -7.9171591e+01  -7.9543702e+01
  -2.0677063e+01  -7.9181298e+01  -7.9535940e+01
  -2.0645812e+01  -7.9186507e+01  -7.9524219e+01
  -2.0614561e+01  -7.9188297e+01  -7.9579891e+01
  -2.0583310e+01  -7.9187491e+01  -7.9507056e+01
  -2.0552059e+01  -7.9123146e+01  -7.9535973e+01
  -2.0520809e+01  -7.9216436e+01  -7.9533373e+01
  -2.0489558e+01  -7.9171151e+01  -7.9533556e+01
  -2.0458307e+01  -7.9158351e+01  -7.9522384e+01
  -2.0427056e+01  -7.9151786e+01  -7.9534614e+01
  -2.0395805e+01  -7.9145440e+01  -7.9540894e+01
  -2.0364554e+01  -7.9186684e+01  -7.9495396e+01
  -2.0333303e+01  -7.9165349e+01  -7.9572537e+01
  -2.0302052e+01  -7.9190043e+01  -7.9517940e+01
  -2.0270801e+01  -7.9148356e+01  -7.9603546e+01
  -2.0239550e+01  -7.9161975e+01  -7.9496362e+01
  -2.0208299e+01  -7.9165881e+01  -7.9456069e+01
  -2.0177048e+01  -7.9126826e+01  -7.9497947e+01
  -2.0145797e+01  -7.9160949e+01  -7.9500097e+01
  -2.0114546e+01  -7.9061312e+01  -7.9542149e+01
  -2.0083295e+01  -7.9031731e+01  -7.9534727e+01
  -2.0052044e+01  -7.9157198e+01  -7.9317867e+01
  -2.0020793e+01  -7.9102106e+01  -7.9458603e+01
  -1.9989542e+01  -7.9171783e+01  -7.9408639e+01
  -1.9958291e+01  -7.9061166e+01  -7.9372153e+01
  -1.9927040e+01  -7.9106483e+01  -7.9292053e+01
  -1.9895789e+01  -7.9128609e+01  -7.9579288e+01
  -1.9864539e+01  -7.9103530e+01  -7.9395013e+01
  -1.9833288e+01  -7.9126242e+01  -7.9046229e+01
  -1.9802037e+01  -7.9132912e+01  -7.9319891e+01
  -1.9770786e+01  -7.9125401e+01  -7.9283935e+01
  -1.9739535e+01  -7.9104599e+01  -7.9268097e+01
  -1.9708284e+01  -7.9054975e+01  -7.9265522e+01
  -1.9677033e+01  -7.8960962e+01  -7.9021507e+01
  -1.9645782e+01  -7.9126621e+01  -7.9327418e+01
  -1.9614531e+01  -7.9047518e+01  -7.9179807e+01
  -1.9583280e+01  -7.9101081e+01  -7.9182435e+01
  -1.9552029e+01  -7.9067616e+01  -7.9320437e+01
  -1.9520778e+01  -7.9100437e+01  -7.9317824e+01
  -1.9489527e+01  -7.9108560e+01  -7.9427200e+01
  -1.9458276e+01  -7.9111186e+01  -7.9461506e+01
  -1.9427025e+01  -7.9103087e+01  -7.9465395e+01
  -1.9395774e+01  -7.9096850e+01  -7.9449323e+01
  -1.9364523e+01  -7.9095338e+01  -7.9448477e+01
  -1.9333272e+01  -7.9093734e+01  -7.9446561e+01
  -1.9302021e+01  -7.9088383e+01  -7.9445634e+01
  -1.9270770e+01  -7.9081164e+01  -7.9443930e+01
  -1.9239519e+01  -7.9081212e+01  -7.9440773e+01
  -1.9208268e+01  -7.9080925e+01  -7.9437245e+01
  -1.9177018e+01  -7.9081072e+01  -7.9433838e+01
  -1.9145767e+01  -7.9072044e+01  -7.9430775e+01
  -1.9114516e+01  -7.9065859e+01  -7.9427341e+01
  -1.9083265e+01  -7.9065202e+01  -7.9423778e+01
  -1.9052014e+01  -7.9063896e+01  -7.9420354e+01
  -1.9020763e+01  -7.9057974e+01  -7.9416907e+01
  -1.8989512e+01  -7.9055224e+01  -7.9413259e+01
  -1.8958261e+01  -7.9052120e+01  -7.9409556e+01
  -1.8927010e+01  -7.9047889e+01  -7.9405873e+01
  -1.8895759e+01  -7.9044199e+01  -7.9402123e+01
  -1.8864508e+01  -7.9040678e+01  -7.9398341e+01
  -1.8833257e+01  -7.9038043e+01  -7.9394510e+01
  -1.8802006e+01  -7.9032282e+01  -7.9390622e+01
  -1.8770755e+01  -7.9026299e+01  -7.9386667e+01
  -1.8739504e+01  -7.9026381e+01  -7.9382687e+01
  -1.8708253e+01  -7.9023157e+01  -7.9378655e+01
  -1.8677002e+01  -7.9017599e+01  -7.9374576e+01
  -1.8645751e+01  -7.9011528e+01  -7.9370425e+01
  -1.8614500e+01  -7.9005451e+01  -7.9366258e+01
  -1.8583249e+01  -7.9003221e+01  -7.9362013e+01
  -1.8551998e+01  -7.9000939e+01  -7.9357742e+01
  -1.8520748e+01  -7.8995032e+01  -7.9353390e+01
  -1.8489497e+01  -7.8990943e+01  -7.9349013e+01
  -1.8458246e+01  -7.8986262e+01  -7.9344602e+01
  -1.8426995e+01  -7.8983739e+01  -7.9340125e+01
  -1.8395744e+01  -7.8977328e+01  -7.9335622e+01
  -1.8364493e+01  -7.8974070e+01  -7.9331020e+01
  -1.8333242e+01  -7.8971636e+01  -7.9326399e+01
  -1.8301991e+01  -7.8963760e+01  -7.9321721e+01
  -1.8270740e+01  -7.8958485e+01  -7.9316971e+01
  -1.8239489e+01  -7.8960318e+01  -7.9312214e+01
  -1.8208238e+01  -7.8950208e+01  -7.9307374e+01
  -1.8176987e+01  -7.8942817e+01  -7.9302518e+01
  -1.8145736e+01  -7.8936477e+01  -7.9297591e+01
  -1.8114485e+01  -7.8931614e+01  -7.9292628e+01
  -1.8083234e+01  -7.8930603e+01  -7.9287573e+01
  -1.8051983e+01  -7.8924475e+01  -7.9282517e+01
  -1.8020732e+01  -7.8919916e+01  -7.9277388e+01
  -1.7989481e+01  -7.8916261e+01  -7.9272218e+01
  -1.7958230e+01  -7.8906673e+01  -7.9266996e+01
  -1.7926979e+01  -7.8910578e+01  -7.9261721e+01
  -1.7895728e+01  -7.8900986e+01  -7.9256411e+01
  -1.7864477e+01  -7.8892488e+01  -7.9251026e+01
  -1.7833227e+01  -7.8895550e+01  -7.9245594e+01
  -1.7801976e+01  -7.8836175e+01  -7.9240123e+01
  -1.7770725e+01  -7.8810396e+01  -7.9234589e+01
  -1.7739474e+01  -7.8811108e+01  -7.9229021e+01
  -1.7708223e+01  -7.8835545e+01  -7.9223382e+01
  -1.7676972e+01  -7.8894542e+01  -7.9217718e+01
  -1.7645721e+01  -7.8852605e+01  -7.9211992e+01
  -1.7614470e+01  -7.8847279e+01  -7.9206213e+01
  -1.7583219e+01  -7.8834062e+01  -7.9200371e+01
  -1.7551968e+01  -7.8867676e+01  -7.9194494e+01
  -1.7520717e+01  -7.8787729e+01  -7.9188563e+01
  -1.7489466e+01  -7.8780415e+01  -7.9182581e+01
  -1.7458215e+01  -7.8821927e+01  -7.9176547e+01
  -1.7426964e+01  -7.8819994e+01  -7.9170460e+01
  -1.7395713e+01  -7.8756057e+01  -7.9164326e+01
  -1.7364462e+01  -7.8774225e+01  -7.9158136e+01
  -1.7333211e+01  -7.8795881e+01  -7.9151896e+01
  -1.7301960e+01  -7.8811707e+01  -7.9145605e+01
  -1.7270709e+01  -7.8770368e+01  -7.9139262e+01
  -1.7239458e+01  -7.8759295e+01  -7.9132867e+01
  -1.7208207e+01  -7.8767781e+01  -7.9126421e+01
  -1.7176956e+01  -7.8763412e+01  -7.9119922e+01
  -1.7145706e+01  -7.8755487e+01  -7.9113371e+01
  -1.7114455e+01  -7.8679269e+01  -7.9106769e+01
  -1.7083204e+01  -7.8742457e+01  -7.9100118e+01
  -1.7051953e+01  -7.8685629e+01  -7.9093411e+01
  -1.7020702e+01  -7.8701116e+01  -7.9086652e+01
  -1.6989451e+01  -7.8705536e+01  -7.9079841e+01
  -1.6958200e+01  -7.8633994e+01  -7.9072975e+01
  -1.6926949e+01  -7.8719048e+01  -7.9066062e+01
  -1.6895698e+01  -7.8669959e+01  -7.9059089e+01
  -1.6864447e+01  -7.8661277e+01  -7.9052071e+01
  -1.6833196e+01  -7.8653839e+01  -7.9044996e+01
  -1.6801945e+01  -7.8685411e+01  -7.9037870e+01
  -1.6770694e+01  -7.8673447e+01  -7.9030691e+01
  -1.6739443e+01  -7.8663221e+01  -7.9023457e+01
  -1.6708192e+01  -7.8652653e+01  -7.9016173e+01
  -1.6676941e+01  -7.8696262e+01  -7.9008829e+01
  -1.6645690e+01  -7.8655120e+01  -7.9001435e+01
  -1.6614439e+01  -7.8630810e+01  -7.8993991e+01
  -1.6583188e+01  -7.8683146e+01  -7.8986495e+01
  -1.6551937e+01  -7.8545321e+01  -7.8978944e+01
  -1.6520686e+01  -7.8601170e+01  -7.8971336e+01
  -1.6489436e+01  -7.8659314e+01  -7.8963677e+01
  -1.6458185e+01  -7.8580834e+01  -7.8955957e+01
  -1.6426934e+01  -7.8566070e+01  -7.8948193e+01
  -1.6395683e+01  -7.8614095e+01  -7.8940365e+01
  -1.6364432e+01  -7.8601160e+01  -7.8932492e+01
  -1.6333181e+01  -7.8590146e+01  -7.8924558e+01
  -1.6301930e+01  -7.8557646e+01  -7.8916575e+01
  -1.6270679e+01  -7.8553720e+01  -7.8908534e+01
  -1.6239428e+01  -7.8507201e+01  -7.8900441e+01
  -1.6208177e+01  -7.8501381e+01  -7.8892290e+01
  -1.6176926e+01  -7.8519239e+01  -7.8884085e+01
  -1.6145675e+01  -7.8483592e+01  -7.8875826e+01
  -1.6114424e+01  -7.8536984e+01  -7.8867512e+01
  -1.6083173e+01  -7.8447483e+01  -7.8859145e+01
  -1.6051922e+01  -7.8504584e+01  -7.8850721e+01
  -1.6020671e+01  -7.8467502e+01  -7.8842241e+01
  -1.5989420e+01  -7.8474013e+01  -7.8833706e+01
  -1.5958169e+01  -7.8451967e+01  -7.8825113e+01
  -1.5926918e+01  -7.8482414e+01  -7.8816468e+01
  -1.5895667e+01  -7.8451178e+01  -7.8807764e+01
  -1.5864416e+01  -7.8438139e+01  -7.8799006e+01
  -1.5833165e+01  -7.8424916e+01  -7.8790191e+01
  -1.5801915e+01  -7.8399004e+01  -7.8781321e+01
  -1.5770664e+01  -7.8418603e+01  -7.8772394e+01
  -1.5739413e+01  -7.8324979e+01  -7.8763411e+01
  -1.5708162e+01  -7.8365282e+01  -7.8754371e+01
  -1.5676911e+01  -7.8339180e+01  -7.8745274e+01
  -1.5645660e+01  -7.8369530e+01  -7.8736121e+01
  -1.5614409e+01  -7.8343878e+01  -7.8726911e+01
  -1.5583158e+01  -7.8285556e+01  -7.8717643e+01
  -1.5551907e+01  -7.8289308e+01  -7.8708319e+01
  -1.5520656e+01  -7.8336800e+01  -7.8698937e+01
  -1.5489405e+01  -7.8350092e+01  -7.8689497e+01
  -1.5458154e+01  -7.8300009e+01  -7.8680001e+01
  -1.5426903e+01  -7.8313043e+01  -7.8670446e+01
  -1.5395652e+01  -7.8295226e+01  -7.8660835e+01
  -1.5364401e+01  -7.8292948e+01  -7.8651164e+01
  -1.5333150e+01  -7.8252927e+01  -7.8641436e+01
  -1.5301899e+01  -7.8295685e+01  -7.8631648e+01
  -1.5270648e+01  -7.8251791e+01  -7.8621805e+01
  -1.5239397e+01  -7.8224531e+01  -7.8611900e+01
  -1.5208146e+01  -7.8217401e+01  -7.8601939e+01
  -1.5176895e+01  -7.8171926e+01  -7.8591918e+01
  -1.5145645e+01  -7.8202247e+01  -7.8581838e+01
  -1.5114394e+01  -7.8196989e+01  -7.8571700e+01
  -1.5083143e+01  -7.8221814e+01  -7.8561501e+01
  -1.5051892e+01  -7.8192107e+01  -7.8551244e+01
  -1.5020641e+01  -7.8184454e+01  -7.8540927e+01
  -1.4989390e+01  -7.8175127e+01  -7.8530551e+01
  -1.4958139e+01  -7.8151519e+01  -7.8520114e+01
  -1.4926888e+01  -7.8160775e+01  -7.8509618e+01
  -1.4895637e+01  -7.8124830e+01  -7.8499063e+01
  -1.4864386e+01  -7.8071329e+01  -7.8488445e+01
  -1.4833135e+01  -7.7987486e+01  -7.8477768e+01
  -1.4801884e+01  -7.8104558e+01  -7.8467030e+01
  -1.4770633e+01  -7.8027875e+01  -7.8456233e+01
  -1.4739382e+01  -7.8010525e+01  -7.8445373e+01
  -1.4708131e+01  -7.8085562e+01  -7.8434453e+01
  -1.4676880e+01  -7.8014045e+01  -7.8423472e+01
  -1.4645629e+01  -7.8035090e+01  -7.8412430e+01
  -1.4614378e+01  -7.8023870e+01  -7.8401326e+01
  -1.4583127e+01  -7.8024041e+01  -7.8390159e+01
  -1.4551876e+01  -7.8023970e+01  -7.8378932e+01
  -1.4520625e+01  -7.8000660e+01  -7.8367641e+01
  -1.4489374e+01  -7.8011646e+01  -7.8356290e+01
  -1.4458124e+01  -7.7998792e+01  -7.8344876e+01
  -1.4426873e+01  -7.7989802e+01  -7.8333399e+01
  -1.4395622e+01  -7.7989155e+01  -7.8321860e+01
  -1.4364371e+01  -7.7953122e+01  -7.8310257e+01
  -1.4333120e+01  -7.7985699e+01  -7.8298592e+01
  -1.4301869e+01  -7.7867481e+01  -7.8286863e+01
  -1.4270618e+01  -7.7919596e+01  -7.8275071e+01
  -1.4239367e+01  -7.7879862e+01  -7.8263216e+01
  -1.4208116e+01  -7.7814262e+01  -7.8251296e+01
  -1.4176865e+01  -7.7884577e+01  -7.8239313e+01
  -1.4145614e+01  -7.7870459e+01  -7.8227266e+01
  -1.4114363e+01  -7.7859205e+01  -7.8215154e+01
  -1.4083112e+01  -7.7847034e+01  -7.8202978e+01
  -1.4051861e+01  -7.7834301e+01  -7.8190737e+01
  -1.4020610e+01  -7.7828264e+01  -7.8178431e+01
  -1.3989359e+01  -7.7812947e+01  -7.8166060e+01
  -1.3958108e+01  -7.7797825e+01  -7.8153624e+01
  -1.3926857e+01  -7.7783068e+01  -7.8141123e+01
  -1.3895606e+01  -7.7766469e+01  -7.8128555e+01
  -1.3864355e+01  -7.7757921e+01  -7.8115922e+01
  -1.3833104e+01  -7.7745965e+01  -7.8103223e+01
  -1.3801853e+01  -7.7734340e+01  -7.8090457e+01
  -1.3770603e+01  -7.7722633e+01  -7.8077625e+01
  -1.3739352e+01  -7.7710180e+01  -7.8064726e+01
  -1.3708101e+01  -7.7697111e+01  -7.8051761e+01
  -1.3676850e+01  -7.7683272e+01  -7.8038728e+01
  -1.3645599e+01  -7.7670354e+01  -7.8025627e+01
  -1.3614348e+01  -7.7658006e+01  -7.8012460e+01
  -1.3583097e+01  -7.7643690e+01  -7.7999226e+01
  -1.3551846e+01  -7.7628858e+01  -7.7985923e+01
  -1.3520595e+01  -7.7619229e+01  -7.7972551e+01
  -1.3489344e+01  -7.7606322e+01  -7.7959111e+01
  -1.3458093e+01  -7.7590675e+01  -7.7945602e+01
  -1.3426842e+01  -7.7577366e+01  -7.7932026e+01
  -1.3395591e+01  -7.7560704e+01  -7.7918378e+01
  -1.3364340e+01  -7.7549124e+01  -7.7904663e+01
  -1.3333089e+01  -7.7535601e+01  -7.7890878e+01
  -1.3301838e+01  -7.7521982e+01  -7.7877023e+01
  -1.3270587e+01  -7.7508690e+01  -7.7863099e+01
  -1.3239336e+01  -7.7494178e+01  -7.7849103e+01
  -1.3208085e+01  -7.7480138e+01  -7.7835038e+01
  -1.3176834e+01  -7.7466501e+01  -7.7820901e+01
  -1.3145583e+01  -7.7453180e+01  -7.7806694e+01
  -1.3114333e+01  -7.7438936e+01  -7.7792415e+01
  -1.3083082e+01  -7.7420565e+01  -7.7778066e+01
  -1.3051831e+01  -7.7410669e+01  -7.7763645e+01
  -1.3020580e+01  -7.7394666e+01  -7.7749151e+01
  -1.2989329e+01  -7.7379741e+01  -7.7734585e+01
  -1.2958078e+01  -7.7365022e+01  -7.7719946e+01
  -1.2926827e+01  -7.7349794e+01  -7.7705236e+01
  -1.2895576e+01  -7.7335805e+01  -7.7690452e+01
  -1.2864325e+01  -7.7320537e+01  -7.7675595e+01
  -1.2833074e+01  -7.7305710e+01  -7.7660664e+01
  -1.2801823e+01  -7.7291191e+01  -7.7645660e+01
  -1.2770572e+01  -7.7275860e+01  -7.7630582e+01
  -1.2739321e+01  -7.7260621e+01  -7.7615429e+01
  -1.2708070e+01  -7.7245765e+01  -7.7600202e+01
  -1.2676819e+01  -7.7227969e+01  -7.7584900e+01
  -1.2645568e+01  -7.7217263e+01  -7.7569523e+01
  -1.2614317e+01  -7.7195938e+01  -7.7554070e+01
  -1.2583066e+01  -7.7181855e+01  -7.7538542e+01
  -1.2551815e+01  -7.7171470e+01  -7.7522937e+01
  -1.2520564e+01  -7.7151801e+01  -7.7507257e+01
  -1.2489313e+01  -7.7133324e+01  -7.7491500e+01
  -1.2458062e+01  -7.7098795e+01  -7.7475666e+01
  -1.2426812e+01  -7.7048631e+01  -7.7459755e+01
  -1.2395561e+01  -7.7098388e+01  -7.7443767e+01
  -1.2364310e+01  -7.7073422e+01  -7.7427700e+01
  -1.2333059e+01  -7.7045249e+01  -7.7411556e+01
  -1.2301808e+01  -7.7042347e+01  -7.7395333e+01
  -1.2270557e+01  -7.7028509e+01  -7.7379032e+01
  -1.2239306e+01  -7.7013005e+01  -7.7362651e+01
  -1.2208055e+01  -7.6950811e+01  -7.7346192e+01
  -1.2176804e+01  -7.6968767e+01  -7.7329653e+01
  -1.2145553e+01  -7.6946888e+01  -7.7313034e+01
  -1.2114302e+01  -7.6921285e+01  -7.7296334e+01
  -1.2083051e+01  -7.6798874e+01  -7.7279554e+01
  -1.2051800e+01  -7.6823924e+01  -7.7262693e+01
  -1.2020549e+01  -7.6896219e+01  -7.7245751e+01
  -1.1989298e+01  -7.6855995e+01  -7.7228727e+01
  -1.1958047e+01  -7.6858102e+01  -7.7211622e+01
  -1.1926796e+01  -7.6842698e+01  -7.7194434e+01
  -1.1895545e+01  -7.6819492e+01  -7.7177164e+01
  -1.1864294e+01  -7.6757812e+01  -7.7159810e+01
  -1.1833043e+01  -7.6727128e+01  -7.7142373e+01
  -1.1801792e+01  -7.6795783e+01  -7.7124853e+01
  -1.1770542e+01  -7.6717798e+01  -7.7107248e+01
  -1.1739291e+01  -7.6651219e+01  -7.7089559e+01
  -1.1708040e+01  -7.6719528e+01  -7.7071786e+01
  -1.1676789e+01  -7.6638850e+01  -7.7053927e+01
  -1.1645538e+01  -7.6670975e+01  -7.7035983e+01
  -1.1614287e+01  -7.6712219e+01  -7.7017953e+01
  -1.1583036e+01  -7.6615454e+01  -7.6999836e+01
  -1.1551785e+01  -7.6589035e+01  -7.6981633e+01
  -1.1520534e+01  -7.6610374e+01  -7.6963344e+01
  -1.1489283e+01  -7.6592058e+01  -7.6944966e+01
  -1.1458032e+01  -7.6586951e+01  -7.6926501e+01
  -1.1426781e+01  -7.6535671e+01  -7.6907948e+01
  -1.1395530e+01  -7.6531670e+01  -7.6889306e+01
  -1.1364279e+01  -7.6593926e+01  -7.6870575e+01
  -1.1333028e+01  -7.6414203e+01  -7.6851754e+01
  -1.1301777e+01  -7.6440168e+01  -7.6832845e+01
  -1.1270526e+01  -7.6450918e+01  -7.6813844e+01
  -1.1239275e+01  -7.6403638e+01  -7.6794753e+01
  -1.1208024e+01  -7.6381460e+01  -7.6775571e+01
  -1.1176773e+01  -7.6301563e+01  -7.6756298e+01
  -1.1145522e+01  -7.6381815e+01  -7.6736932e+01
  -1.1114271e+01  -7.6348754e+01  -7.6717474e+01
  -1.1083021e+01  -7.6339808e+01  -7.6697923e+01
  -1.1051770e+01  -7.6328397e+01  -7.6678279e+01
  -1.1020519e+01  -7.6316738e+01  -7.6658542e+01
  -1.0989268e+01  -7.6301542e+01  -7.6638710e+01
  -1.0958017e+01  -7.6189938e+01  -7.6618783e+01
  -1.0926766e+01  -7.6191424e+01  -7.6598762e+01
  -1.0895515e+01  -7.6216014e+01  -7.6578644e+01
  -1.0864264e+01  -7.6180260e+01  -7.6558431e+01
  -1.0833013e+01  -7.6155204e+01  -7.6538122e+01
  -1.0801762e+01  -7.6234649e+01  -7.6517714e+01
  -1.0770511e+01  -7.6130487e+01  -7.6497211e+01
  -1.0739260e+01  -7.6115118e+01  -7.6476609e+01
  -1.0708009e+01  -7.6108728e+01  -7.6455907e+01
  -1.0676758e+01  -7.6086506e+01  -7.6435108e+01
  -1.0645507e+01  -7.6063077e+01  -7.6414209e+01
  -1.0614256e+01  -7.6041725e+01  -7.6393213e+01
  -1.0583005e+01  -7.6039230e+01  -7.6372109e+01
  -1.0551754e+01  -7.5984891e+01  -7.6350912e+01
  -1.0520503e+01  -7.5923897e+01  -7.6329608e+01
  -1.0489252e+01  -7.5906119e+01  -7.6308200e+01
  -1.0458001e+01  -7.5954641e+01  -7.6286698e+01
  -1.0426750e+01  -7.5860919e+01  -7.6265084e+01
  -1.0395500e+01  -7.5898539e+01  -7.6243375e+01
  -1.0364249e+01  -7.5807341e+01  -7.6221553e+01
  -1.0332998e+01  -7.5776233e+01  -7.6199630e+01
  -1.0301747e+01  -7.5819960e+01  -7.6177596e+01
  -1.0270496e+01  -7.5784479e+01  -7.6155478e+01
  -1.0239245e+01  -7.5762607e+01  -7.6133229e+01
  -1.0207994e+01  -7.5777653e+01  -7.6110878e+01
  -1.0176743e+01  -7.5738611e+01  -7.6088420e+01
  -1.0145492e+01  -7.5708607e+01  -7.6065866e+01
  -1.0114241e+01  -7.5702045e+01  -7.6043195e+01
  -1.0082990e+01  -7.5624414e+01  -7.6020386e+01
  -1.0051739e+01  -7.5659459e+01  -7.5997525e+01
  -1.0020488e+01  -7.5589327e+01  -7.5974514e+01
  -9.9892371e+00  -7.5497078e+01  -7.5951370e+01
  -9.9579862e+00  -7.5488091e+01  -7.5928172e+01
  -9.9267352e+00  -7.5559122e+01  -7.5904823e+01
  -9.8954843e+00  -7.5478683e+01  -7.5881364e+01
  -9.8642333e+00  -7.5453611e+01  -7.5857790e+01
  -9.8329824e+00  -7.5504247e+01  -7.5834106e+01
  -9.8017314e+00  -7.5480335e+01  -7.5810304e+01
  -9.7704805e+00  -7.5441034e+01  -7.5786456e+01
  -9.7392295e+00  -7.5419373e+01  -7.5762352e+01
  -9.7079786e+00  -7.5376114e+01  -7.5738229e+01
  -9.6767276e+00  -7.5325772e+01  -7.5713960e+01
  -9.6454766e+00  -7.5287997e+01  -7.5689648e+01
  -9.6142257e+00  -7.5273400e+01  -7.5665060e+01
  -9.5829747e+00  -7.5230062e+01  -7.5640379e+01
  -9.5517238e+00  -7.5272516e+01  -7.5615777e+01
  -9.5204728e+00  -7.5250215e+01  -7.5590874e+01
  -9.4892219e+00  -7.5271858e+01  -7.5565793e+01
  -9.4579709e+00  -7.5137920e+01  -7.5540713e+01
  -9.4267200e+00  -7.5140179e+01  -7.5515523e+01
  -9.3954690e+00  -7.5107816e+01  -7.5490065e+01
  -9.3642181e+00  -7.5147990e+01  -7.5464616e+01
  -9.3329671e+00  -7.5100052e+01  -7.5439014e+01
  -9.3017162e+00  -7.5064857e+01  -7.5413268e+01
  -9.2704652e+00  -7.5055628e+01  -7.5387534e+01
  -9.2392143e+00  -7.4966994e+01  -7.5361331e+01
  -9.2079633e+00  -7.4972340e+01  -7.5335276e+01
  -9.1767123e+00  -7.5012794e+01  -7.5309040e+01
  -9.1454614e+00  -7.4962670e+01  -7.5282931e+01
  -9.1142104e+00  -7.4837316e+01  -7.5256071e+01
  -9.0829595e+00  -7.4828122e+01  -7.5229267e+01
  -9.0517085e+00  -7.4878117e+01  -7.5202925e+01
  -9.0204576e+00  -7.4752638e+01  -7.5175839e+01
  -8.9892066e+00  -7.4811100e+01  -7.5148596e+01
  -8.9579557e+00  -7.4798456e+01  -7.5121316e+01
  -8.9267047e+00  -7.4725274e+01  -7.5094214e+01
  -8.8954538e+00  -7.4716480e+01  -7.5066483e+01
  -8.8642028e+00  -7.4697627e+01  -7.5039108e+01
  -8.8329519e+00  -7.4677061e+01  -7.5011437e+01
  -8.8017009e+00  -7.4637480e+01  -7.4983420e+01
  -8.7704499e+00  -7.4602074e+01  -7.4955485e+01
  -8.7391990e+00  -7.4578476e+01  -7.4927204e+01
  -8.7079480e+00  -7.4552348e+01  -7.4898855e+01
  -8.6766971e+00  -7.4534878e+01  -7.4870506e+01
  -8.6454461e+00  -7.4497513e+01  -7.4842483e+01
  -8.6141952e+00  -7.4466700e+01  -7.4813302e+01
  -8.5829442e+00  -7.4442038e+01  -7.4783706e+01
  -8.5516933e+00  -7.4412042e+01  -7.4755664e+01
  -8.5204423e+00  -7.4383939e+01  -7.4725997e+01
  -8.4891914e+00  -7.4355037e+01  -7.4696265e+01
  -8.4579404e+00  -7.4325365e+01  -7.4666513e+01
  -8.4266895e+00  -7.4295601e+01  -7.4637160e+01
  -8.3954385e+00  -7.4267048e+01  -7.4607170e+01
  -8.3641875e+00  -7.4236945e+01  -7.4577803e+01
  -8.3329366e+00  -7.4208392e+01  -7.4547866e+01
  -8.3016856e+00  -7.4175379e+01  -7.4517012e+01
  -8.2704347e+00  -7.4140898e+01  -7.4486443e+01
  -8.2391837e+00  -7.4115305e+01  -7.4456514e+01
  -8.2079328e+00  -7.4087421e+01  -7.4425237e+01
  -8.1766818e+00  -7.4056473e+01  -7.4394605e+01
  -8.1454309e+00  -7.4023032e+01  -7.4364061e+01
  -8.1141799e+00  -7.3990056e+01  -7.4333433e+01
  -8.0829290e+00  -7.3959864e+01  -7.4299712e+01
  -8.0516780e+00  -7.3929990e+01  -7.4269750e+01
  -8.0204271e+00  -7.3897581e+01  -7.4237374e+01
  -7.9891761e+00  -7.3866169e+01  -7.4204458e+01
  -7.9579251e+00  -7.3833089e+01  -7.4172386e+01
  -7.9266742e+00  -7.3803366e+01  -7.4139764e+01
  -7.8954232e+00  -7.3769096e+01  -7.4108002e+01
  -7.8641723e+00  -7.3738378e+01  -7.4076193e+01
  -7.8329213e+00  -7.3707672e+01  -7.4043625e+01
  -7.8016704e+00  -7.3671612e+01  -7.4009294e+01
  -7.7704194e+00  -7.3636690e+01  -7.3976178e+01
  -7.7391685e+00  -7.3609511e+01  -7.3944406e+01
  -7.7079175e+00  -7.3573534e+01  -7.3909591e+01
  -7.6766666e+00  -7.3538065e+01  -7.3876479e+01
  -7.6454156e+00  -7.3503832e+01  -7.3842253e+01
  -7.6141647e+00  -7.3469730e+01  -7.3811380e+01
  -7.5829137e+00  -7.3436723e+01  -7.3772344e+01
  -7.5516628e+00  -7.3401897e+01  -7.3739572e+01
  -7.5204118e+00  -7.3368561e+01  -7.3705309e+01
  -7.4891608e+00  -7.3335814e+01  -7.3667971e+01
  -7.4579099e+00  -7.3296204e+01  -7.3633956e+01
  -7.4266589e+00  -7.3271259e+01  -7.3596804e+01
  -7.3954080e+00  -7.3228895e+01  -7.3563422e+01
  -7.3641570e+00  -7.3195450e+01  -7.3527952e+01
  -7.3329061e+00  -7.3163177e+01  -7.3492378e+01
  -7.3016551e+00  -7.3120914e+01  -7.3454118e+01
  -7.2704042e+00  -7.3081834e+01  -7.3420071e+01
  -7.2391532e+00  -7.3057740e+01  -7.3383451e+01
  -7.2079023e+00  -7.3012464e+01  -7.3345027e+01
  -7.1766513e+00  -7.2971727e+01  -7.3309364e+01
  -7.1454004e+00  -7.2942217e+01  -7.3270983e+01
  -7.1141494e+00  -7.2890668e+01  -7.3238621e+01
  -7.0828984e+00  -7.2813977e+01  -7.3195078e+01
  -7.0516475e+00  -7.2830748e+01  -7.3158238e+01
  -7.0203965e+00  -7.2788760e+01  -7.3123716e+01
  -6.9891456e+00  -7.2709420e+01  -7.3080600e+01
  -6.9578946e+00  -7.2595699e+01  -7.3043914e+01
  -6.9266437e+00  -7.2800675e+01  -7.3002471e+01
  -6.8953927e+00  -7.2652823e+01  -7.2965437e+01
  -6.8641418e+00  -7.2469874e+01  -7.2924721e+01
  -6.8328908e+00  -7.2494725e+01  -7.2886449e+01
  -6.8016399e+00  -7.2568513e+01  -7.2843606e+01
  -6.7703889e+00  -7.2489930e+01  -7.2811666e+01
  -6.7391380e+00  -7.2439072e+01  -7.2763907e+01
  -6.7078870e+00  -7.2405441e+01  -7.2722462e+01
  -6.6766360e+00  -7.2382394e+01  -7.2684489e+01
  -6.6453851e+00  -7.2279572e+01  -7.2644072e+01
  -6.6141341e+00  -7.2241346e+01  -7.2603871e+01
  -6.5828832e+00  -7.2282533e+01  -7.2559081e+01
  -6.5516322e+00  -7.2215798e+01  -7.2518403e+01
  -6.5203813e+00  -7.2048371e+01  -7.2483701e+01
  -6.4891303e+00  -7.2082343e+01  -7.2434271e+01
  -6.4578794e+00  -7.1975303e+01  -7.2391851e+01
  -6.4266284e+00  -7.2059079e+01  -7.2349075e+01
  -6.3953775e+00  -7.1925586e+01  -7.2303333e+01
  -6.3641265e+00  -7.1911095e+01  -7.2257222e+01
  -6.3328756e+00  -7.1896181e+01  -7.2217595e+01
  -6.3016246e+00  -7.1853960e+01  -7.2168091e+01
  -6.2703736e+00  -7.1800461e+01  -7.2140095e+01
  -6.2391227e+00  -7.1722177e+01  -7.2076090e+01
  -6.2078717e+00  -7.1623543e+01  -7.2032262e+01
  -6.1766208e+00  -7.1655574e+01  -7.1992452e+01
  -6.1453698e+00  -7.1580518e+01  -7.1954221e+01
  -6.1141189e+00  -7.1487754e+01  -7.1897090e+01
  -6.0828679e+00  -7.1569261e+01  -7.1852765e+01
  -6.0516170e+00  -7.1390438e+01  -7.1812598e+01
  -6.0203660e+00  -7.1480414e+01  -7.1772420e+01
  -5.9891151e+00  -7.1431196e+01  -7.1717386e+01
  -5.9578641e+00  -7.1331005e+01  -7.1665126e+01
  -5.9266132e+00  -7.1293745e+01  -7.1624248e+01
  -5.8953622e+00  -7.1257449e+01  -7.1564622e+01
  -5.8641113e+00  -7.1212762e+01  -7.1516646e+01
  -5.8328603e+00  -7.1174114e+01  -7.1476190e+01
  -5.8016093e+00  -7.1072079e+01  -7.1415993e+01
  -5.7703584e+00  -7.1035376e+01  -7.1388795e+01
  -5.7391074e+00  -7.0920823e+01  -7.1312077e+01
  -5.7078565e+00  -7.1045975e+01  -7.1265528e+01
  -5.6766055e+00  -7.0796880e+01  -7.1224405e+01
  -5.6453546e+00  -7.0836040e+01  -7.1189461e+01
  -5.6141036e+00  -7.0785331e+01  -7.1112457e+01
  -5.5828527e+00  -7.0781971e+01  -7.1061529e+01
  -5.5516017e+00  -7.0680818e+01  -7.1030544e+01
  -5.5203508e+00  -7.0647033e+01  -7.0972912e+01
  -5.4890998e+00  -7.0602774e+01  -7.0913213e+01
  -5.4578489e+00  -7.0552551e+01  -7.0850096e+01
  -5.4265979e+00  -7.0484596e+01  -7.0808354e+01
  -5.3953469e+00  -7.0465645e+01  -7.0735895e+01
  -5.3640960e+00  -7.0401055e+01  -7.0693037e+01
  -5.3328450e+00  -7.0330365e+01  -7.0647398e+01
  -5.3015941e+00  -7.0275075e+01  -7.0572468e+01
  -5.2703431e+00  -7.0228980e+01  -7.0537243e+01
  -5.2390922e+00  -7.0095909e+01  -7.0462039e+01
  -5.2078412e+00  -7.0030614e+01  -7.0410404e+01
  -5.1765903e+00  -6.9984290e+01  -7.0368884e+01
  -5.1453393e+00  -7.0070830e+01  -7.0328315e+01
  -5.1140884e+00  -6.9982051e+01  -7.0243535e+01
  -5.0828374e+00  -6.9879073e+01  -7.0166785e+01
  -5.0515865e+00  -6.9832298e+01  -7.0151944e+01
  -5.0203355e+00  -6.9742957e+01  -7.0063959e+01
  -4.9890845e+00  -6.9685140e+01  -6.9998720e+01
  -4.9578336e+00  -6.9566760e+01  -6.9930018e+01
  -4.9265826e+00  -6.9535118e+01  -6.9874023e+01
  -4.8953317e+00  -6.9442702e+01  -6.9800650e+01
  -4.8640807e+00  -6.9509927e+01  -6.9767752e+01
  -4.8328298e+00  -6.9431376e+01  -6.9705802e+01
  -4.8015788e+00  -6.9237398e+01  -6.9615359e+01
  -4.7703279e+00  -6.9186860e+01  -6.9562945e+01
  -4.7390769e+00  -6.9224088e+01  -6.9503742e+01
  -4.7078260e+00  -6.9156798e+01  -6.9441544e+01
  -4.6765750e+00  -6.9078622e+01  -6.9401638e+01
  -4.6453241e+00  -6.9008761e+01  -6.9335664e+01
  -4.6140731e+00  -6.8933563e+01  -6.9269190e+01
  -4.5828221e+00  -6.8840351e+01  -6.9142605e+01
  -4.5515712e+00  -6.8828425e+01  -6.9136234e+01
  -4.5203202e+00  -6.8637328e+01  -6.9017134e+01
  -4.4890693e+00  -6.8459615e+01  -6.8942145e+01
  -4.4578183e+00  -6.8597324e+01  -6.8876765e+01
  -4.4265674e+00  -6.8560864e+01  -6.8786354e+01
  -4.3953164e+00  -6.8475074e+01  -6.8731401e+01
  -4.3640655e+00  -6.8395874e+01  -6.8700155e+01
  -4.3328145e+00  -6.8322096e+01  -6.8610815e+01
  -4.3015636e+00  -6.8244208e+01  -6.8507146e+01
  -4.2703126e+00  -6.8176371e+01  -6.8436868e+01
  -4.2390617e+00  -6.8032236e+01  -6.8388642e+01
  -4.2078107e+00  -6.7972851e+01  -6.8306196e+01
  -4.1765598e+00  -6.7982939e+01  -6.8269848e+01
  -4.1453088e+00  -6.7879384e+01  -6.8158074e+01
  -4.1140578e+00  -6.7841685e+01  -6.8135215e+01
  -4.0828069e+00  -6.7692814e+01  -6.7947189e+01
  -4.0515559e+00  -6.7554337e+01  -6.7911746e+01
  -4.0203050e+00  -6.7526737e+01  -6.7787411e+01
  -3.9890540e+00  -6.7456336e+01  -6.7695514e+01
  -3.9578031e+00  -6.7355524e+01  -6.7636146e+01
  -3.9265521e+00  -6.7255141e+01  -6.7496584e+01
  -3.8953012e+00  -6.7220779e+01  -6.7473420e+01
  -3.8640502e+00  -6.7093463e+01  -6.7409630e+01
  -3.8327993e+00  -6.6899131e+01  -6.7298762e+01
  -3.8015483e+00  -6.6816989e+01  -6.7179194e+01
  -3.7702974e+00  -6.6834898e+01  -6.7105402e+01
  -3.7390464e+00  -6.6733801e+01  -6.7026839e+01
  -3.7077954e+00  -6.6671537e+01  -6.6908791e+01
  -3.6765445e+00  -6.6487614e+01  -6.6871118e+01
  -3.6452935e+00  -6.6496795e+01  -6.6709051e+01
  -3.6140426e+00  -6.6248116e+01  -6.6732173e+01
  -3.5827916e+00  -6.6176749e+01  -6.6500995e+01
  -3.5515407e+00  -6.6218056e+01  -6.6358889e+01
  -3.5202897e+00  -6.6138121e+01  -6.6288720e+01
  -3.4890388e+00  -6.5985147e+01  -6.6173633e+01
  -3.4577878e+00  -6.5717674e+01  -6.6102814e+01
  -3.4265369e+00  -6.5442005e+01  -6.5913164e+01
  -3.3952859e+00  -6.4920773e+01  -6.5909539e+01
  -3.3640350e+00  -6.4807898e+01  -6.5742243e+01
  -3.3327840e+00  -6.4374462e+01  -6.5644841e+01
  -3.3015330e+00  -6.3787822e+01  -6.5485107e+01
  -3.2702821e+00  -6.2768200e+01  -6.5442999e+01
  -3.2390311e+00  -6.1963923e+01  -6.5256730e+01
  -3.2077802e+00  -6.1751364e+01  -6.5073965e+01
  -3.1765292e+00  -6.0082616e+01  -6.5004629e+01
  -3.1452783e+00  -5.8861790e+01  -6.4808216e+01
  -3.1140273e+00  -5.7073582e+01  -6.4833300e+01
  -3.0827764e+00  -5.6541864e+01  -6.4610049e+01
  -3.0515254e+00  -5.5384073e+01  -6.4240106e+01
  -3.0202745e+00  -5.3686142e+01  -6.4300182e+01
  -2.9890235e+00  -5.2440066e+01  -6.4168089e+01
  -2.9577726e+00  -5.1602888e+01  -6.4035395e+01
  -2.9265216e+00  -5.1195075e+01  -6.3789596e+01
  -2.8952706e+00  -4.9565173e+01  -6.3744341e+01
  -2.8640197e+00  -4.8874344e+01  -6.3331261e+01
  -2.8327687e+00  -4.7459289e+01  -6.3216701e+01
  -2.8015178e+00  -4.7347636e+01  -6.2920578e+01
  -2.7702668e+00  -4.5817716e+01  -6.2993570e+01
  -2.7390159e+00  -4.4698380e+01  -6.2667149e+01
  -2.7077649e+00  -4.4270614e+01  -6.2344855e+01
  -2.6765140e+00  -4.3136529e+01  -6.2102363e+01
  -2.6452630e+00  -4.2085649e+01  -6.1813853e+01
  -2.6140121e+00  -4.0600546e+01  -6.1639420e+01
  -2.5827611e+00  -4.0480053e+01  -6.1406955e+01
  -2.5515102e+00  -3.9631690e+01  -6.0645156e+01
  -2.5202592e+00  -3.8877224e+01  -6.0669687e+01
  -2.4890083e+00  -3.8204354e+01  -6.0411197e+01
  -2.4577573e+00  -3.7548597e+01  -6.0121801e+01
  -2.4265063e+00  -3.7894622e+01  -5.9859938e+01
  -2.3952554e+00  -3.6313167e+01  -5.9696430e+01
  -2.3640044e+00  -3.5491861e+01  -5.8221988e+01
  -2.3327535e+00  -3.3515030e+01  -5.6236852e+01
  -2.3015025e+00  -3.4243212e+01  -5.4823649e+01
  -2.2702516e+00  -3.2515424e+01  -5.4030361e+01
  -2.2390006e+00  -3.2051855e+01  -5.4296914e+01
  -2.2077497e+00  -3.1330356e+01  -5.4965473e+01
  -2.1764987e+00  -3.0144752e+01  -5.3861453e+01
  -2.1452478e+00  -2.8924662e+01  -5.1122097e+01
  -2.1139968e+00  -2.7983495e+01  -4.7489493e+01
  -2.0827459e+00  -2.7955288e+01  -4.4038483e+01
  -2.0514949e+00  -2.7511318e+01  -4.2358628e+01
  -2.0202439e+00  -2.6318661e+01  -3.9710508e+01
  -1.9889930e+00  -2.5520134e+01  -3.6710005e+01
  -1.9577420e+00  -2.5215720e+01  -3.2992301e+01
  -1.9264911e+00  -2.4148953e+01  -2.9330440e+01
  -1.8952401e+00  -2.1629870e+01  -2.4386428e+01
  -1.8639892e+00  -1.9401196e+01  -2.0794635e+01
  -1.8327382e+00  -1.4047010e+01  -1.4042935e+01
  -1.8014873e+00  -3.4507853e+00  -2.7855087e+00
  -1.7702363e+00  -5.3723521e+00  -4.8467672e+00
  -1.7389854e+00  -2.6869367e+00  -2.5467600e+00
  -1.7077344e+00  -8.7822374e-01  -5.7026959e-01
  -1.6764835e+00  -2.8720497e+00  -2.6349874e+00
  -1.6452325e+00  -4.9465899e+00  -4.8904782e+00
  -1.6139815e+00  -3.1060730e+00  -3.0748161e+00
  -1.5827306e+00  -1.5642941e+00  -1.2368391e+00
  -1.5514796e+00  -2.4821172e+00  -2.5099440e+00
  -1.5202287e+00  -5.1550359e+00  -4.8438348e+00
  -1.4889777e+00  -2.8906505e+00  -2.9695490e+00
  -1.4577268e+00  -1.4038986e+00  -1.2565676e+00
  -1.4264758e+00  -2.4544232e+00  -2.4108485e+00
  -1.3952249e+00  -3.9949654e+00  -4.2655100e+00
  -1.3639739e+00  -2.6915409e+00  -2.7121883e+00
  -1.3327230e+00  -9.5052964e-01  -8.5108008e-01
  -1.3014720e+00  -2.5122717e+00  -2.5630563e+00
  -1.2702211e+00  -4.5983966e+00  -5.0038869e+00
  -1.2389701e+00  -3.1233216e+00  -3.0710915e+00
  -1.2077191e+00  -1.0327115e+00  -9.4646444e-01
  -1.1764682e+00  -3.0384050e+00  -3.0527353e+00
  -1.1452172e+00  -4.5212134e+00  -4.5368202e+00
  -1.1139663e+00  -2.5732003e+00  -2.5893065e+00
  -1.0827153e+00  -1.2888884e-01   0.0000000e+00
  -1.0514644e+00  -2.3991661e+00  -2.4220982e+00
  -1.0202134e+00  -4.4875314e+00  -4.6797052e+00
  -9.8896247e-01  -2.7103872e+00  -2.6313132e+00
  -9.5771152e-01  -1.3746745e+00  -1.2697286e+00
  -9.2646056e-01  -3.1314089e+00  -3.1927086e+00
  -8.9520961e-01  -4.0624939e+00  -4.3302653e+00
  -8.6395866e-01  -2.6561826e+00  -2.9161615e+00
  -8.3270770e-01  -2.2344805e+00  -2.0829674e+00
  -8.0145675e-01  -3.5718193e+00  -3.5280126e+00
  -7.7020580e-01  -4.9826608e+00  -5.0550617e+00
  -7.3895484e-01  -3.1184246e+00  -3.2105012e+00
  -7.0770389e-01  -1.0659181e+00  -9.6727765e-01
  -6.7645294e-01  -2.0480051e+00  -1.9905256e+00
  -6.4520198e-01  -4.2907283e+00  -4.3064412e+00
  -6.1395103e-01  -1.9839905e+00  -1.8751477e+00
  -5.8270007e-01  -2.2445851e+00  -2.5955755e+00
  -5.5144912e-01  -2.7882624e+00  -2.6803443e+00
  -5.2019817e-01  -5.0257050e+00  -5.1530460e+00
  -4.8894721e-01  -2.8574115e+00  -2.9138806e+00
  -4.5769626e-01  -1.4599714e+00  -1.4274884e+00
  -4.2644531e-01  -3.4414304e+00  -3.5385455e+00
  -3.9519435e-01  -4.0143622e+00  -4.3278767e+00
  -3.6394340e-01  -3.2013767e+00  -3.2459961e+00
  -3.3269244e-01  -5.6463472e-01  -4.5020859e-01
  -3.0144149e-01  -2.8887427e+00  -2.9375791e+00
  -2.7019054e-01  -4.0626650e+00  -4.2974783e+00
  -2.3893958e-01  -2.0757860e+00  -2.0295357e+00
  -2.0768863e-01  -1.0869828e+00  -1.1777812e+00
  -1.7643768e-01  -2.8466421e+00  -2.9113234e+00
  -1.4518672e-01  -4.1852368e+00  -4.5494166e+00
  -1.1393577e-01  -2.8441360e+00  -2.7820268e+00
  -8.2684815e-02  -1.8830575e+00  -1.9494482e+00
  -5.1433861e-02  -1.6702932e+01  -1.8367304e+01
  -2.0182908e-02  -1.6956971e+01  -1.9636590e+01
   1.1068046e-02  -1.5810058e+01  -1.9335424e+01
   4.2319000e-02  -1.2885315e+01  -1.4301703e+01
   7.3569954e-02  -3.0616163e+00  -2.8430065e+00
   1.0482091e-01  -4.9522466e+00  -5.2407107e+00
   1.3607186e-01  -2.7747742e+00  -2.6216394e+00
   1.6732281e-01  -1.9000647e+00  -1.7498614e+00
   1.9857377e-01  -3.0602101e+00  -3.1749231e+00
   2.2982472e-01  -4.8622045e+00  -4.7367402e+00
   2.6107568e-01  -2.0091737e+00  -1.9012704e+00
   2.9232663e-01  -1.2759181e+00  -1.2180452e+00
   3.2357758e-01  -2.5841483e+00  -2.4910236e+00
   3.5482854e-01  -4.6995496e+00  -4.8530367e+00
   3.8607949e-01  -2.9443204e+00  -3.1334355e+00
   4.1733044e-01  -5.1903286e-01  -5.6286728e-01
   4.4858140e-01  -2.6725837e+00  -2.6084125e+00
   4.7983235e-01  -4.7612489e+00  -5.0102854e+00
   5.1108331e-01  -2.5749404e+00  -2.6065041e+00
   5.4233426e-01  -1.0749921e+00  -1.0288204e+00
   5.7358521e-01  -2.2120794e+00  -2.2499378e+00
   6.0483617e-01  -5.3004390e+00  -5.4456287e+00
   6.3608712e-01  -2.6736582e+00  -2.6080698e+00
   6.6733807e-01  -7.2069703e-01  -6.7249318e-01
   6.9858903e-01  -2.2467505e+00  -2.2314650e+00
   7.2983998e-01  -4.4186045e+00  -4.7738392e+00
   7.6109093e-01  -2.4900332e+00  -2.7034505e+00
   7.9234189e-01  -5.4581303e-01  -5.9525877e-01
   8.2359284e-01  -2.2917441e+00  -2.3770675e+00
   8.5484380e-01  -4.3086640e+00  -4.3179210e+00
   8.8609475e-01  -2.8007125e+00  -2.7436770e+00
   9.1734570e-01  -2.6485344e+00  -2.6649126e+00
   9.4859666e-01  -2.3882474e+00  -2.4266717e+00
   9.7984761e-01  -4.6960299e+00  -4.9391772e+00
   1.0110986e+00  -2.8118195e+00  -2.9330694e+00
   1.0423495e+00  -1.4187779e+00  -1.5287992e+00
   1.0736005e+00  -2.1069748e+00  -1.8972989e+00
   1.1048514e+00  -4.3631799e+00  -4.6963854e+00
   1.1361024e+00  -2.6350440e+00  -2.8665680e+00
   1.1673533e+00   0.0000000e+00  -1.6582937e-01
   1.1986043e+00  -2.9342215e+00  -3.0677942e+00
   1.2298552e+00  -5.4726576e+00  -5.8642303e+00
   1.2611062e+00  -2.1082827e+00  -2.2575153e+00
   1.2923571e+00  -1.5781146e+00  -1.4456387e+00
   1.3236081e+00  -2.8422054e+00  -2.8210716e+00
   1.3548591e+00  -4.7047049e+00  -4.9460741e+00
   1.3861100e+00  -2.3971944e+00  -2.0983645e+00
   1.4173610e+00  -1.6530095e+00  -1.6244092e+00
   1.4486119e+00  -2.8164151e+00  -2.7557992e+00
   1.4798629e+00  -4.2533490e+00  -4.2203920e+00
   1.5111138e+00  -2.7167114e+00  -2.9938221e+00
   1.5423648e+00  -1.1297926e+00  -9.6172933e-01
   1.5736157e+00  -2.9639707e+00  -3.1626769e+00
   1.6048667e+00  -5.1321019e+00  -4.8008016e+00
   1.6361176e+00  -2.4899384e+00  -2.1421137e+00
   1.6673686e+00  -2.0239578e+00  -1.6967631e+00
   1.6986195e+00  -2.8864131e+00  -2.8634321e+00
   1.7298705e+00  -5.2720311e+00  -5.0275625e+00
   1.7611215e+00  -3.1371302e+00  -2.8457029e+00
   1.7923724e+00  -2.0185593e+00  -1.4279121e+00
   1.8236234e+00  -1.7496363e+01  -1.8867740e+01
   1.8548743e+00  -1.9765912e+01  -2.2148272e+01
   1.8861253e+00  -2.1483941e+01  -2.4216740e+01
   1.9173762e+00  -2.2446245e+01  -2.6477216e+01
   1.9486272e+00  -2.3313327e+01  -2.8779541e+01
   1.9798781e+00  -2.4014182e+01  -3.0551999e+01
   2.0111291e+00  -2.5407673e+01  -3.3797150e+01
   2.0423800e+00  -2.6311172e+01  -3.6881911e+01
   2.0736310e+00  -2.7280784e+01  -4.0379224e+01
   2.1048819e+00  -2.7286642e+01  -4.4293555e+01
   2.1361329e+00  -2.9112867e+01  -5.0489785e+01
   2.1673839e+00  -3.0043632e+01  -5.4256988e+01
   2.1986348e+00  -3.1281718e+01  -5.3733874e+01
   2.2298858e+00  -3.1835720e+01  -5.4123325e+01
   2.2611367e+00  -3.2049156e+01  -5.4859852e+01
   2.2923877e+00  -3.3289460e+01  -5.5953831e+01
   2.3236386e+00  -3.4022684e+01  -5.7968466e+01
   2.3548896e+00  -3.4772093e+01  -5.9198919e+01
   2.3861405e+00  -3.4984887e+01  -5.9280801e+01
   2.4173915e+00  -3.6419163e+01  -5.9910364e+01
   2.4486424e+00  -3.6916052e+01  -6.0250862e+01
   2.4798934e+00  -3.7784472e+01  -6.0818645e+01
   2.5111443e+00  -3.8539396e+01  -6.1074057e+01
   2.5423953e+00  -3.9383263e+01  -6.0883316e+01
   2.5736462e+00  -4.1202298e+01  -6.1037486e+01
   2.6048972e+00  -4.1194976e+01  -6.0970657e+01
   2.6361482e+00  -4.2319704e+01  -6.2075151e+01
   2.6673991e+00  -4.2375988e+01  -6.2652737e+01
   2.6986501e+00  -4.4446501e+01  -6.2507089e+01
   2.7299010e+00  -4.4631481e+01  -6.2962334e+01
   2.7611520e+00  -4.5593159e+01  -6.2998872e+01
   2.7924029e+00  -4.6738945e+01  -6.3132750e+01
   2.8236539e+00  -4.7316200e+01  -6.3451863e+01
   2.8549048e+00  -4.8038021e+01  -6.3631309e+01
   2.8861558e+00  -4.8574674e+01  -6.3705297e+01
   2.9174067e+00  -5.0372233e+01  -6.4132922e+01
   2.9486577e+00  -5.1400336e+01  -6.4244927e+01
   2.9799086e+00  -5.2591337e+01  -6.4380548e+01
   3.0111596e+00  -5.4001833e+01  -6.4586948e+01
   3.0424106e+00  -5.5172984e+01  -6.4628403e+01
   3.0736615e+00  -5.7761141e+01  -6.4834162e+01
   3.1049125e+00  -5.7760570e+01  -6.4696989e+01
   3.1361634e+00  -5.8856493e+01  -6.5005866e+01
   3.1674144e+00  -5.9368890e+01  -6.5262151e+01
   3.1986653e+00  -6.1161023e+01  -6.5255723e+01
   3.2299163e+00  -6.1581239e+01  -6.5465556e+01
   3.2611672e+00  -6.3224111e+01  -6.5547473e+01
   3.2924182e+00  -6.3722216e+01  -6.5695312e+01
   3.3236691e+00  -6.3963161e+01  -6.5775874e+01
   3.3549201e+00  -6.4472780e+01  -6.5845485e+01
   3.3861710e+00  -6.5068610e+01  -6.5962886e+01
   3.4174220e+00  -6.5992955e+01  -6.6176947e+01
   3.4486730e+00  -6.6004128e+01  -6.6308776e+01
   3.4799239e+00  -6.6107921e+01  -6.6402159e+01
   3.5111749e+00  -6.6246676e+01  -6.6571160e+01
   3.5424258e+00  -6.6372165e+01  -6.6591149e+01
   3.5736768e+00  -6.6537993e+01  -6.6747602e+01
   3.6049277e+00  -6.6493228e+01  -6.6699108e+01
   3.6361787e+00  -6.6582905e+01  -6.6869542e+01
   3.6674296e+00  -6.6785213e+01  -6.6970945e+01
   3.6986806e+00  -6.6864327e+01  -6.7049229e+01
   3.7299315e+00  -6.6909587e+01  -6.7159847e+01
   3.7611825e+00  -6.6999886e+01  -6.7251769e+01
   3.7924334e+00  -6.7013379e+01  -6.7342085e+01
   3.8236844e+00  -6.7331204e+01  -6.7412916e+01
   3.8549354e+00  -6.7282710e+01  -6.7484227e+01
   3.8861863e+00  -6.7395600e+01  -6.7588317e+01
   3.9174373e+00  -6.7430302e+01  -6.7690432e+01
   3.9486882e+00  -6.7562372e+01  -6.7818262e+01
   3.9799392e+00  -6.7645021e+01  -6.7908518e+01
   4.0111901e+00  -6.7750338e+01  -6.8051394e+01
   4.0424411e+00  -6.7720896e+01  -6.8061075e+01
   4.0736920e+00  -6.7911045e+01  -6.8159989e+01
   4.1049430e+00  -6.7891310e+01  -6.8164021e+01
   4.1361939e+00  -6.7993813e+01  -6.8297610e+01
   4.1674449e+00  -6.7968928e+01  -6.8326838e+01
   4.1986958e+00  -6.8126697e+01  -6.8437443e+01
   4.2299468e+00  -6.8245010e+01  -6.8500631e+01
   4.2611977e+00  -6.8359742e+01  -6.8594885e+01
   4.2924487e+00  -6.8409098e+01  -6.8640751e+01
   4.3236997e+00  -6.8492136e+01  -6.8722167e+01
   4.3549506e+00  -6.8562269e+01  -6.8800522e+01
   4.3862016e+00  -6.8616051e+01  -6.8879165e+01
   4.4174525e+00  -6.8629022e+01  -6.8939937e+01
   4.4487035e+00  -6.8737410e+01  -6.9041071e+01
   4.4799544e+00  -6.8768089e+01  -6.9125285e+01
   4.5112054e+00  -6.8842114e+01  -6.9235277e+01
   4.5424563e+00  -6.9003334e+01  -6.9262015e+01
   4.5737073e+00  -6.9011916e+01  -6.9322062e+01
   4.6049582e+00  -6.9159028e+01  -6.9351985e+01
   4.6362092e+00  -6.9174769e+01  -6.9462933e+01
   4.6674601e+00  -6.9241720e+01  -6.9478046e+01
   4.6987111e+00  -6.9321892e+01  -6.9582615e+01
   4.7299621e+00  -6.9367064e+01  -6.9624028e+01
   4.7612130e+00  -6.9465721e+01  -6.9713161e+01
   4.7924640e+00  -6.9492008e+01  -6.9747651e+01
   4.8237149e+00  -6.9625429e+01  -6.9822492e+01
   4.8549659e+00  -6.9477204e+01  -6.9894732e+01
   4.8862168e+00  -6.9616894e+01  -6.9955135e+01
   4.9174678e+00  -6.9632630e+01  -7.0010206e+01
   4.9487187e+00  -6.9738184e+01  -7.0080883e+01
   4.9799697e+00  -6.9870109e+01  -7.0154572e+01
   5.0112206e+00  -6.9909217e+01  -7.0231619e+01
   5.0424716e+00  -6.9975973e+01  -7.0279549e+01
   5.0737225e+00  -7.0032940e+01  -7.0322304e+01
   5.1049735e+00  -7.0095149e+01  -7.0360363e+01
   5.1362245e+00  -7.0112747e+01  -7.0450247e+01
   5.1674754e+00  -7.0180322e+01  -7.0476301e+01
   5.1987264e+00  -7.0209628e+01  -7.0558970e+01
   5.2299773e+00  -7.0307905e+01  -7.0594712e+01
   5.2612283e+00  -7.0370444e+01  -7.0670364e+01
   5.2924792e+00  -7.0414030e+01  -7.0713052e+01
   5.3237302e+00  -7.0484377e+01  -7.0770161e+01
   5.3549811e+00  -7.0521009e+01  -7.0827873e+01
   5.3862321e+00  -7.0590464e+01  -7.0878834e+01
   5.4174830e+00  -7.0658354e+01  -7.0938519e+01
   5.4487340e+00  -7.0685510e+01  -7.0988332e+01
   5.4799849e+00  -7.0739627e+01  -7.1050244e+01
   5.5112359e+00  -7.0761799e+01  -7.1104070e+01
   5.5424869e+00  -7.0816646e+01  -7.1160675e+01
   5.5737378e+00  -7.0830586e+01  -7.1200839e+01
   5.6049888e+00  -7.0923888e+01  -7.1237504e+01
   5.6362397e+00  -7.0848058e+01  -7.1309394e+01
   5.6674907e+00  -7.0919236e+01  -7.1347027e+01
   5.6987416e+00  -7.0983370e+01  -7.1409022e+01
   5.7299926e+00  -7.1157052e+01  -7.1447146e+01
   5.7612435e+00  -7.1116688e+01  -7.1505488e+01
   5.7924945e+00  -7.1251464e+01  -7.1556921e+01
   5.8237454e+00  -7.1336146e+01  -7.1598433e+01
   5.8549964e+00  -7.1339152e+01  -7.1643110e+01
   5.8862473e+00  -7.1389518e+01  -7.1688851e+01
   5.9174983e+00  -7.1431874e+01  -7.1749746e+01
   5.9487492e+00  -7.1465183e+01  -7.1790856e+01
   5.9800002e+00  -7.1478441e+01  -7.1842182e+01
   6.0112512e+00  -7.1555737e+01  -7.1885126e+01
   6.0425021e+00  -7.1603945e+01  -7.1937048e+01
   6.0737531e+00  -7.1669277e+01  -7.1979596e+01
   6.1050040e+00  -7.1667479e+01  -7.2012496e+01
   6.1362550e+00  -7.1668173e+01  -7.2070884e+01
   6.1675059e+00  -7.1823372e+01  -7.2112059e+01
   6.1987569e+00  -7.1844302e+01  -7.2160836e+01
   6.2300078e+00  -7.1871233e+01  -7.2202026e+01
   6.2612588e+00  -7.1940866e+01  -7.2246087e+01
   6.2925097e+00  -7.1970699e+01  -7.2297457e+01
   6.3237607e+00  -7.2004917e+01  -7.2331606e+01
   6.3550116e+00  -7.2050557e+01  -7.2369636e+01
   6.3862626e+00  -7.2089173e+01  -7.2411185e+01
   6.4175136e+00  -7.2218031e+01  -7.2466643e+01
   6.4487645e+00  -7.2140976e+01  -7.2506176e+01
   6.4800155e+00  -7.2153915e+01  -7.2549244e+01
   6.5112664e+00  -7.2228000e+01  -7.2589158e+01
   6.5425174e+00  -7.2168306e+01  -7.2631450e+01
   6.5737683e+00  -7.2251792e+01  -7.2674521e+01
   6.6050193e+00  -7.2311552e+01  -7.2705236e+01
   6.6362702e+00  -7.2434148e+01  -7.2753950e+01
   6.6675212e+00  -7.2443349e+01  -7.2792837e+01
   6.6987721e+00  -7.2507156e+01  -7.2834411e+01
   6.7300231e+00  -7.2551081e+01  -7.2875376e+01
   6.7612740e+00  -7.2616389e+01  -7.2911750e+01
   6.7925250e+00  -7.2612316e+01  -7.2956259e+01
   6.8237760e+00  -7.2652727e+01  -7.2989105e+01
   6.8550269e+00  -7.2715940e+01  -7.3025206e+01
   6.8862779e+00  -7.2603606e+01  -7.3063039e+01
   6.9175288e+00  -7.2738633e+01  -7.3109495e+01
   6.9487798e+00  -7.2813964e+01  -7.3148530e+01
   6.9800307e+00  -7.2823618e+01  -7.3185856e+01
   7.0112817e+00  -7.2926426e+01  -7.3224523e+01
   7.0425326e+00  -7.2867545e+01  -7.3259626e+01
   7.0737836e+00  -7.2939317e+01  -7.3299718e+01
   7.1050345e+00  -7.2996256e+01  -7.3330116e+01
   7.1362855e+00  -7.3041217e+01  -7.3371689e+01
   7.1675364e+00  -7.3080019e+01  -7.3406940e+01
   7.1987874e+00  -7.3114289e+01  -7.3444121e+01
   7.2300384e+00  -7.3146013e+01  -7.3481764e+01
   7.2612893e+00  -7.3186801e+01  -7.3515520e+01
   7.2925403e+00  -7.3227496e+01  -7.3552459e+01
   7.3237912e+00  -7.3262350e+01  -7.3585397e+01
   7.3550422e+00  -7.3291868e+01  -7.3620443e+01
   7.3862931e+00  -7.3323700e+01  -7.3655221e+01
   7.4175441e+00  -7.3363107e+01  -7.3693352e+01
   7.4487950e+00  -7.3400399e+01  -7.3730188e+01
   7.4800460e+00  -7.3428515e+01  -7.3763807e+01
   7.5112969e+00  -7.3466011e+01  -7.3799952e+01
   7.5425479e+00  -7.3501284e+01  -7.3831856e+01
   7.5737988e+00  -7.3534817e+01  -7.3867328e+01
   7.6050498e+00  -7.3568001e+01  -7.3897742e+01
   7.6363007e+00  -7.3601512e+01  -7.3933881e+01
   7.6675517e+00  -7.3635401e+01  -7.3966233e+01
   7.6988027e+00  -7.3667737e+01  -7.4000017e+01
   7.7300536e+00  -7.3700933e+01  -7.4033462e+01
   7.7613046e+00  -7.3735813e+01  -7.4066050e+01
   7.7925555e+00  -7.3768656e+01  -7.4098097e+01
   7.8238065e+00  -7.3798289e+01  -7.4130009e+01
   7.8550574e+00  -7.3829268e+01  -7.4162941e+01
   7.8863084e+00  -7.3860092e+01  -7.4195085e+01
   7.9175593e+00  -7.3894580e+01  -7.4227641e+01
   7.9488103e+00  -7.3927221e+01  -7.4260980e+01
   7.9800612e+00  -7.3957177e+01  -7.4292070e+01
   8.0113122e+00  -7.3989058e+01  -7.4324677e+01
   8.0425631e+00  -7.4020246e+01  -7.4355164e+01
   8.0738141e+00  -7.4052223e+01  -7.4386533e+01
   8.1050651e+00  -7.4081296e+01  -7.4416145e+01
   8.1363160e+00  -7.4112856e+01  -7.4448162e+01
   8.1675670e+00  -7.4144097e+01  -7.4478276e+01
   8.1988179e+00  -7.4173877e+01  -7.4509153e+01
   8.2300689e+00  -7.4205354e+01  -7.4539162e+01
   8.2613198e+00  -7.4237643e+01  -7.4569886e+01
   8.2925708e+00  -7.4263444e+01  -7.4599339e+01
   8.3238217e+00  -7.4292480e+01  -7.4629157e+01
   8.3550727e+00  -7.4320329e+01  -7.4659265e+01
   8.3863236e+00  -7.4350703e+01  -7.4688877e+01
   8.4175746e+00  -7.4382581e+01  -7.4718203e+01
   8.4488255e+00  -7.4410738e+01  -7.4748067e+01
   8.4800765e+00  -7.4439954e+01  -7.4777031e+01
   8.5113275e+00  -7.4468996e+01  -7.4806320e+01
   8.5425784e+00  -7.4495905e+01  -7.4835181e+01
   8.5738294e+00  -7.4525948e+01  -7.4863650e+01
   8.6050803e+00  -7.4554610e+01  -7.4891633e+01
   8.6363313e+00  -7.4580922e+01  -7.4920513e+01
   8.6675822e+00  -7.4608591e+01  -7.4948560e+01
   8.6988332e+00  -7.4638830e+01  -7.4976884e+01
   8.7300841e+00  -7.4663607e+01  -7.5004436e+01
   8.7613351e+00  -7.4700100e+01  -7.5032639e+01
   8.7925860e+00  -7.4722701e+01  -7.5060210e+01
   8.8238370e+00  -7.4751728e+01  -7.5087703e+01
   8.8550879e+00  -7.4769965e+01  -7.5115154e+01
   8.8863389e+00  -7.4801944e+01  -7.5142363e+01
   8.9175899e+00  -7.4813890e+01  -7.5169490e+01
   8.9488408e+00  -7.4832054e+01  -7.5196563e+01
   8.9800918e+00  -7.4869816e+01  -7.5223441e+01
   9.0113427e+00  -7.4943295e+01  -7.5250142e+01
   9.0425937e+00  -7.4875637e+01  -7.5276874e+01
   9.0738446e+00  -7.5011915e+01  -7.5303202e+01
   9.1050956e+00  -7.4982738e+01  -7.5329261e+01
   9.1363465e+00  -7.4987807e+01  -7.5355642e+01
   9.1675975e+00  -7.5050065e+01  -7.5381652e+01
   9.1988484e+00  -7.5117460e+01  -7.5407690e+01
   9.2300994e+00  -7.5110996e+01  -7.5433286e+01
   9.2613503e+00  -7.5136640e+01  -7.5459056e+01
   9.2926013e+00  -7.5139922e+01  -7.5484676e+01
   9.3238522e+00  -7.5170504e+01  -7.5510050e+01
   9.3551032e+00  -7.5176067e+01  -7.5535297e+01
   9.3863542e+00  -7.5206197e+01  -7.5560384e+01
   9.4176051e+00  -7.5250184e+01  -7.5585518e+01
   9.4488561e+00  -7.5235167e+01  -7.5610401e+01
   9.4801070e+00  -7.5256541e+01  -7.5635239e+01
   9.5113580e+00  -7.5331049e+01  -7.5659878e+01
   9.5426089e+00  -7.5296424e+01  -7.5684467e+01
   9.5738599e+00  -7.5288962e+01  -7.5708893e+01
   9.6051108e+00  -7.5378203e+01  -7.5733090e+01
   9.6363618e+00  -7.5383184e+01  -7.5757354e+01
   9.6676127e+00  -7.5424147e+01  -7.5781427e+01
   9.6988637e+00  -7.5458896e+01  -7.5805416e+01
   9.7301146e+00  -7.5499882e+01  -7.5829201e+01
   9.7613656e+00  -7.5509710e+01  -7.5852925e+01
   9.7926166e+00  -7.5506696e+01  -7.5876582e+01
   9.8238675e+00  -7.5549719e+01  -7.5900062e+01
   9.8551185e+00  -7.5537927e+01  -7.5923418e+01
   9.8863694e+00  -7.5635314e+01  -7.5946649e+01
   9.9176204e+00  -7.5561814e+01  -7.5969859e+01
   9.9488713e+00  -7.5745237e+01  -7.5992879e+01
   9.9801223e+00  -7.5665564e+01  -7.6015826e+01
   1.0011373e+01  -7.5604980e+01  -7.6038642e+01
   1.0042624e+01  -7.5669775e+01  -7.6061343e+01
   1.0073875e+01  -7.5723734e+01  -7.6083957e+01
   1.0105126e+01  -7.5715805e+01  -7.6106418e+01
   1.0136377e+01  -7.5794949e+01  -7.6128820e+01
   1.0167628e+01  -7.5796632e+01  -7.6151099e+01
   1.0198879e+01  -7.5825157e+01  -7.6173269e+01
   1.0230130e+01  -7.5861391e+01  -7.6195324e+01
   1.0261381e+01  -7.5877208e+01  -7.6217278e+01
   1.0292632e+01  -7.5948368e+01  -7.6239137e+01
   1.0323883e+01  -7.5832452e+01  -7.6260883e+01
   1.0355134e+01  -7.5868665e+01  -7.6282520e+01
   1.0386385e+01  -7.5864402e+01  -7.6304055e+01
   1.0417636e+01  -7.5936038e+01  -7.6325503e+01
   1.0448887e+01  -7.5952047e+01  -7.6346832e+01
   1.0480138e+01  -7.6004720e+01  -7.6368066e+01
   1.0511388e+01  -7.6078230e+01  -7.6389198e+01
   1.0542639e+01  -7.6067324e+01  -7.6410224e+01
   1.0573890e+01  -7.6077365e+01  -7.6431156e+01
   1.0605141e+01  -7.6104472e+01  -7.6451983e+01
   1.0636392e+01  -7.6129542e+01  -7.6472715e+01
   1.0667643e+01  -7.6143324e+01  -7.6493347e+01
   1.0698894e+01  -7.6170718e+01  -7.6513879e+01
   1.0730145e+01  -7.6190863e+01  -7.6534315e+01
   1.0761396e+01  -7.6167809e+01  -7.6554653e+01
   1.0792647e+01  -7.6103830e+01  -7.6574895e+01
   1.0823898e+01  -7.6091168e+01  -7.6595040e+01
   1.0855149e+01  -7.6303752e+01  -7.6615089e+01
   1.0886400e+01  -7.6238120e+01  -7.6635043e+01
   1.0917651e+01  -7.6263009e+01  -7.6654902e+01
   1.0948902e+01  -7.6288011e+01  -7.6674667e+01
   1.0980153e+01  -7.6336870e+01  -7.6694338e+01
   1.1011404e+01  -7.6375345e+01  -7.6713915e+01
   1.1042655e+01  -7.6382046e+01  -7.6733399e+01
   1.1073906e+01  -7.6404605e+01  -7.6752791e+01
   1.1105157e+01  -7.6418092e+01  -7.6772090e+01
   1.1136408e+01  -7.6417770e+01  -7.6791297e+01
   1.1167659e+01  -7.6380145e+01  -7.6810413e+01
   1.1198909e+01  -7.6515143e+01  -7.6829439e+01
   1.1230160e+01  -7.6470792e+01  -7.6848374e+01
   1.1261411e+01  -7.6520505e+01  -7.6867219e+01
   1.1292662e+01  -7.6507970e+01  -7.6885974e+01
   1.1323913e+01  -7.6505940e+01  -7.6904640e+01
   1.1355164e+01  -7.6545400e+01  -7.6923217e+01
   1.1386415e+01  -7.6546787e+01  -7.6941706e+01
   1.1417666e+01  -7.6590838e+01  -7.6960106e+01
   1.1448917e+01  -7.6631082e+01  -7.6978420e+01
   1.1480168e+01  -7.6645921e+01  -7.6996646e+01
   1.1511419e+01  -7.6651230e+01  -7.7014785e+01
   1.1542670e+01  -7.6694431e+01  -7.7032837e+01
   1.1573921e+01  -7.6724725e+01  -7.7050804e+01
   1.1605172e+01  -7.6713454e+01  -7.7068685e+01
   1.1636423e+01  -7.6778747e+01  -7.7086480e+01
   1.1667674e+01  -7.6756962e+01  -7.7104191e+01
   1.1698925e+01  -7.6808852e+01  -7.7121817e+01
   1.1730176e+01  -7.6703056e+01  -7.7139359e+01
   1.1761427e+01  -7.6790588e+01  -7.7156817e+01
   1.1792678e+01  -7.6779816e+01  -7.7174192e+01
   1.1823929e+01  -7.6829959e+01  -7.7191483e+01
   1.1855179e+01  -7.6832312e+01  -7.7208691e+01
   1.1886430e+01  -7.6887013e+01  -7.7225818e+01
   1.1917681e+01  -7.6899342e+01  -7.7242862e+01
   1.1948932e+01  -7.6910626e+01  -7.7259824e+01
   1.1980183e+01  -7.6911351e+01  -7.7276705e+01
   1.2011434e+01  -7.6952543e+01  -7.7293505e+01
   1.2042685e+01  -7.6951676e+01  -7.7310224e+01
   1.2073936e+01  -7.6960382e+01  -7.7326863e+01
   1.2105187e+01  -7.6949649e+01  -7.7343421e+01
   1.2136438e+01  -7.6900347e+01  -7.7359900e+01
   1.2167689e+01  -7.6961351e+01  -7.7376299e+01
   1.2198940e+01  -7.7062469e+01  -7.7392619e+01
   1.2230191e+01  -7.7079138e+01  -7.7408861e+01
   1.2261442e+01  -7.7099573e+01  -7.7425023e+01
   1.2292693e+01  -7.7138118e+01  -7.7441109e+01
   1.2323944e+01  -7.7137112e+01  -7.7457116e+01
   1.2355195e+01  -7.7121193e+01  -7.7473044e+01
   1.2386446e+01  -7.7133191e+01  -7.7488896e+01
   1.2417697e+01  -7.7148078e+01  -7.7504672e+01
   1.2448948e+01  -7.7121209e+01  -7.7520370e+01
   1.2480199e+01  -7.7210317e+01  -7.7535991e+01
   1.2511450e+01  -7.7205778e+01  -7.7551537e+01
   1.2542700e+01  -7.7221838e+01  -7.7567007e+01
   1.2573951e+01  -7.7230886e+01  -7.7582402e+01
   1.2605202e+01  -7.7234385e+01  -7.7597721e+01
   1.2636453e+01  -7.7256173e+01  -7.7612965e+01
   1.2667704e+01  -7.7269979e+01  -7.7628134e+01
   1.2698955e+01  -7.7292168e+01  -7.7643229e+01
   1.2730206e+01  -7.7309471e+01  -7.7658250e+01
   1.2761457e+01  -7.7322367e+01  -7.7673197e+01
   1.2792708e+01  -7.7336531e+01  -7.7688071e+01
   1.2823959e+01  -7.7351975e+01  -7.7702871e+01
   1.2855210e+01  -7.7365718e+01  -7.7717598e+01
   1.2886461e+01  -7.7379748e+01  -7.7732252e+01
   1.2917712e+01  -7.7394538e+01  -7.7746833e+01
   1.2948963e+01  -7.7409222e+01  -7.7761343e+01
   1.2980214e+01  -7.7425259e+01  -7.7775780e+01
   1.3011465e+01  -7.7440389e+01  -7.7790145e+01
   1.3042716e+01  -7.7454283e+01  -7.7804439e+01
   1.3073967e+01  -7.7466430e+01  -7.7818661e+01
   1.3105218e+01  -7.7478378e+01  -7.7832813e+01
   1.3136469e+01  -7.7493783e+01  -7.7846894e+01
   1.3167720e+01  -7.7507239e+01  -7.7860904e+01
   1.3198971e+01  -7.7522567e+01  -7.7874843e+01
   1.3230221e+01  -7.7536460e+01  -7.7888713e+01
   1.3261472e+01  -7.7549992e+01  -7.7902514e+01
   1.3292723e+01  -7.7564361e+01  -7.7916243e+01
   1.3323974e+01  -7.7578472e+01  -7.7929904e+01
   1.3355225e+01  -7.7591227e+01  -7.7943495e+01
   1.3386476e+01  -7.7603169e+01  -7.7957019e+01
   1.3417727e+01  -7.7615266e+01  -7.7970472e+01
   1.3448978e+01  -7.7633578e+01  -7.7983857e+01
   1.3480229e+01  -7.7643686e+01  -7.7997176e+01
   1.3511480e+01  -7.7656217e+01  -7.8010424e+01
   1.3542731e+01  -7.7671541e+01  -7.8023606e+01
   1.3573982e+01  -7.7681649e+01  -7.8036719e+01
   1.3605233e+01  -7.7696581e+01  -7.8049765e+01
   1.3636484e+01  -7.7709221e+01  -7.8062744e+01
   1.3667735e+01  -7.7722336e+01  -7.8075656e+01
   1.3698986e+01  -7.7735308e+01  -7.8088501e+01
   1.3730237e+01  -7.7747459e+01  -7.8101281e+01
   1.3761488e+01  -7.7762914e+01  -7.8113993e+01
   1.3792739e+01  -7.7774326e+01  -7.8126639e+01
   1.3823990e+01  -7.7783882e+01  -7.8139219e+01
   1.3855241e+01  -7.7796085e+01  -7.8151734e+01
   1.3886491e+01  -7.7805100e+01  -7.8164183e+01
   1.3917742e+01  -7.7823252e+01  -7.8176567e+01
   1.3948993e+01  -7.7836374e+01  -7.8188885e+01
   1.3980244e+01  -7.7845398e+01  -7.8201139e+01
   1.4011495e+01  -7.7855471e+01  -7.8213328e+01
   1.4042746e+01  -7.7872776e+01  -7.8225452e+01
   1.4073997e+01  -7.7879574e+01  -7.8237512e+01
   1.4105248e+01  -7.7895482e+01  -7.8249507e+01
   1.4136499e+01  -7.7908014e+01  -7.8261439e+01
   1.4167750e+01  -7.7924637e+01  -7.8273307e+01
   1.4199001e+01  -7.7914512e+01  -7.8285111e+01
   1.4230252e+01  -7.7914877e+01  -7.8296851e+01
   1.4261503e+01  -7.7923188e+01  -7.8308529e+01
   1.4292754e+01  -7.7893068e+01  -7.8320143e+01
   1.4324005e+01  -7.7989777e+01  -7.8331694e+01
   1.4355256e+01  -7.7951611e+01  -7.8343182e+01
   1.4386507e+01  -7.7975039e+01  -7.8354609e+01
   1.4417758e+01  -7.8012720e+01  -7.8365973e+01
   1.4449009e+01  -7.7981538e+01  -7.8377273e+01
   1.4480260e+01  -7.8053089e+01  -7.8388512e+01
   1.4511511e+01  -7.8049221e+01  -7.8399690e+01
   1.4542762e+01  -7.8055230e+01  -7.8410806e+01
   1.4574012e+01  -7.8065565e+01  -7.8421859e+01
   1.4605263e+01  -7.8049116e+01  -7.8432852e+01
   1.4636514e+01  -7.8089115e+01  -7.8443784e+01
   1.4667765e+01  -7.8069207e+01  -7.8454654e+01
   1.4699016e+01  -7.8107080e+01  -7.8465464e+01
   1.4730267e+01  -7.8129718e+01  -7.8476210e+01
   1.4761518e+01  -7.8104788e+01  -7.8486900e+01
   1.4792769e+01  -7.8090685e+01  -7.8497527e+01
   1.4824020e+01  -7.8187863e+01  -7.8508094e+01
   1.4855271e+01  -7.8161583e+01  -7.8518599e+01
   1.4886522e+01  -7.8237898e+01  -7.8529049e+01
   1.4917773e+01  -7.8167722e+01  -7.8539436e+01
   1.4949024e+01  -7.8206053e+01  -7.8549761e+01
   1.4980275e+01  -7.8204272e+01  -7.8560029e+01
   1.5011526e+01  -7.8212087e+01  -7.8570239e+01
   1.5042777e+01  -7.8192627e+01  -7.8580388e+01
   1.5074028e+01  -7.8239498e+01  -7.8590477e+01
   1.5105279e+01  -7.8259314e+01  -7.8600510e+01
   1.5136530e+01  -7.8221809e+01  -7.8610482e+01
   1.5167781e+01  -7.8184371e+01  -7.8620395e+01
   1.5199032e+01  -7.8235062e+01  -7.8630251e+01
   1.5230282e+01  -7.8311693e+01  -7.8640046e+01
   1.5261533e+01  -7.8205736e+01  -7.8649786e+01
   1.5292784e+01  -7.8322753e+01  -7.8659466e+01
   1.5324035e+01  -7.8239744e+01  -7.8669088e+01
   1.5355286e+01  -7.8306110e+01  -7.8678651e+01
   1.5386537e+01  -7.8317811e+01  -7.8688159e+01
   1.5417788e+01  -7.8339891e+01  -7.8697609e+01
   1.5449039e+01  -7.8356341e+01  -7.8706999e+01
   1.5480290e+01  -7.8347052e+01  -7.8716334e+01
   1.5511541e+01  -7.8435289e+01  -7.8725611e+01
   1.5542792e+01  -7.8395609e+01  -7.8734832e+01
   1.5574043e+01  -7.8351034e+01  -7.8743994e+01
   1.5605294e+01  -7.8373898e+01  -7.8753101e+01
   1.5636545e+01  -7.8436266e+01  -7.8762150e+01
   1.5667796e+01  -7.8484778e+01  -7.8771143e+01
   1.5699047e+01  -7.8328537e+01  -7.8780080e+01
   1.5730298e+01  -7.8376656e+01  -7.8788960e+01
   1.5761549e+01  -7.8497177e+01  -7.8797784e+01
   1.5792800e+01  -7.8441573e+01  -7.8806552e+01
   1.5824051e+01  -7.8456677e+01  -7.8815264e+01
   1.5855302e+01  -7.8467558e+01  -7.8823920e+01
   1.5886553e+01  -7.8488062e+01  -7.8832521e+01
   1.5917803e+01  -7.8491200e+01  -7.8841063e+01
   1.5949054e+01  -7.8497190e+01  -7.8849555e+01
   1.5980305e+01  -7.8490692e+01  -7.8857988e+01
   1.6011556e+01  -7.8516709e+01  -7.8866365e+01
   1.6042807e+01  -7.8491609e+01  -7.8874688e+01
   1.6074058e+01  -7.8574451e+01  -7.8882955e+01
   1.6105309e+01  -7.8482881e+01  -7.8891170e+01
   1.6136560e+01  -7.8386212e+01  -7.8899329e+01
   1.6167811e+01  -7.8560208e+01  -7.8907432e+01
   1.6199062e+01  -7.8565788e+01  -7.8915480e+01
   1.6230313e+01  -7.8566994e+01  -7.8923475e+01
   1.6261564e+01  -7.8587729e+01  -7.8931417e+01
   1.6292815e+01  -7.8581412e+01  -7.8939302e+01
   1.6324066e+01  -7.8588728e+01  -7.8947134e+01
   1.6355317e+01  -7.8579142e+01  -7.8954911e+01
   1.6386568e+01  -7.8595388e+01  -7.8962638e+01
   1.6417819e+01  -7.8567977e+01  -7.8970299e+01
   1.6449070e+01  -7.8615234e+01  -7.8977918e+01
   1.6480321e+01  -7.8584331e+01  -7.8985480e+01
   1.6511572e+01  -7.8625427e+01  -7.8992986e+01
   1.6542823e+01  -7.8571821e+01  -7.9000442e+01
   1.6574074e+01  -7.8615868e+01  -7.9007839e+01
   1.6605324e+01  -7.8725216e+01  -7.9015192e+01
   1.6636575e+01  -7.8640375e+01  -7.9022485e+01
   1.6667826e+01  -7.8670654e+01  -7.9029726e+01
   1.6699077e+01  -7.8679528e+01  -7.9036913e+01
   1.6730328e+01  -7.8688305e+01  -7.9044051e+01
   1.6761579e+01  -7.8697657e+01  -7.9051134e+01
   1.6792830e+01  -7.8706889e+01  -7.9058162e+01
   1.6824081e+01  -7.8667733e+01  -7.9065140e+01
   1.6855332e+01  -7.8702180e+01  -7.9072063e+01
   1.6886583e+01  -7.8700059e+01  -7.9078939e+01
   1.6917834e+01  -7.8696316e+01  -7.9085752e+01
   1.6949085e+01  -7.8753015e+01  -7.9092519e+01
   1.6980336e+01  -7.8730883e+01  -7.9099237e+01
   1.7011587e+01  -7.8771509e+01  -7.9105898e+01
   1.7042838e+01  -7.8738116e+01  -7.9112509e+01
   1.7074089e+01  -7.8694791e+01  -7.9119065e+01
   1.7105340e+01  -7.8776014e+01  -7.9125573e+01
   1.7136591e+01  -7.8787288e+01  -7.9132026e+01
   1.7167842e+01  -7.8783999e+01  -7.9138429e+01
   1.7199093e+01  -7.8799441e+01  -7.9144781e+01
   1.7230344e+01  -7.8759073e+01  -7.9151080e+01
   1.7261594e+01  -7.8778806e+01  -7.9157328e+01
   1.7292845e+01  -7.8790190e+01  -7.9163525e+01
   1.7324096e+01  -7.8767575e+01  -7.9169669e+01
   1.7355347e+01  -7.8717032e+01  -7.9175763e+01
   1.7386598e+01  -7.8802940e+01  -7.9181804e+01
   1.7417849e+01  -7.8766655e+01  -7.9187797e+01
   1.7449100e+01  -7.8854703e+01  -7.9193740e+01
   1.7480351e+01  -7.8830750e+01  -7.9199624e+01
   1.7511602e+01  -7.8796932e+01  -7.9205461e+01
   1.7542853e+01  -7.8855027e+01  -7.9211249e+01
   1.7574104e+01  -7.8859831e+01  -7.9216988e+01
   1.7605355e+01  -7.8865915e+01  -7.9222672e+01
   1.7636606e+01  -7.8896578e+01  -7.9228316e+01
   1.7667857e+01  -7.8925306e+01  -7.9233896e+01
   1.7699108e+01  -7.8869588e+01  -7.9239433e+01
   1.7730359e+01  -7.8926615e+01  -7.9244903e+01
   1.7761610e+01  -7.8813350e+01  -7.9250348e+01
   1.7792861e+01  -7.8763199e+01  -7.9255733e+01
   1.7824112e+01  -7.8912483e+01  -7.9261065e+01
   1.7855363e+01  -7.8905627e+01  -7.9266337e+01
   1.7886614e+01  -7.8908133e+01  -7.9271576e+01
   1.7917865e+01  -7.8921894e+01  -7.9276759e+01
   1.7949115e+01  -7.8924923e+01  -7.9281901e+01
   1.7980366e+01  -7.8927304e+01  -7.9286964e+01
   1.8011617e+01  -7.8935080e+01  -7.9291984e+01
   1.8042868e+01  -7.8940230e+01  -7.9296980e+01
   1.8074119e+01  -7.8944525e+01  -7.9301908e+01
   1.8105370e+01  -7.8949273e+01  -7.9306798e+01
   1.8136621e+01  -7.8954307e+01  -7.9311651e+01
   1.8167872e+01  -7.8960626e+01  -7.9316415e+01
   1.8199123e+01  -7.8962950e+01  -7.9321168e+01
   1.8230374e+01  -7.8965629e+01  -7.9325813e+01
   1.8261625e+01  -7.8974216e+01  -7.9330470e+01
   1.8292876e+01  -7.8981496e+01  -7.9335060e+01
   1.8324127e+01  -7.8983918e+01  -7.9339596e+01
   1.8355378e+01  -7.8986253e+01  -7.9344055e+01
   1.8386629e+01  -7.8988970e+01  -7.9348529e+01
   1.8417880e+01  -7.8995271e+01  -7.9352907e+01
   1.8449131e+01  -7.9000844e+01  -7.9357239e+01
   1.8480382e+01  -7.9004162e+01  -7.9361529e+01
   1.8511633e+01  -7.9008902e+01  -7.9365733e+01
   1.8542884e+01  -7.9012314e+01  -7.9369964e+01
   1.8574135e+01  -7.9017635e+01  -7.9374093e+01
   1.8605385e+01  -7.9019493e+01  -7.9378201e+01
   1.8636636e+01  -7.9025186e+01  -7.9382249e+01
   1.8667887e+01  -7.9030495e+01  -7.9386225e+01
   1.8699138e+01  -7.9032759e+01  -7.9390200e+01
   1.8730389e+01  -7.9037099e+01  -7.9394063e+01
   1.8761640e+01  -7.9043814e+01  -7.9397912e+01
   1.8792891e+01  -7.9045282e+01  -7.9401715e+01
   1.8824142e+01  -7.9047596e+01  -7.9405470e+01
   1.8855393e+01  -7.9050420e+01  -7.9409175e+01
   1.8886644e+01  -7.9054273e+01  -7.9412828e+01
   1.8917895e+01  -7.9059097e+01  -7.9416429e+01
   1.8949146e+01  -7.9062499e+01  -7.9420013e+01
   1.8980397e+01  -7.9066555e+01  -7.9423476e+01
   1.9011648e+01  -7.9070766e+01  -7.9427029e+01
   1.9042899e+01  -7.9071805e+01  -7.9430295e+01
   1.9074150e+01  -7.9079113e+01  -7.9433678e+01
   1.9105401e+01  -7.9079699e+01  -7.9436986e+01
   1.9136652e+01  -7.9083162e+01  -7.9440331e+01
   1.9167903e+01  -7.9087640e+01  -7.9443686e+01
   1.9199154e+01  -7.9089404e+01  -7.9446405e+01
   1.9230405e+01  -7.9092226e+01  -7.9450200e+01
   1.9261656e+01  -7.9099868e+01  -7.9455061e+01
   1.9292906e+01  -7.9098523e+01  -7.9460153e+01
   1.9324157e+01  -7.9101175e+01  -7.9465202e+01
   1.9355408e+01  -7.9103802e+01  -7.9464721e+01
   1.9386659e+01  -7.9107757e+01  -7.9465048e+01
   1.9417910e+01  -7.9106547e+01  -7.9457533e+01
   1.9449161e+01  -7.9113566e+01  -7.9471720e+01
   1.9480412e+01  -7.9118373e+01  -7.9494401e+01
   1.9511663e+01  -7.9124253e+01  -7.9444621e+01
   1.9542914e+01  -7.9069111e+01  -7.9353560e+01
   1.9574165e+01  -7.9013312e+01  -7.9415918e+01
   1.9605416e+01  -7.9152771e+01  -7.9397296e+01
   1.9636667e+01  -7.9113555e+01  -7.9371993e+01
   1.9667918e+01  -7.9151673e+01  -7.9333025e+01
   1.9699169e+01  -7.9109538e+01  -7.9382272e+01
   1.9730420e+01  -7.9154428e+01  -7.9311073e+01
   1.9761671e+01  -7.9129110e+01  -7.9450089e+01
   1.9792922e+01  -7.9139795e+01  -7.9460900e+01
   1.9824173e+01  -7.9157165e+01  -7.9219170e+01
   1.9855424e+01  -7.9144085e+01  -7.9220063e+01
   1.9886675e+01  -7.9146757e+01  -7.9254735e+01
   1.9917926e+01  -7.9036864e+01  -7.9311469e+01
   1.9949177e+01  -7.9063038e+01  -7.9200661e+01
   1.9980427e+01  -7.9162923e+01  -7.9407264e+01
   2.0011678e+01  -7.9062280e+01  -7.9489050e+01
   2.0042929e+01  -7.9157370e+01  -7.9411263e+01
   2.0074180e+01  -7.9133287e+01  -7.9445098e+01
   2.0105431e+01  -7.9184548e+01  -7.9519020e+01
   2.0136682e+01  -7.9213971e+01  -7.9434046e+01
   2.0167933e+01  -7.9201092e+01  -7.9350887e+01
   2.0199184e+01  -7.9153348e+01  -7.9503550e+01
   2.0230435e+01  -7.9169050e+01  -7.9460213e+01
   2.0261686e+01  -7.9162302e+01  -7.9563654e+01
   2.0292937e+01  -7.9167485e+01  -7.9443770e+01
   2.0324188e+01  -7.9139390e+01  -7.9479566e+01
   2.0355439e+01  -7.9162399e+01  -7.9499488e+01
   2.0386690e+01  -7.9219832e+01  -7.9565461e+01
   2.0417941e+01  -7.9136861e+01  -7.9551626e+01
   2.0449192e+01  -7.9058557e+01  -7.9523892e+01
   2.0480443e+01  -7.9173199e+01  -7.9541949e+01
   2.0511694e+01  -7.9183064e+01  -7.9536856e+01
   2.0542945e+01  -7.9070769e+01  -7.9531658e+01
   2.0574196e+01  -7.9203906e+01  -7.9528454e+01
   2.0605447e+01  -7.9147190e+01  -7.9514810e+01
   2.0636697e+01  -7.9143385e+01  -7.9499045e+01
   2.0667948e+01  -7.9186555e+01  -7.9510592e+01
   2.0699199e+01  -7.9172921e+01  -7.9527535e+01
   2.0730450e+01  -7.9183606e+01  -7.9602980e+01
   2.0761701e+01  -7.9140323e+01  -7.9591452e+01
   2.0792952e+01  -7.9133776e+01  -7.9390874e+01
   2.0824203e+01  -7.9028880e+01  -7.9500579e+01
   2.0855454e+01  -7.9235198e+01  -7.9511498e+01
   2.0886705e+01  -7.9140380e+01  -7.9584391e+01
   2.0917956e+01  -7.9167011e+01  -7.9474480e+01
   2.0949207e+01  -7.9184702e+01  -7.9456740e+01
   2.0980458e+01  -7.9130460e+01  -7.9503531e+01
   2.1011709e+01  -7.9161146e+01  -7.9225107e+01
   2.1042960e+01  -7.9216023e+01  -7.9559566e+01
   2.1074211e+01  -7.9191647e+01  -7.9321046e+01
   2.1105462e+01  -7.9193137e+01  -7.9408268e+01
   2.1136713e+01  -7.9199238e+01  -7.9462613e+01
   2.1167964e+01  -7.9190130e+01  -7.9458952e+01
   2.1199215e+01  -7.9245345e+01  -7.9655105e+01
   2.1230466e+01  -7.9174415e+01  -7.9398370e+01
   2.1261717e+01  -7.9143399e+01  -7.9388892e+01
   2.1292968e+01  -7.9201938e+01  -7.9532963e+01
   2.1324218e+01  -7.9194411e+01  -7.9568351e+01
