  -2.1333333e+01  -7.8528233e+01  -7.9254152e+01
  -2.1302082e+01  -7.8533274e+01  -7.9259821e+01
  -2.1270831e+01  -7.8536038e+01  -7.9283983e+01
  -2.1239580e+01  -7.8549624e+01  -7.9312050e+01
  -2.1208330e+01  -7.8509659e+01  -7.9090105e+01
  -2.1177079e+01  -7.8542704e+01  -7.9061841e+01
  -2.1145828e+01  -7.8517601e+01  -7.9123594e+01
  -2.1114577e+01  -7.8527531e+01  -7.9059929e+01
  -2.1083326e+01  -7.8518708e+01  -7.9089631e+01
  -2.1052075e+01  -7.8521768e+01  -7.9098411e+01
  -2.1020824e+01  -7.8506705e+01  -7.9181568e+01
  -2.0989573e+01  -7.8560564e+01  -7.9177779e+01
  -2.0958322e+01  -7.8497304e+01  -7.9089337e+01
  -2.0927071e+01  -7.8494293e+01  -7.9108409e+01
  -2.0895820e+01  -7.8444209e+01  -7.9260591e+01
  -2.0864569e+01  -7.8533319e+01  -7.9329363e+01
  -2.0833318e+01  -7.8548498e+01  -7.9244051e+01
  -2.0802067e+01  -7.8486398e+01  -7.9278523e+01
  -2.0770816e+01  -7.8517087e+01  -7.9231192e+01
  -2.0739565e+01  -7.8528141e+01  -7.9263010e+01
  -2.0708314e+01  -7.8520111e+01  -7.9235430e+01
  -2.0677063e+01  -7.8518751e+01  -7.9227449e+01
  -2.0645812e+01  -7.8529424e+01  -7.9236108e+01
  -2.0614561e+01  -7.8525513e+01  -7.9210538e+01
  -2.0583310e+01  -7.8494147e+01  -7.9241287e+01
  -2.0552059e+01  -7.8551780e+01  -7.9252592e+01
  -2.0520809e+01  -7.8464648e+01  -7.9245941e+01
  -2.0489558e+01  -7.8472214e+01  -7.9243096e+01
  -2.0458307e+01  -7.8449304e+01  -7.9235973e+01
  -2.0427056e+01  -7.8491253e+01  -7.9212572e+01
  -2.0395805e+01  -7.8538092e+01  -7.9245565e+01
  -2.0364554e+01  -7.8533754e+01  -7.9251114e+01
  -2.0333303e+01  -7.8527927e+01  -7.9224149e+01
  -2.0302052e+01  -7.8478075e+01  -7.9150636e+01
  -2.0270801e+01  -7.8502847e+01  -7.9217626e+01
  -2.0239550e+01  -7.8500155e+01  -7.9266517e+01
  -2.0208299e+01  -7.8496180e+01  -7.9219838e+01
  -2.0177048e+01  -7.8488427e+01  -7.9166473e+01
  -2.0145797e+01  -7.8477049e+01  -7.9198674e+01
  -2.0114546e+01  -7.8433065e+01  -7.9169195e+01
  -2.0083295e+01  -7.8441352e+01  -7.9071998e+01
  -2.0052044e+01  -7.8451227e+01  -7.9073958e+01
  -2.0020793e+01  -7.8489933e+01  -7.9247588e+01
  -1.9989542e+01  -7.8491362e+01  -7.9185287e+01
  -1.9958291e+01  -7.8436978e+01  -7.8980885e+01
  -1.9927040e+01  -7.8425312e+01  -7.9055771e+01
  -1.9895789e+01  -7.8494693e+01  -7.9219527e+01
  -1.9864539e+01  -7.8475502e+01  -7.9259027e+01
  -1.9833288e+01  -7.8469018e+01  -7.9006676e+01
  -1.9802037e+01  -7.8473149e+01  -7.9105510e+01
  -1.9770786e+01  -7.8479854e+01  -7.9088995e+01
  -1.9739535e+01  -7.8465990e+01  -7.9151413e+01
  -1.9708284e+01  -7.8420586e+01  -7.9087533e+01
  -1.9677033e+01  -7.8424368e+01  -7.9230625e+01
  -1.9645782e+01  -7.8450857e+01  -7.9210360e+01
  -1.9614531e+01  -7.8404978e+01  -7.9069731e+01
  -1.9583280e+01  -7.8468077e+01  -7.9101848e+01
  -1.9552029e+01  -7.8444548e+01  -7.9266099e+01
  -1.9520778e+01  -7.8423669e+01  -7.9190945e+01
  -1.9489527e+01  -7.8383067e+01  -7.8995090e+01
  -1.9458276e+01  -7.8441819e+01  -7.8963477e+01
  -1.9427025e+01  -7.8442605e+01  -7.9122590e+01
  -1.9395774e+01  -7.8433093e+01  -7.9168259e+01
  -1.9364523e+01  -7.8435878e+01  -7.9058248e+01
  -1.9333272e+01  -7.8452959e+01  -7.8895469e+01
  -1.9302021e+01  -7.8444502e+01  -7.9041521e+01
  -1.9270770e+01  -7.8439581e+01  -7.9080220e+01
  -1.9239519e+01  -7.8420046e+01  -7.9094762e+01
  -1.9208268e+01  -7.8426248e+01  -7.9142347e+01
  -1.9177018e+01  -7.8418907e+01  -7.9147881e+01
  -1.9145767e+01  -7.8413424e+01  -7.9147555e+01
  -1.9114516e+01  -7.8415992e+01  -7.9144237e+01
  -1.9083265e+01  -7.8406204e+01  -7.9140469e+01
  -1.9052014e+01  -7.8411185e+01  -7.9138947e+01
  -1.9020763e+01  -7.8399840e+01  -7.9134291e+01
  -1.8989512e+01  -7.8398171e+01  -7.9131633e+01
  -1.8958261e+01  -7.8394037e+01  -7.9127795e+01
  -1.8927010e+01  -7.8390598e+01  -7.9123881e+01
  -1.8895759e+01  -7.8387466e+01  -7.9120198e+01
  -1.8864508e+01  -7.8384084e+01  -7.9116415e+01
  -1.8833257e+01  -7.8380483e+01  -7.9112601e+01
  -1.8802006e+01  -7.8375749e+01  -7.9108812e+01
  -1.8770755e+01  -7.8377843e+01  -7.9104872e+01
  -1.8739504e+01  -7.8368154e+01  -7.9101027e+01
  -1.8708253e+01  -7.8365304e+01  -7.9096945e+01
  -1.8677002e+01  -7.8361349e+01  -7.9092941e+01
  -1.8645751e+01  -7.8353152e+01  -7.9088819e+01
  -1.8614500e+01  -7.8354484e+01  -7.9084714e+01
  -1.8583249e+01  -7.8345484e+01  -7.9080529e+01
  -1.8551998e+01  -7.8346336e+01  -7.9076244e+01
  -1.8520748e+01  -7.8339128e+01  -7.9071929e+01
  -1.8489497e+01  -7.8335193e+01  -7.9067540e+01
  -1.8458246e+01  -7.8331090e+01  -7.9063158e+01
  -1.8426995e+01  -7.8327644e+01  -7.9058759e+01
  -1.8395744e+01  -7.8323644e+01  -7.9054245e+01
  -1.8364493e+01  -7.8315350e+01  -7.9049794e+01
  -1.8333242e+01  -7.8315579e+01  -7.9045176e+01
  -1.8301991e+01  -7.8308051e+01  -7.9040585e+01
  -1.8270740e+01  -7.8311550e+01  -7.9035883e+01
  -1.8239489e+01  -7.8303507e+01  -7.9031183e+01
  -1.8208238e+01  -7.8290071e+01  -7.9026332e+01
  -1.8176987e+01  -7.8294465e+01  -7.9021526e+01
  -1.8145736e+01  -7.8279603e+01  -7.9016632e+01
  -1.8114485e+01  -7.8281594e+01  -7.9011704e+01
  -1.8083234e+01  -7.8260944e+01  -7.9006703e+01
  -1.8051983e+01  -7.8269396e+01  -7.9001673e+01
  -1.8020732e+01  -7.8254241e+01  -7.8996551e+01
  -1.7989481e+01  -7.8254260e+01  -7.8991408e+01
  -1.7958230e+01  -7.8231948e+01  -7.8986217e+01
  -1.7926979e+01  -7.8212969e+01  -7.8981002e+01
  -1.7895728e+01  -7.8270693e+01  -7.8975705e+01
  -1.7864477e+01  -7.8281387e+01  -7.8970391e+01
  -1.7833227e+01  -7.8184845e+01  -7.8964996e+01
  -1.7801976e+01  -7.8222690e+01  -7.8959565e+01
  -1.7770725e+01  -7.8157869e+01  -7.8954073e+01
  -1.7739474e+01  -7.8256558e+01  -7.8948531e+01
  -1.7708223e+01  -7.8144673e+01  -7.8942920e+01
  -1.7676972e+01  -7.8201036e+01  -7.8937283e+01
  -1.7645721e+01  -7.8207410e+01  -7.8931592e+01
  -1.7614470e+01  -7.8191625e+01  -7.8925846e+01
  -1.7583219e+01  -7.8180315e+01  -7.8920044e+01
  -1.7551968e+01  -7.8207627e+01  -7.8914198e+01
  -1.7520717e+01  -7.8152023e+01  -7.8908292e+01
  -1.7489466e+01  -7.8203530e+01  -7.8902339e+01
  -1.7458215e+01  -7.8155521e+01  -7.8896336e+01
  -1.7426964e+01  -7.8165182e+01  -7.8890285e+01
  -1.7395713e+01  -7.8081893e+01  -7.8884178e+01
  -1.7364462e+01  -7.8107653e+01  -7.8878021e+01
  -1.7333211e+01  -7.8113227e+01  -7.8871811e+01
  -1.7301960e+01  -7.8068102e+01  -7.8865550e+01
  -1.7270709e+01  -7.8111134e+01  -7.8859236e+01
  -1.7239458e+01  -7.8125302e+01  -7.8852870e+01
  -1.7208207e+01  -7.8131367e+01  -7.8846453e+01
  -1.7176956e+01  -7.8111493e+01  -7.8839982e+01
  -1.7145706e+01  -7.8100739e+01  -7.8833459e+01
  -1.7114455e+01  -7.8096604e+01  -7.8826884e+01
  -1.7083204e+01  -7.8086770e+01  -7.8820257e+01
  -1.7051953e+01  -7.8081065e+01  -7.8813577e+01
  -1.7020702e+01  -7.8046675e+01  -7.8806844e+01
  -1.6989451e+01  -7.8125114e+01  -7.8800062e+01
  -1.6958200e+01  -7.8001360e+01  -7.8793222e+01
  -1.6926949e+01  -7.8056456e+01  -7.8786333e+01
  -1.6895698e+01  -7.8068759e+01  -7.8779389e+01
  -1.6864447e+01  -7.8063832e+01  -7.8772395e+01
  -1.6833196e+01  -7.8081003e+01  -7.8765341e+01
  -1.6801945e+01  -7.8029103e+01  -7.8758236e+01
  -1.6770694e+01  -7.8012688e+01  -7.8751083e+01
  -1.6739443e+01  -7.8011213e+01  -7.8743872e+01
  -1.6708192e+01  -7.8001434e+01  -7.8736611e+01
  -1.6676941e+01  -7.7999793e+01  -7.8729291e+01
  -1.6645690e+01  -7.7990877e+01  -7.8721922e+01
  -1.6614439e+01  -7.7958891e+01  -7.8714494e+01
  -1.6583188e+01  -7.7887172e+01  -7.8707014e+01
  -1.6551937e+01  -7.7911464e+01  -7.8699485e+01
  -1.6520686e+01  -7.7916937e+01  -7.8691893e+01
  -1.6489436e+01  -7.7968438e+01  -7.8684260e+01
  -1.6458185e+01  -7.7947615e+01  -7.8676558e+01
  -1.6426934e+01  -7.7938341e+01  -7.8668815e+01
  -1.6395683e+01  -7.7923555e+01  -7.8661010e+01
  -1.6364432e+01  -7.7950711e+01  -7.8653154e+01
  -1.6333181e+01  -7.7913618e+01  -7.8645237e+01
  -1.6301930e+01  -7.7903206e+01  -7.8637267e+01
  -1.6270679e+01  -7.7898919e+01  -7.8629247e+01
  -1.6239428e+01  -7.7873358e+01  -7.8621165e+01
  -1.6208177e+01  -7.7896819e+01  -7.8613034e+01
  -1.6176926e+01  -7.7829054e+01  -7.8604844e+01
  -1.6145675e+01  -7.7839267e+01  -7.8596602e+01
  -1.6114424e+01  -7.7834276e+01  -7.8588300e+01
  -1.6083173e+01  -7.7865416e+01  -7.8579944e+01
  -1.6051922e+01  -7.7823005e+01  -7.8571536e+01
  -1.6020671e+01  -7.7823116e+01  -7.8563067e+01
  -1.5989420e+01  -7.7844517e+01  -7.8554548e+01
  -1.5958169e+01  -7.7809534e+01  -7.8545966e+01
  -1.5926918e+01  -7.7797281e+01  -7.8537334e+01
  -1.5895667e+01  -7.7804696e+01  -7.8528643e+01
  -1.5864416e+01  -7.7788794e+01  -7.8519896e+01
  -1.5833165e+01  -7.7778052e+01  -7.8511091e+01
  -1.5801915e+01  -7.7769549e+01  -7.8502230e+01
  -1.5770664e+01  -7.7716603e+01  -7.8493313e+01
  -1.5739413e+01  -7.7768250e+01  -7.8484339e+01
  -1.5708162e+01  -7.7793396e+01  -7.8475308e+01
  -1.5676911e+01  -7.7757613e+01  -7.8466219e+01
  -1.5645660e+01  -7.7705497e+01  -7.8457074e+01
  -1.5614409e+01  -7.7629349e+01  -7.8447871e+01
  -1.5583158e+01  -7.7667670e+01  -7.8438611e+01
  -1.5551907e+01  -7.7691168e+01  -7.8429292e+01
  -1.5520656e+01  -7.7695799e+01  -7.8419916e+01
  -1.5489405e+01  -7.7669430e+01  -7.8410481e+01
  -1.5458154e+01  -7.7679372e+01  -7.8400991e+01
  -1.5426903e+01  -7.7660584e+01  -7.8391439e+01
  -1.5395652e+01  -7.7655575e+01  -7.8381831e+01
  -1.5364401e+01  -7.7673673e+01  -7.8372164e+01
  -1.5333150e+01  -7.7590440e+01  -7.8362439e+01
  -1.5301899e+01  -7.7597064e+01  -7.8352656e+01
  -1.5270648e+01  -7.7592358e+01  -7.8342812e+01
  -1.5239397e+01  -7.7514796e+01  -7.8332912e+01
  -1.5208146e+01  -7.7579249e+01  -7.8322949e+01
  -1.5176895e+01  -7.7549267e+01  -7.8312929e+01
  -1.5145645e+01  -7.7592275e+01  -7.8302849e+01
  -1.5114394e+01  -7.7591787e+01  -7.8292710e+01
  -1.5083143e+01  -7.7495890e+01  -7.8282510e+01
  -1.5051892e+01  -7.7500707e+01  -7.8272250e+01
  -1.5020641e+01  -7.7534845e+01  -7.8261931e+01
  -1.4989390e+01  -7.7527744e+01  -7.8251549e+01
  -1.4958139e+01  -7.7512479e+01  -7.8241112e+01
  -1.4926888e+01  -7.7497214e+01  -7.8230611e+01
  -1.4895637e+01  -7.7497359e+01  -7.8220050e+01
  -1.4864386e+01  -7.7450490e+01  -7.8209429e+01
  -1.4833135e+01  -7.7452611e+01  -7.8198747e+01
  -1.4801884e+01  -7.7402044e+01  -7.8188003e+01
  -1.4770633e+01  -7.7481170e+01  -7.8177198e+01
  -1.4739382e+01  -7.7439024e+01  -7.8166332e+01
  -1.4708131e+01  -7.7494138e+01  -7.8155403e+01
  -1.4676880e+01  -7.7367169e+01  -7.8144412e+01
  -1.4645629e+01  -7.7415305e+01  -7.8133361e+01
  -1.4614378e+01  -7.7402298e+01  -7.8122247e+01
  -1.4583127e+01  -7.7388778e+01  -7.8111070e+01
  -1.4551876e+01  -7.7379082e+01  -7.8099832e+01
  -1.4520625e+01  -7.7366317e+01  -7.8088530e+01
  -1.4489374e+01  -7.7321200e+01  -7.8077165e+01
  -1.4458124e+01  -7.7274660e+01  -7.8065738e+01
  -1.4426873e+01  -7.7306744e+01  -7.8054249e+01
  -1.4395622e+01  -7.7359091e+01  -7.8042695e+01
  -1.4364371e+01  -7.7303700e+01  -7.8031078e+01
  -1.4333120e+01  -7.7205221e+01  -7.8019397e+01
  -1.4301869e+01  -7.7256200e+01  -7.8007652e+01
  -1.4270618e+01  -7.7265423e+01  -7.7995844e+01
  -1.4239367e+01  -7.7290825e+01  -7.7983971e+01
  -1.4208116e+01  -7.7194816e+01  -7.7972033e+01
  -1.4176865e+01  -7.7245474e+01  -7.7960031e+01
  -1.4145614e+01  -7.7227922e+01  -7.7947964e+01
  -1.4114363e+01  -7.7213001e+01  -7.7935832e+01
  -1.4083112e+01  -7.7200130e+01  -7.7923635e+01
  -1.4051861e+01  -7.7205245e+01  -7.7911373e+01
  -1.4020610e+01  -7.7164521e+01  -7.7899045e+01
  -1.3989359e+01  -7.7151827e+01  -7.7886652e+01
  -1.3958108e+01  -7.7230339e+01  -7.7874192e+01
  -1.3926857e+01  -7.7101216e+01  -7.7861665e+01
  -1.3895606e+01  -7.7135598e+01  -7.7849073e+01
  -1.3864355e+01  -7.7108604e+01  -7.7836414e+01
  -1.3833104e+01  -7.7097959e+01  -7.7823688e+01
  -1.3801853e+01  -7.7084780e+01  -7.7810895e+01
  -1.3770603e+01  -7.7087712e+01  -7.7798035e+01
  -1.3739352e+01  -7.7063413e+01  -7.7785108e+01
  -1.3708101e+01  -7.7050596e+01  -7.7772114e+01
  -1.3676850e+01  -7.7037171e+01  -7.7759050e+01
  -1.3645599e+01  -7.7024983e+01  -7.7745919e+01
  -1.3614348e+01  -7.7009497e+01  -7.7732720e+01
  -1.3583097e+01  -7.6997726e+01  -7.7719452e+01
  -1.3551846e+01  -7.6983739e+01  -7.7706115e+01
  -1.3520595e+01  -7.6971831e+01  -7.7692709e+01
  -1.3489344e+01  -7.6957618e+01  -7.7679236e+01
  -1.3458093e+01  -7.6945707e+01  -7.7665691e+01
  -1.3426842e+01  -7.6932949e+01  -7.7652077e+01
  -1.3395591e+01  -7.6920943e+01  -7.7638393e+01
  -1.3364340e+01  -7.6900010e+01  -7.7624639e+01
  -1.3333089e+01  -7.6889635e+01  -7.7610814e+01
  -1.3301838e+01  -7.6875357e+01  -7.7596919e+01
  -1.3270587e+01  -7.6863689e+01  -7.7582954e+01
  -1.3239336e+01  -7.6848462e+01  -7.7568917e+01
  -1.3208085e+01  -7.6834330e+01  -7.7554809e+01
  -1.3176834e+01  -7.6819115e+01  -7.7540629e+01
  -1.3145583e+01  -7.6807104e+01  -7.7526377e+01
  -1.3114333e+01  -7.6790683e+01  -7.7512054e+01
  -1.3083082e+01  -7.6776720e+01  -7.7497657e+01
  -1.3051831e+01  -7.6770513e+01  -7.7483189e+01
  -1.3020580e+01  -7.6749699e+01  -7.7468647e+01
  -1.2989329e+01  -7.6732984e+01  -7.7454033e+01
  -1.2958078e+01  -7.6720544e+01  -7.7439344e+01
  -1.2926827e+01  -7.6703701e+01  -7.7424583e+01
  -1.2895576e+01  -7.6691388e+01  -7.7409747e+01
  -1.2864325e+01  -7.6671603e+01  -7.7394837e+01
  -1.2833074e+01  -7.6658294e+01  -7.7379852e+01
  -1.2801823e+01  -7.6645290e+01  -7.7364793e+01
  -1.2770572e+01  -7.6634580e+01  -7.7349659e+01
  -1.2739321e+01  -7.6608305e+01  -7.7334449e+01
  -1.2708070e+01  -7.6590770e+01  -7.7319164e+01
  -1.2676819e+01  -7.6559320e+01  -7.7303803e+01
  -1.2645568e+01  -7.6530573e+01  -7.7288366e+01
  -1.2614317e+01  -7.6533726e+01  -7.7272852e+01
  -1.2583066e+01  -7.6608292e+01  -7.7257262e+01
  -1.2551815e+01  -7.6523720e+01  -7.7241595e+01
  -1.2520564e+01  -7.6513359e+01  -7.7225850e+01
  -1.2489313e+01  -7.6415397e+01  -7.7210027e+01
  -1.2458062e+01  -7.6448801e+01  -7.7194127e+01
  -1.2426812e+01  -7.6464112e+01  -7.7178148e+01
  -1.2395561e+01  -7.6439449e+01  -7.7162091e+01
  -1.2364310e+01  -7.6422710e+01  -7.7145954e+01
  -1.2333059e+01  -7.6406707e+01  -7.7129739e+01
  -1.2301808e+01  -7.6395965e+01  -7.7113444e+01
  -1.2270557e+01  -7.6406196e+01  -7.7097069e+01
  -1.2239306e+01  -7.6381561e+01  -7.7080615e+01
  -1.2208055e+01  -7.6348272e+01  -7.7064079e+01
  -1.2176804e+01  -7.6288689e+01  -7.7047462e+01
  -1.2145553e+01  -7.6332439e+01  -7.7030765e+01
  -1.2114302e+01  -7.6207298e+01  -7.7013986e+01
  -1.2083051e+01  -7.6229621e+01  -7.6997126e+01
  -1.2051800e+01  -7.6279612e+01  -7.6980182e+01
  -1.2020549e+01  -7.6247602e+01  -7.6963157e+01
  -1.1989298e+01  -7.6237047e+01  -7.6946047e+01
  -1.1958047e+01  -7.6235162e+01  -7.6928857e+01
  -1.1926796e+01  -7.6195949e+01  -7.6911581e+01
  -1.1895545e+01  -7.6176544e+01  -7.6894222e+01
  -1.1864294e+01  -7.6138815e+01  -7.6876778e+01
  -1.1833043e+01  -7.6130314e+01  -7.6859250e+01
  -1.1801792e+01  -7.6077455e+01  -7.6841636e+01
  -1.1770542e+01  -7.6073764e+01  -7.6823937e+01
  -1.1739291e+01  -7.6032381e+01  -7.6806153e+01
  -1.1708040e+01  -7.6010870e+01  -7.6788282e+01
  -1.1676789e+01  -7.5992819e+01  -7.6770325e+01
  -1.1645538e+01  -7.6047477e+01  -7.6752281e+01
  -1.1614287e+01  -7.6045239e+01  -7.6734149e+01
  -1.1583036e+01  -7.5976767e+01  -7.6715929e+01
  -1.1551785e+01  -7.5986792e+01  -7.6697622e+01
  -1.1520534e+01  -7.5973021e+01  -7.6679226e+01
  -1.1489283e+01  -7.5944159e+01  -7.6660741e+01
  -1.1458032e+01  -7.5916524e+01  -7.6642166e+01
  -1.1426781e+01  -7.5915470e+01  -7.6623502e+01
  -1.1395530e+01  -7.5888749e+01  -7.6604747e+01
  -1.1364279e+01  -7.5887587e+01  -7.6585902e+01
  -1.1333028e+01  -7.5935015e+01  -7.6566965e+01
  -1.1301777e+01  -7.5764399e+01  -7.6547938e+01
  -1.1270526e+01  -7.5744775e+01  -7.6528818e+01
  -1.1239275e+01  -7.5795528e+01  -7.6509606e+01
  -1.1208024e+01  -7.5774499e+01  -7.6490302e+01
  -1.1176773e+01  -7.5768977e+01  -7.6470904e+01
  -1.1145522e+01  -7.5742011e+01  -7.6451411e+01
  -1.1114271e+01  -7.5724964e+01  -7.6431825e+01
  -1.1083021e+01  -7.5698420e+01  -7.6412145e+01
  -1.1051770e+01  -7.5686284e+01  -7.6392369e+01
  -1.1020519e+01  -7.5650752e+01  -7.6372498e+01
  -1.0989268e+01  -7.5606330e+01  -7.6352530e+01
  -1.0958017e+01  -7.5635730e+01  -7.6332466e+01
  -1.0926766e+01  -7.5592821e+01  -7.6312305e+01
  -1.0895515e+01  -7.5556084e+01  -7.6292047e+01
  -1.0864264e+01  -7.5531907e+01  -7.6271690e+01
  -1.0833013e+01  -7.5395530e+01  -7.6251235e+01
  -1.0801762e+01  -7.5538323e+01  -7.6230681e+01
  -1.0770511e+01  -7.5496163e+01  -7.6210027e+01
  -1.0739260e+01  -7.5482182e+01  -7.6189274e+01
  -1.0708009e+01  -7.5440600e+01  -7.6168418e+01
  -1.0676758e+01  -7.5445075e+01  -7.6147462e+01
  -1.0645507e+01  -7.5415628e+01  -7.6126407e+01
  -1.0614256e+01  -7.5395203e+01  -7.6105247e+01
  -1.0583005e+01  -7.5360157e+01  -7.6083985e+01
  -1.0551754e+01  -7.5358998e+01  -7.6062619e+01
  -1.0520503e+01  -7.5336374e+01  -7.6041150e+01
  -1.0489252e+01  -7.5263729e+01  -7.6019575e+01
  -1.0458001e+01  -7.5355989e+01  -7.5997898e+01
  -1.0426750e+01  -7.5173099e+01  -7.5976113e+01
  -1.0395500e+01  -7.5255566e+01  -7.5954230e+01
  -1.0364249e+01  -7.5198382e+01  -7.5932228e+01
  -1.0332998e+01  -7.5169529e+01  -7.5910118e+01
  -1.0301747e+01  -7.5139115e+01  -7.5887909e+01
  -1.0270496e+01  -7.5179608e+01  -7.5865596e+01
  -1.0239245e+01  -7.5133376e+01  -7.5843159e+01
  -1.0207994e+01  -7.5117264e+01  -7.5820614e+01
  -1.0176743e+01  -7.5090494e+01  -7.5797962e+01
  -1.0145492e+01  -7.5070457e+01  -7.5775215e+01
  -1.0114241e+01  -7.5037781e+01  -7.5752341e+01
  -1.0082990e+01  -7.4973976e+01  -7.5729350e+01
  -1.0051739e+01  -7.4954681e+01  -7.5706253e+01
  -1.0020488e+01  -7.4934919e+01  -7.5683047e+01
  -9.9892371e+00  -7.4993618e+01  -7.5659721e+01
  -9.9579862e+00  -7.4909001e+01  -7.5636278e+01
  -9.9267352e+00  -7.4897878e+01  -7.5612711e+01
  -9.8954843e+00  -7.4823545e+01  -7.5589068e+01
  -9.8642333e+00  -7.4878051e+01  -7.5565269e+01
  -9.8329824e+00  -7.4804570e+01  -7.5541319e+01
  -9.8017314e+00  -7.4795677e+01  -7.5517306e+01
  -9.7704805e+00  -7.4798245e+01  -7.5493192e+01
  -9.7392295e+00  -7.4761932e+01  -7.5468880e+01
  -9.7079786e+00  -7.4742362e+01  -7.5444535e+01
  -9.6767276e+00  -7.4748778e+01  -7.5419971e+01
  -9.6454766e+00  -7.4704122e+01  -7.5395398e+01
  -9.6142257e+00  -7.4681446e+01  -7.5370661e+01
  -9.5829747e+00  -7.4608818e+01  -7.5345736e+01
  -9.5517238e+00  -7.4631171e+01  -7.5320752e+01
  -9.5204728e+00  -7.4593506e+01  -7.5295648e+01
  -9.4892219e+00  -7.4512251e+01  -7.5270387e+01
  -9.4579709e+00  -7.4575533e+01  -7.5244987e+01
  -9.4267200e+00  -7.4439589e+01  -7.5219482e+01
  -9.3954690e+00  -7.4514556e+01  -7.5193852e+01
  -9.3642181e+00  -7.4472258e+01  -7.5168149e+01
  -9.3329671e+00  -7.4433812e+01  -7.5142156e+01
  -9.3017162e+00  -7.4415410e+01  -7.5116091e+01
  -9.2704652e+00  -7.4396601e+01  -7.5090026e+01
  -9.2392143e+00  -7.4356223e+01  -7.5063598e+01
  -9.2079633e+00  -7.4348745e+01  -7.5037351e+01
  -9.1767123e+00  -7.4306848e+01  -7.5010561e+01
  -9.1454614e+00  -7.4339081e+01  -7.4983951e+01
  -9.1142104e+00  -7.4205914e+01  -7.4957247e+01
  -9.0829595e+00  -7.4187762e+01  -7.4930076e+01
  -9.0517085e+00  -7.4198612e+01  -7.4903041e+01
  -9.0204576e+00  -7.4148611e+01  -7.4875852e+01
  -8.9892066e+00  -7.4119509e+01  -7.4848367e+01
  -8.9579557e+00  -7.4126582e+01  -7.4820859e+01
  -8.9267047e+00  -7.4096571e+01  -7.4793257e+01
  -8.8954538e+00  -7.4069162e+01  -7.4765249e+01
  -8.8642028e+00  -7.4039494e+01  -7.4737684e+01
  -8.8329519e+00  -7.4017905e+01  -7.4709490e+01
  -8.8017009e+00  -7.3955645e+01  -7.4680962e+01
  -8.7704499e+00  -7.3956496e+01  -7.4652783e+01
  -8.7391990e+00  -7.3933426e+01  -7.4623983e+01
  -8.7079480e+00  -7.3853754e+01  -7.4595453e+01
  -8.6766971e+00  -7.3855365e+01  -7.4566281e+01
  -8.6454461e+00  -7.3826995e+01  -7.4537150e+01
  -8.6141952e+00  -7.3831735e+01  -7.4508409e+01
  -8.5829442e+00  -7.3711078e+01  -7.4478681e+01
  -8.5516933e+00  -7.3762326e+01  -7.4449335e+01
  -8.5204423e+00  -7.3724833e+01  -7.4419886e+01
  -8.4891914e+00  -7.3695614e+01  -7.4389728e+01
  -8.4579404e+00  -7.3666478e+01  -7.4360252e+01
  -8.4266895e+00  -7.3636802e+01  -7.4330039e+01
  -8.3954385e+00  -7.3606681e+01  -7.4299406e+01
  -8.3641875e+00  -7.3579403e+01  -7.4270077e+01
  -8.3329366e+00  -7.3546632e+01  -7.4239358e+01
  -8.3016856e+00  -7.3516401e+01  -7.4208047e+01
  -8.2704347e+00  -7.3489060e+01  -7.4177611e+01
  -8.2391837e+00  -7.3451622e+01  -7.4146136e+01
  -8.2079328e+00  -7.3425848e+01  -7.4114242e+01
  -8.1766818e+00  -7.3392417e+01  -7.4083130e+01
  -8.1454309e+00  -7.3359249e+01  -7.4050707e+01
  -8.1141799e+00  -7.3332189e+01  -7.4019679e+01
  -8.0829290e+00  -7.3296311e+01  -7.3987396e+01
  -8.0516780e+00  -7.3269339e+01  -7.3955165e+01
  -8.0204271e+00  -7.3234250e+01  -7.3923302e+01
  -7.9891761e+00  -7.3202174e+01  -7.3889984e+01
  -7.9579251e+00  -7.3170318e+01  -7.3859056e+01
  -7.9266742e+00  -7.3139209e+01  -7.3824766e+01
  -7.8954232e+00  -7.3105749e+01  -7.3792162e+01
  -7.8641723e+00  -7.3072031e+01  -7.3760660e+01
  -7.8329213e+00  -7.3042989e+01  -7.3726400e+01
  -7.8016704e+00  -7.3005513e+01  -7.3692583e+01
  -7.7704194e+00  -7.2979340e+01  -7.3660044e+01
  -7.7391685e+00  -7.2941036e+01  -7.3625103e+01
  -7.7079175e+00  -7.2904501e+01  -7.3588431e+01
  -7.6766666e+00  -7.2873106e+01  -7.3556074e+01
  -7.6454156e+00  -7.2834929e+01  -7.3520085e+01
  -7.6141647e+00  -7.2803796e+01  -7.3486065e+01
  -7.5829137e+00  -7.2767136e+01  -7.3451504e+01
  -7.5516628e+00  -7.2732561e+01  -7.3415446e+01
  -7.5204118e+00  -7.2698317e+01  -7.3380920e+01
  -7.4891608e+00  -7.2661845e+01  -7.3344231e+01
  -7.4579099e+00  -7.2630699e+01  -7.3311868e+01
  -7.4266589e+00  -7.2591493e+01  -7.3271367e+01
  -7.3954080e+00  -7.2538921e+01  -7.3238478e+01
  -7.3641570e+00  -7.2423388e+01  -7.3203250e+01
  -7.3329061e+00  -7.2270753e+01  -7.3163713e+01
  -7.3016551e+00  -7.2464018e+01  -7.3128033e+01
  -7.2704042e+00  -7.2369582e+01  -7.3094479e+01
  -7.2391532e+00  -7.2298991e+01  -7.3053879e+01
  -7.2079023e+00  -7.2281017e+01  -7.3012447e+01
  -7.1766513e+00  -7.2315465e+01  -7.2978041e+01
  -7.1454004e+00  -7.2259593e+01  -7.2939784e+01
  -7.1141494e+00  -7.2221304e+01  -7.2901893e+01
  -7.0828984e+00  -7.2186626e+01  -7.2864331e+01
  -7.0516475e+00  -7.2179413e+01  -7.2823884e+01
  -7.0203965e+00  -7.2177572e+01  -7.2786292e+01
  -6.9891456e+00  -7.2050659e+01  -7.2746291e+01
  -6.9578946e+00  -7.1864951e+01  -7.2710348e+01
  -6.9266437e+00  -7.1917563e+01  -7.2662761e+01
  -6.8953927e+00  -7.1917616e+01  -7.2630380e+01
  -6.8641418e+00  -7.1837106e+01  -7.2589307e+01
  -6.8328908e+00  -7.1778546e+01  -7.2543435e+01
  -6.8016399e+00  -7.1813481e+01  -7.2504973e+01
  -6.7703889e+00  -7.1794349e+01  -7.2472846e+01
  -6.7391380e+00  -7.1755327e+01  -7.2422662e+01
  -6.7078870e+00  -7.1712403e+01  -7.2379395e+01
  -6.6766360e+00  -7.1671406e+01  -7.2339281e+01
  -6.6453851e+00  -7.1619253e+01  -7.2300654e+01
  -6.6141341e+00  -7.1548467e+01  -7.2258971e+01
  -6.5828832e+00  -7.1571094e+01  -7.2214729e+01
  -6.5516322e+00  -7.1447352e+01  -7.2171141e+01
  -6.5203813e+00  -7.1433131e+01  -7.2130410e+01
  -6.4891303e+00  -7.1374828e+01  -7.2086244e+01
  -6.4578794e+00  -7.1270486e+01  -7.2042543e+01
  -6.4266284e+00  -7.1384254e+01  -7.1989771e+01
  -6.3953775e+00  -7.1207404e+01  -7.1954705e+01
  -6.3641265e+00  -7.1261702e+01  -7.1907761e+01
  -6.3328756e+00  -7.1183795e+01  -7.1856722e+01
  -6.3016246e+00  -7.1154735e+01  -7.1810709e+01
  -6.2703736e+00  -7.1108232e+01  -7.1782859e+01
  -6.2391227e+00  -7.1066427e+01  -7.1719420e+01
  -6.2078717e+00  -7.1013182e+01  -7.1677927e+01
  -6.1766208e+00  -7.0928981e+01  -7.1627820e+01
  -6.1453698e+00  -7.0948495e+01  -7.1586805e+01
  -6.1141189e+00  -7.0857609e+01  -7.1543136e+01
  -6.0828679e+00  -7.0824484e+01  -7.1485898e+01
  -6.0516170e+00  -7.0740326e+01  -7.1442792e+01
  -6.0203660e+00  -7.0718515e+01  -7.1399782e+01
  -5.9891151e+00  -7.0647573e+01  -7.1347461e+01
  -5.9578641e+00  -7.0655654e+01  -7.1294576e+01
  -5.9266132e+00  -7.0597098e+01  -7.1238560e+01
  -5.8953622e+00  -7.0555989e+01  -7.1193439e+01
  -5.8641113e+00  -7.0494063e+01  -7.1145753e+01
  -5.8328603e+00  -7.0462302e+01  -7.1091171e+01
  -5.8016093e+00  -7.0351003e+01  -7.1029936e+01
  -5.7703584e+00  -7.0326920e+01  -7.1007077e+01
  -5.7391074e+00  -7.0281041e+01  -7.0931109e+01
  -5.7078565e+00  -7.0214506e+01  -7.0888981e+01
  -5.6766055e+00  -7.0208269e+01  -7.0829541e+01
  -5.6453546e+00  -7.0220777e+01  -7.0775641e+01
  -5.6141036e+00  -6.9978644e+01  -7.0731644e+01
  -5.5828527e+00  -6.9950633e+01  -7.0657891e+01
  -5.5516017e+00  -6.9989788e+01  -7.0618982e+01
  -5.5203508e+00  -6.9886618e+01  -7.0574452e+01
  -5.4890998e+00  -6.9889523e+01  -7.0505703e+01
  -5.4578489e+00  -6.9811125e+01  -7.0452306e+01
  -5.4265979e+00  -6.9755135e+01  -7.0387725e+01
  -5.3953469e+00  -6.9702479e+01  -7.0326920e+01
  -5.3640960e+00  -6.9630541e+01  -7.0288227e+01
  -5.3328450e+00  -6.9589676e+01  -7.0225865e+01
  -5.3015941e+00  -6.9533299e+01  -7.0144825e+01
  -5.2703431e+00  -6.9438036e+01  -7.0123335e+01
  -5.2390922e+00  -6.9335279e+01  -7.0042243e+01
  -5.2078412e+00  -6.9352773e+01  -6.9985495e+01
  -5.1765903e+00  -6.9166392e+01  -6.9924831e+01
  -5.1453393e+00  -6.9261632e+01  -6.9841780e+01
  -5.1140884e+00  -6.9205083e+01  -6.9793890e+01
  -5.0828374e+00  -6.9087547e+01  -6.9711384e+01
  -5.0515865e+00  -6.9049047e+01  -6.9675269e+01
  -5.0203355e+00  -6.8999638e+01  -6.9626543e+01
  -4.9890845e+00  -6.8903086e+01  -6.9531405e+01
  -4.9578336e+00  -6.8835059e+01  -6.9497532e+01
  -4.9265826e+00  -6.8829013e+01  -6.9405864e+01
  -4.8953317e+00  -6.8815027e+01  -6.9334443e+01
  -4.8640807e+00  -6.8673837e+01  -6.9312562e+01
  -4.8328298e+00  -6.8605232e+01  -6.9226986e+01
  -4.8015788e+00  -6.8522857e+01  -6.9131227e+01
  -4.7703279e+00  -6.8509312e+01  -6.9104260e+01
  -4.7390769e+00  -6.8395662e+01  -6.9027576e+01
  -4.7078260e+00  -6.8275933e+01  -6.8934548e+01
  -4.6765750e+00  -6.8268083e+01  -6.8880717e+01
  -4.6453241e+00  -6.8207529e+01  -6.8758655e+01
  -4.6140731e+00  -6.8125570e+01  -6.8693362e+01
  -4.5828221e+00  -6.8075947e+01  -6.8624620e+01
  -4.5515712e+00  -6.7960119e+01  -6.8578983e+01
  -4.5203202e+00  -6.7918472e+01  -6.8518795e+01
  -4.4890693e+00  -6.7798606e+01  -6.8391054e+01
  -4.4578183e+00  -6.7607578e+01  -6.8395386e+01
  -4.4265674e+00  -6.7635956e+01  -6.8246574e+01
  -4.3953164e+00  -6.7546866e+01  -6.8183460e+01
  -4.3640655e+00  -6.7437072e+01  -6.8174990e+01
  -4.3328145e+00  -6.7475366e+01  -6.8045157e+01
  -4.3015636e+00  -6.7372824e+01  -6.7947204e+01
  -4.2703126e+00  -6.7316247e+01  -6.7910393e+01
  -4.2390617e+00  -6.7224100e+01  -6.7837969e+01
  -4.2078107e+00  -6.7111141e+01  -6.7694390e+01
  -4.1765598e+00  -6.7012330e+01  -6.7639669e+01
  -4.1453088e+00  -6.7009402e+01  -6.7486539e+01
  -4.1140578e+00  -6.7022823e+01  -6.7381524e+01
  -4.0828069e+00  -6.6680874e+01  -6.7353966e+01
  -4.0515559e+00  -6.6679996e+01  -6.7270282e+01
  -4.0203050e+00  -6.6569742e+01  -6.7198445e+01
  -3.9890540e+00  -6.6505114e+01  -6.7036882e+01
  -3.9578031e+00  -6.6405688e+01  -6.7072192e+01
  -3.9265521e+00  -6.6366640e+01  -6.6829986e+01
  -3.8953012e+00  -6.6271020e+01  -6.6797550e+01
  -3.8640502e+00  -6.6193442e+01  -6.6783681e+01
  -3.8327993e+00  -6.6130981e+01  -6.6605049e+01
  -3.8015483e+00  -6.5853213e+01  -6.6505193e+01
  -3.7702974e+00  -6.5823627e+01  -6.6467611e+01
  -3.7390464e+00  -6.5781042e+01  -6.6374290e+01
  -3.7077954e+00  -6.5711358e+01  -6.6189394e+01
  -3.6765445e+00  -6.5577857e+01  -6.6098799e+01
  -3.6452935e+00  -6.5478709e+01  -6.5930464e+01
  -3.6140426e+00  -6.5325088e+01  -6.5764227e+01
  -3.5827916e+00  -6.5239084e+01  -6.5780221e+01
  -3.5515407e+00  -6.5058842e+01  -6.5600287e+01
  -3.5202897e+00  -6.4924541e+01  -6.5566750e+01
  -3.4890388e+00  -6.4881642e+01  -6.5359697e+01
  -3.4577878e+00  -6.4661291e+01  -6.5367959e+01
  -3.4265369e+00  -6.3813381e+01  -6.4973324e+01
  -3.3952859e+00  -6.3078400e+01  -6.4961584e+01
  -3.3640350e+00  -5.8659191e+01  -6.4917528e+01
  -3.3327840e+00  -5.4489059e+01  -6.4728415e+01
  -3.3015330e+00  -5.2227436e+01  -6.4573655e+01
  -3.2702821e+00  -5.0901839e+01  -6.4589934e+01
  -3.2390311e+00  -4.6681908e+01  -6.4392560e+01
  -3.2077802e+00  -5.5067940e+01  -6.4191760e+01
  -3.1765292e+00  -5.6234254e+01  -6.4011118e+01
  -3.1452783e+00  -5.5114344e+01  -6.3783005e+01
  -3.1140273e+00  -5.5579119e+01  -6.3554469e+01
  -3.0827764e+00  -5.5444246e+01  -6.3478575e+01
  -3.0515254e+00  -5.3733588e+01  -6.3016491e+01
  -3.0202745e+00  -5.2421628e+01  -6.3247771e+01
  -2.9890235e+00  -5.1750230e+01  -6.2920607e+01
  -2.9577726e+00  -4.9981768e+01  -6.2804680e+01
  -2.9265216e+00  -4.8920818e+01  -6.1994039e+01
  -2.8952706e+00  -4.8113196e+01  -6.1691305e+01
  -2.8640197e+00  -4.6741449e+01  -6.1515757e+01
  -2.8327687e+00  -4.5752596e+01  -6.1100308e+01
  -2.8015178e+00  -4.4470738e+01  -6.0900904e+01
  -2.7702668e+00  -4.4061471e+01  -6.1277564e+01
  -2.7390159e+00  -4.3571757e+01  -6.0603053e+01
  -2.7077649e+00  -4.1834234e+01  -6.0169364e+01
  -2.6765140e+00  -4.1810860e+01  -5.9656557e+01
  -2.6452630e+00  -4.1004482e+01  -5.9024433e+01
  -2.6140121e+00  -4.0239595e+01  -5.8729002e+01
  -2.5827611e+00  -3.9813508e+01  -5.6895139e+01
  -2.5515102e+00  -3.7512637e+01  -5.4691134e+01
  -2.5202592e+00  -3.6895846e+01  -5.4546720e+01
  -2.4890083e+00  -3.5787357e+01  -5.3929981e+01
  -2.4577573e+00  -3.4272734e+01  -5.4789890e+01
  -2.4265063e+00  -3.3574284e+01  -5.0951971e+01
  -2.3952554e+00  -3.3486788e+01  -4.5391217e+01
  -2.3640044e+00  -3.1200406e+01  -4.1503550e+01
  -2.3327535e+00  -2.9729736e+01  -3.6188773e+01
  -2.3015025e+00  -2.8560896e+01  -3.4367754e+01
  -2.2702516e+00  -2.8241721e+01  -3.1366902e+01
  -2.2390006e+00  -2.6996343e+01  -2.9374869e+01
  -2.2077497e+00  -2.5462368e+01  -2.7228781e+01
  -2.1764987e+00  -2.4088623e+01  -2.5704220e+01
  -2.1452478e+00  -2.2054195e+01  -2.2461065e+01
  -2.1139968e+00  -2.0170724e+01  -1.8663937e+01
  -2.0827459e+00  -3.6079256e+00  -9.7850246e-01
  -2.0514949e+00  -5.0255172e+00  -2.8050925e+00
  -2.0202439e+00  -7.8170478e+00  -5.6622204e+00
  -1.9889930e+00  -4.4665034e+00  -2.8332740e+00
  -1.9577420e+00  -2.9084766e+00  -1.4926259e+00
  -1.9264911e+00  -4.4476898e+00  -3.2047542e+00
  -1.8952401e+00  -6.4197581e+00  -5.3895312e+00
  -1.8639892e+00  -3.7314349e+00  -2.7015439e+00
  -1.8327382e+00  -3.4225608e+00  -2.4925164e+00
  -1.8014873e+00  -2.7370349e+00  -2.2489874e+00
  -1.7702363e+00  -5.1482899e+00  -4.7504976e+00
  -1.7389854e+00  -4.1454256e+00  -3.6246268e+00
  -1.7077344e+00  -1.0729429e+00  -7.1453708e-01
  -1.6764835e+00  -2.7977351e+00  -2.4852881e+00
  -1.6452325e+00  -4.7327310e+00  -4.6831173e+00
  -1.6139815e+00  -3.2541844e+00  -3.1764909e+00
  -1.5827306e+00  -1.7045094e+00  -1.6768348e+00
  -1.5514796e+00  -2.7716316e+00  -2.5630115e+00
  -1.5202287e+00  -5.4060108e+00  -5.7163585e+00
  -1.4889777e+00  -2.9863618e+00  -3.0196134e+00
  -1.4577268e+00  -1.8236992e+00  -1.9307637e+00
  -1.4264758e+00  -3.9212344e+00  -3.7323773e+00
  -1.3952249e+00  -4.9632093e+00  -5.2245427e+00
  -1.3639739e+00  -3.0844149e+00  -3.0629432e+00
  -1.3327230e+00  -1.8469111e+00  -1.9446312e+00
  -1.3014720e+00  -2.6740584e+00  -2.6084158e+00
  -1.2702211e+00  -5.3747461e+00  -5.7540494e+00
  -1.2389701e+00  -2.5015450e+00  -2.7924296e+00
  -1.2077191e+00  -1.5061512e+00  -1.7008100e+00
  -1.1764682e+00  -3.2757973e+00  -2.9045610e+00
  -1.1452172e+00  -4.9438672e+00  -5.1579033e+00
  -1.1139663e+00  -3.2760578e+00  -3.4258004e+00
  -1.0827153e+00  -1.2001177e+00  -1.2918283e+00
  -1.0514644e+00  -3.5341664e+00  -4.0166351e+00
  -1.0202134e+00  -5.8650617e+00  -6.2440595e+00
  -9.8896247e-01  -2.9895455e+00  -3.1824467e+00
  -9.5771152e-01  -6.3372270e-01  -6.8923491e-01
  -9.2646056e-01  -2.5184053e+00  -2.7123090e+00
  -8.9520961e-01  -5.0002824e+00  -5.4558654e+00
  -8.6395866e-01  -3.3600972e+00  -3.4650653e+00
  -8.3270770e-01  -1.2926057e+00  -1.3427868e+00
  -8.0145675e-01  -3.3174448e+00  -3.3527975e+00
  -7.7020580e-01  -4.8305796e+00  -4.5725336e+00
  -7.3895484e-01  -2.6645066e+00  -2.6237451e+00
  -7.0770389e-01  -2.2186331e+00  -2.0976696e+00
  -6.7645294e-01  -2.6302843e+00  -2.6478653e+00
  -6.4520198e-01  -4.8384926e+00  -4.7567444e+00
  -6.1395103e-01  -2.8571419e+00  -3.0808759e+00
  -5.8270007e-01  -1.8495149e+00  -1.7120004e+00
  -5.5144912e-01  -3.5355688e+00  -3.7917567e+00
  -5.2019817e-01  -4.9962394e+00  -5.2098890e+00
  -4.8894721e-01  -2.7973554e+00  -2.6354931e+00
  -4.5769626e-01  -1.5450230e+00  -1.7033136e+00
  -4.2644531e-01  -3.2497064e+00  -3.3782340e+00
  -3.9519435e-01  -4.6737288e+00  -4.6778143e+00
  -3.6394340e-01  -2.4465007e+00  -2.5393146e+00
  -3.3269244e-01  -1.9977729e+00  -2.0610455e+00
  -3.0144149e-01  -2.8762663e+00  -2.5763335e+00
  -2.7019054e-01  -5.7036374e+00  -5.8463459e+00
  -2.3893958e-01  -2.3165519e+00  -2.2531230e+00
  -2.0768863e-01  -1.5031041e+00  -1.5532257e+00
  -1.7643768e-01  -2.9212429e+00  -2.9883530e+00
  -1.4518672e-01  -4.3761720e+00  -4.8612622e+00
  -1.1393577e-01  -3.2067696e+00  -3.2615571e+00
  -8.2684815e-02  -1.7216901e+00  -1.8324286e+00
  -5.1433861e-02  -1.6167504e+01  -1.8949075e+01
  -2.0182908e-02  -1.7245281e+01  -2.1073554e+01
   1.1068046e-02  -1.5980221e+01  -1.9468680e+01
   4.2319000e-02  -1.4351699e+01  -1.4543428e+01
   7.3569954e-02  -2.8007632e+00  -2.9004571e+00
   1.0482091e-01  -5.1638601e+00  -5.3310523e+00
   1.3607186e-01  -1.6121721e+00  -1.6039183e+00
   1.6732281e-01  -1.7464277e+00  -1.8741683e+00
   1.9857377e-01  -3.7356441e+00  -3.6094494e+00
   2.2982472e-01  -4.4010960e+00  -4.4308871e+00
   2.6107568e-01  -2.5260025e+00  -2.8584858e+00
   2.9232663e-01  -1.1808879e+00  -1.2288972e+00
   3.2357758e-01  -4.0178330e+00  -4.5680197e+00
   3.5482854e-01  -4.2116688e+00  -4.1996174e+00
   3.8607949e-01  -2.9649275e+00  -2.9068164e+00
   4.1733044e-01  -1.7713000e+00  -1.8523725e+00
   4.4858140e-01  -2.6287192e+00  -2.5816459e+00
   4.7983235e-01  -5.7853501e+00  -6.0640056e+00
   5.1108331e-01  -2.5938165e+00  -2.8032450e+00
   5.4233426e-01  -1.3658264e+00  -1.6744391e+00
   5.7358521e-01  -2.8221437e+00  -3.0882613e+00
   6.0483617e-01  -4.7724759e+00  -5.2295070e+00
   6.3608712e-01  -3.2324984e+00  -3.3789548e+00
   6.6733807e-01  -1.3017791e+00  -1.3480078e+00
   6.9858903e-01  -2.7448518e+00  -2.7407046e+00
   7.2983998e-01  -5.0245028e+00  -5.1775445e+00
   7.6109093e-01  -2.7150278e+00  -2.6864910e+00
   7.9234189e-01  -1.2503800e+00  -1.2817750e+00
   8.2359284e-01  -2.2091301e+00  -2.2956955e+00
   8.5484380e-01  -5.9548029e+00  -6.4468648e+00
   8.8609475e-01  -3.8938362e+00  -3.6781734e+00
   9.1734570e-01  -1.5862906e+00  -1.4881473e+00
   9.4859666e-01  -2.0925327e+00  -2.2280358e+00
   9.7984761e-01  -5.1510348e+00  -5.2461004e+00
   1.0110986e+00  -3.1512927e+00  -3.5330213e+00
   1.0423495e+00  -9.3538339e-01  -8.9619485e-01
   1.0736005e+00  -3.3966865e+00  -3.4603089e+00
   1.1048514e+00  -4.4111440e+00  -4.8725231e+00
   1.1361024e+00  -2.9777009e+00  -3.0627063e+00
   1.1673533e+00  -1.3405206e+00  -1.2271469e+00
   1.1986043e+00  -2.4356635e+00  -2.4423159e+00
   1.2298552e+00  -5.3573612e+00  -5.2768024e+00
   1.2611062e+00  -2.9005276e+00  -2.9005074e+00
   1.2923571e+00  -9.5184717e-01  -9.2541566e-01
   1.3236081e+00  -3.1819759e+00  -3.4635580e+00
   1.3548591e+00  -5.4621313e+00  -5.2781274e+00
   1.3861100e+00  -2.4445084e+00  -2.4657124e+00
   1.4173610e+00  -6.7391054e-01  -6.3767028e-01
   1.4486119e+00  -3.1065877e+00  -3.1943522e+00
   1.4798629e+00  -4.6125091e+00  -4.6468564e+00
   1.5111138e+00  -2.5301837e+00  -2.3382601e+00
   1.5423648e+00  -5.4482360e-01  -4.8134382e-01
   1.5736157e+00  -3.0503680e+00  -2.7819802e+00
   1.6048667e+00  -6.3077413e+00  -6.2052980e+00
   1.6361176e+00  -3.2256390e+00  -2.9501958e+00
   1.6673686e+00  -1.8905002e+00  -1.6437716e+00
   1.6986195e+00  -3.1653059e+00  -2.7653565e+00
   1.7298705e+00  -5.6901935e+00  -5.5619928e+00
   1.7611215e+00  -3.5206751e+00  -2.9265487e+00
   1.7923724e+00  -2.3728773e+00  -1.8103204e+00
   1.8236234e+00  -3.8690865e+00  -3.0206031e+00
   1.8548743e+00  -5.8364926e+00  -5.1308070e+00
   1.8861253e+00  -3.8141201e+00  -2.5851762e+00
   1.9173762e+00  -2.3114107e+00  -1.1991116e+00
   1.9486272e+00  -4.4306014e+00  -3.1570714e+00
   1.9798781e+00  -6.5643029e+00  -5.0498894e+00
   2.0111291e+00  -4.8721313e+00  -3.1171349e+00
   2.0423800e+00  -3.9793275e+00  -1.6262363e+00
   2.0736310e+00  -5.7638423e+00  -3.2986965e+00
   2.1048819e+00  -1.0780286e+01  -8.3792060e+00
   2.1361329e+00  -1.7517261e+01  -1.5558755e+01
   2.1673839e+00  -2.0020980e+01  -1.8279690e+01
   2.1986348e+00  -2.3002861e+01  -2.3145709e+01
   2.2298858e+00  -2.5665329e+01  -2.6557723e+01
   2.2611367e+00  -2.7471486e+01  -2.9848814e+01
   2.2923877e+00  -2.8429479e+01  -3.3746109e+01
   2.3236386e+00  -3.0611731e+01  -3.8163943e+01
   2.3548896e+00  -3.1656669e+01  -4.2380809e+01
   2.3861405e+00  -3.2671771e+01  -4.9148801e+01
   2.4173915e+00  -3.4813433e+01  -5.3520713e+01
   2.4486424e+00  -3.4494918e+01  -5.2943611e+01
   2.4798934e+00  -3.5620294e+01  -5.4088072e+01
   2.5111443e+00  -3.6860272e+01  -5.4895885e+01
   2.5423953e+00  -3.7092742e+01  -5.6525897e+01
   2.5736462e+00  -3.8232773e+01  -5.6014977e+01
   2.6048972e+00  -3.9590441e+01  -5.6009456e+01
   2.6361482e+00  -3.9719759e+01  -5.6658776e+01
   2.6673991e+00  -4.0858936e+01  -5.7420061e+01
   2.6986501e+00  -4.1379451e+01  -5.8844859e+01
   2.7299010e+00  -4.2958154e+01  -6.0088651e+01
   2.7611520e+00  -4.4230377e+01  -5.9846906e+01
   2.7924029e+00  -4.4504184e+01  -6.0660750e+01
   2.8236539e+00  -4.6235062e+01  -6.0801734e+01
   2.8549048e+00  -4.7183776e+01  -6.0741074e+01
   2.8861558e+00  -4.8719862e+01  -6.1481565e+01
   2.9174067e+00  -5.0064878e+01  -6.2009821e+01
   2.9486577e+00  -4.9497788e+01  -6.2123293e+01
   2.9799086e+00  -5.1026061e+01  -6.2373526e+01
   3.0111596e+00  -5.1528138e+01  -6.2769072e+01
   3.0424106e+00  -5.2197294e+01  -6.3072316e+01
   3.0736615e+00  -5.3507635e+01  -6.2994863e+01
   3.1049125e+00  -5.5172802e+01  -6.3172381e+01
   3.1361634e+00  -5.4469854e+01  -6.3364268e+01
   3.1674144e+00  -5.4110736e+01  -6.3481942e+01
   3.1986653e+00  -5.4188729e+01  -6.3642331e+01
   3.2299163e+00  -5.0613062e+01  -6.3968239e+01
   3.2611672e+00  -4.8667938e+01  -6.4047190e+01
   3.2924182e+00  -4.9595837e+01  -6.4418961e+01
   3.3236691e+00  -5.3781976e+01  -6.4492187e+01
   3.3549201e+00  -5.8603477e+01  -6.4555270e+01
   3.3861710e+00  -6.0922042e+01  -6.4691180e+01
   3.4174220e+00  -6.3275937e+01  -6.4841066e+01
   3.4486730e+00  -6.4398471e+01  -6.5053708e+01
   3.4799239e+00  -6.4761391e+01  -6.5034514e+01
   3.5111749e+00  -6.4877307e+01  -6.5348959e+01
   3.5424258e+00  -6.4962175e+01  -6.5406066e+01
   3.5736768e+00  -6.5019051e+01  -6.5483749e+01
   3.6049277e+00  -6.5221589e+01  -6.5674015e+01
   3.6361787e+00  -6.5320664e+01  -6.5818731e+01
   3.6674296e+00  -6.5412752e+01  -6.5903036e+01
   3.6986806e+00  -6.5490726e+01  -6.5964853e+01
   3.7299315e+00  -6.5575669e+01  -6.6140547e+01
   3.7611825e+00  -6.5773021e+01  -6.6211511e+01
   3.7924334e+00  -6.5813917e+01  -6.6415931e+01
   3.8236844e+00  -6.5866243e+01  -6.6459589e+01
   3.8549354e+00  -6.6004631e+01  -6.6600336e+01
   3.8861863e+00  -6.6150664e+01  -6.6639554e+01
   3.9174373e+00  -6.6234787e+01  -6.6706213e+01
   3.9486882e+00  -6.6334554e+01  -6.6913172e+01
   3.9799392e+00  -6.6420354e+01  -6.6856980e+01
   4.0111901e+00  -6.6525721e+01  -6.7090853e+01
   4.0424411e+00  -6.6600038e+01  -6.7099354e+01
   4.0736920e+00  -6.6614468e+01  -6.7229698e+01
   4.1049430e+00  -6.6782124e+01  -6.7376451e+01
   4.1361939e+00  -6.6899569e+01  -6.7462757e+01
   4.1674449e+00  -6.6905987e+01  -6.7547281e+01
   4.1986958e+00  -6.7044619e+01  -6.7587949e+01
   4.2299468e+00  -6.7101360e+01  -6.7716333e+01
   4.2611977e+00  -6.7195246e+01  -6.7755236e+01
   4.2924487e+00  -6.7256670e+01  -6.7896550e+01
   4.3236997e+00  -6.7318067e+01  -6.7934414e+01
   4.3549506e+00  -6.7423032e+01  -6.8070912e+01
   4.3862016e+00  -6.7416474e+01  -6.8094396e+01
   4.4174525e+00  -6.7440567e+01  -6.8151089e+01
   4.4487035e+00  -6.7607077e+01  -6.8310621e+01
   4.4799544e+00  -6.7776143e+01  -6.8290686e+01
   4.5112054e+00  -6.7760199e+01  -6.8457173e+01
   4.5424563e+00  -6.7918244e+01  -6.8468837e+01
   4.5737073e+00  -6.7955140e+01  -6.8589367e+01
   4.6049582e+00  -6.8010011e+01  -6.8694172e+01
   4.6362092e+00  -6.8099514e+01  -6.8747222e+01
   4.6674601e+00  -6.8190302e+01  -6.8828067e+01
   4.6987111e+00  -6.8231888e+01  -6.8861854e+01
   4.7299621e+00  -6.8322402e+01  -6.8957889e+01
   4.7612130e+00  -6.8404783e+01  -6.8987773e+01
   4.7924640e+00  -6.8393853e+01  -6.9096922e+01
   4.8237149e+00  -6.8528633e+01  -6.9143822e+01
   4.8549659e+00  -6.8525236e+01  -6.9243991e+01
   4.8862168e+00  -6.8572166e+01  -6.9274151e+01
   4.9174678e+00  -6.8701230e+01  -6.9338470e+01
   4.9487187e+00  -6.8778949e+01  -6.9443670e+01
   4.9799697e+00  -6.8859414e+01  -6.9469912e+01
   5.0112206e+00  -6.8906292e+01  -6.9585338e+01
   5.0424716e+00  -6.8961419e+01  -6.9614459e+01
   5.0737225e+00  -6.9011894e+01  -6.9697388e+01
   5.1049735e+00  -6.9077677e+01  -6.9774139e+01
   5.1362245e+00  -6.9162350e+01  -6.9817226e+01
   5.1674754e+00  -6.9161457e+01  -6.9886543e+01
   5.1987264e+00  -6.9324176e+01  -6.9920947e+01
   5.2299773e+00  -6.9366716e+01  -6.9991445e+01
   5.2612283e+00  -6.9392010e+01  -7.0029921e+01
   5.2924792e+00  -6.9427733e+01  -7.0116451e+01
   5.3237302e+00  -6.9495541e+01  -7.0170176e+01
   5.3549811e+00  -6.9566282e+01  -7.0235547e+01
   5.3862321e+00  -6.9607591e+01  -7.0275297e+01
   5.4174830e+00  -6.9672296e+01  -7.0342486e+01
   5.4487340e+00  -6.9723273e+01  -7.0407097e+01
   5.4799849e+00  -6.9792654e+01  -7.0460655e+01
   5.5112359e+00  -6.9775305e+01  -7.0541813e+01
   5.5424869e+00  -6.9801132e+01  -7.0584838e+01
   5.5737378e+00  -6.9916630e+01  -7.0634982e+01
   5.6049888e+00  -6.9960300e+01  -7.0695779e+01
   5.6362397e+00  -6.9939814e+01  -7.0739675e+01
   5.6674907e+00  -7.0095309e+01  -7.0794902e+01
   5.6987416e+00  -7.0131717e+01  -7.0832548e+01
   5.7299926e+00  -7.0181585e+01  -7.0886825e+01
   5.7612435e+00  -7.0255571e+01  -7.0935412e+01
   5.7924945e+00  -7.0326272e+01  -7.1004254e+01
   5.8237454e+00  -7.0334922e+01  -7.1055736e+01
   5.8549964e+00  -7.0413003e+01  -7.1102049e+01
   5.8862473e+00  -7.0456078e+01  -7.1146834e+01
   5.9174983e+00  -7.0510662e+01  -7.1207551e+01
   5.9487492e+00  -7.0499836e+01  -7.1251611e+01
   5.9800002e+00  -7.0589213e+01  -7.1309376e+01
   6.0112512e+00  -7.0665947e+01  -7.1370587e+01
   6.0425021e+00  -7.0755737e+01  -7.1417263e+01
   6.0737531e+00  -7.0782325e+01  -7.1453721e+01
   6.1050040e+00  -7.0829439e+01  -7.1504971e+01
   6.1362550e+00  -7.0915270e+01  -7.1550353e+01
   6.1675059e+00  -7.0939043e+01  -7.1594704e+01
   6.1987569e+00  -7.0924045e+01  -7.1634186e+01
   6.2300078e+00  -7.0990361e+01  -7.1680582e+01
   6.2612588e+00  -7.1022010e+01  -7.1731413e+01
   6.2925097e+00  -7.1080348e+01  -7.1787085e+01
   6.3237607e+00  -7.1127385e+01  -7.1830855e+01
   6.3550116e+00  -7.1141927e+01  -7.1871523e+01
   6.3862626e+00  -7.1263112e+01  -7.1916022e+01
   6.4175136e+00  -7.1336379e+01  -7.1965731e+01
   6.4487645e+00  -7.1214092e+01  -7.2004064e+01
   6.4800155e+00  -7.1366946e+01  -7.2053149e+01
   6.5112664e+00  -7.1330507e+01  -7.2103841e+01
   6.5425174e+00  -7.1399752e+01  -7.2146342e+01
   6.5737683e+00  -7.1465699e+01  -7.2183187e+01
   6.6050193e+00  -7.1513827e+01  -7.2227464e+01
   6.6362702e+00  -7.1554059e+01  -7.2271259e+01
   6.6675212e+00  -7.1577043e+01  -7.2309647e+01
   6.6987721e+00  -7.1642496e+01  -7.2348377e+01
   6.7300231e+00  -7.1690257e+01  -7.2391028e+01
   6.7612740e+00  -7.1685397e+01  -7.2436861e+01
   6.7925250e+00  -7.1818819e+01  -7.2483287e+01
   6.8237760e+00  -7.1777487e+01  -7.2520199e+01
   6.8550269e+00  -7.1855091e+01  -7.2559976e+01
   6.8862779e+00  -7.1956068e+01  -7.2601083e+01
   6.9175288e+00  -7.1891023e+01  -7.2641280e+01
   6.9487798e+00  -7.1938293e+01  -7.2679485e+01
   6.9800307e+00  -7.1913902e+01  -7.2718698e+01
   7.0112817e+00  -7.1996843e+01  -7.2763255e+01
   7.0425326e+00  -7.2110603e+01  -7.2799667e+01
   7.0737836e+00  -7.2113892e+01  -7.2839408e+01
   7.1050345e+00  -7.2166054e+01  -7.2878235e+01
   7.1362855e+00  -7.2194327e+01  -7.2918170e+01
   7.1675364e+00  -7.2240586e+01  -7.2953644e+01
   7.1987874e+00  -7.2235596e+01  -7.2990082e+01
   7.2300384e+00  -7.2286265e+01  -7.3029529e+01
   7.2612893e+00  -7.2347645e+01  -7.3068362e+01
   7.2925403e+00  -7.2279872e+01  -7.3108318e+01
   7.3237912e+00  -7.2431091e+01  -7.3141801e+01
   7.3550422e+00  -7.2415438e+01  -7.3179727e+01
   7.3862931e+00  -7.2496624e+01  -7.3216683e+01
   7.4175441e+00  -7.2579228e+01  -7.3251288e+01
   7.4487950e+00  -7.2577595e+01  -7.3288694e+01
   7.4800460e+00  -7.2601155e+01  -7.3322110e+01
   7.5112969e+00  -7.2637856e+01  -7.3361784e+01
   7.5425479e+00  -7.2673147e+01  -7.3393978e+01
   7.5737988e+00  -7.2708854e+01  -7.3432770e+01
   7.6050498e+00  -7.2745804e+01  -7.3467599e+01
   7.6363007e+00  -7.2778012e+01  -7.3503323e+01
   7.6675517e+00  -7.2811942e+01  -7.3536617e+01
   7.6988027e+00  -7.2845466e+01  -7.3570476e+01
   7.7300536e+00  -7.2893906e+01  -7.3606203e+01
   7.7613046e+00  -7.2916607e+01  -7.3639743e+01
   7.7925555e+00  -7.2949791e+01  -7.3675004e+01
   7.8238065e+00  -7.2984945e+01  -7.3707056e+01
   7.8550574e+00  -7.3011086e+01  -7.3741550e+01
   7.8863084e+00  -7.3051772e+01  -7.3774849e+01
   7.9175593e+00  -7.3080590e+01  -7.3806683e+01
   7.9488103e+00  -7.3115007e+01  -7.3841279e+01
   7.9800612e+00  -7.3146762e+01  -7.3872211e+01
   8.0113122e+00  -7.3179253e+01  -7.3907334e+01
   8.0425631e+00  -7.3212025e+01  -7.3937394e+01
   8.0738141e+00  -7.3244835e+01  -7.3972081e+01
   8.1050651e+00  -7.3278599e+01  -7.4003967e+01
   8.1363160e+00  -7.3303420e+01  -7.4036158e+01
   8.1675670e+00  -7.3338800e+01  -7.4067125e+01
   8.1988179e+00  -7.3369078e+01  -7.4098535e+01
   8.2300689e+00  -7.3408623e+01  -7.4130586e+01
   8.2613198e+00  -7.3435696e+01  -7.4160967e+01
   8.2925708e+00  -7.3461476e+01  -7.4192671e+01
   8.3238217e+00  -7.3497486e+01  -7.4223233e+01
   8.3550727e+00  -7.3523194e+01  -7.4254192e+01
   8.3863236e+00  -7.3555958e+01  -7.4284566e+01
   8.4175746e+00  -7.3584891e+01  -7.4314482e+01
   8.4488255e+00  -7.3616273e+01  -7.4345557e+01
   8.4800765e+00  -7.3646134e+01  -7.4374910e+01
   8.5113275e+00  -7.3669293e+01  -7.4406040e+01
   8.5425784e+00  -7.3702053e+01  -7.4434671e+01
   8.5738294e+00  -7.3723848e+01  -7.4465056e+01
   8.6050803e+00  -7.3717322e+01  -7.4494456e+01
   8.6363313e+00  -7.3838033e+01  -7.4523833e+01
   8.6675822e+00  -7.3687757e+01  -7.4552494e+01
   8.6988332e+00  -7.3799080e+01  -7.4581521e+01
   8.7300841e+00  -7.3902670e+01  -7.4610505e+01
   8.7613351e+00  -7.3891723e+01  -7.4638746e+01
   8.7925860e+00  -7.3944799e+01  -7.4667594e+01
   8.8238370e+00  -7.3973183e+01  -7.4696043e+01
   8.8550879e+00  -7.3988557e+01  -7.4724186e+01
   8.8863389e+00  -7.4018168e+01  -7.4752153e+01
   8.9175899e+00  -7.4049295e+01  -7.4780034e+01
   8.9488408e+00  -7.4118558e+01  -7.4808052e+01
   8.9800918e+00  -7.4085876e+01  -7.4835565e+01
   9.0113427e+00  -7.4115465e+01  -7.4863503e+01
   9.0425937e+00  -7.4052427e+01  -7.4890511e+01
   9.0738446e+00  -7.4156139e+01  -7.4917778e+01
   9.1050956e+00  -7.4211789e+01  -7.4944863e+01
   9.1363465e+00  -7.4142744e+01  -7.4971862e+01
   9.1675975e+00  -7.4225737e+01  -7.4998438e+01
   9.1988484e+00  -7.4277698e+01  -7.5025157e+01
   9.2300994e+00  -7.4317634e+01  -7.5051691e+01
   9.2613503e+00  -7.4349244e+01  -7.5077978e+01
   9.2926013e+00  -7.4378087e+01  -7.5104391e+01
   9.3238522e+00  -7.4393791e+01  -7.5130563e+01
   9.3551032e+00  -7.4426585e+01  -7.5156473e+01
   9.3863542e+00  -7.4440207e+01  -7.5182310e+01
   9.4176051e+00  -7.4505457e+01  -7.5208062e+01
   9.4488561e+00  -7.4540313e+01  -7.5233683e+01
   9.4801070e+00  -7.4472714e+01  -7.5259154e+01
   9.5113580e+00  -7.4514849e+01  -7.5284607e+01
   9.5426089e+00  -7.4539826e+01  -7.5309751e+01
   9.5738599e+00  -7.4594410e+01  -7.5334795e+01
   9.6051108e+00  -7.4657471e+01  -7.5359752e+01
   9.6363618e+00  -7.4658192e+01  -7.5384629e+01
   9.6676127e+00  -7.4639312e+01  -7.5409284e+01
   9.6988637e+00  -7.4702740e+01  -7.5433886e+01
   9.7301146e+00  -7.4722345e+01  -7.5458350e+01
   9.7613656e+00  -7.4748271e+01  -7.5482697e+01
   9.7926166e+00  -7.4755847e+01  -7.5506973e+01
   9.8238675e+00  -7.4801667e+01  -7.5531082e+01
   9.8551185e+00  -7.4809576e+01  -7.5555039e+01
   9.8863694e+00  -7.4815603e+01  -7.5578913e+01
   9.9176204e+00  -7.4834171e+01  -7.5602669e+01
   9.9488713e+00  -7.4951069e+01  -7.5626298e+01
   9.9801223e+00  -7.4849165e+01  -7.5649816e+01
   1.0011373e+01  -7.4931106e+01  -7.5673235e+01
   1.0042624e+01  -7.4963795e+01  -7.5696511e+01
   1.0073875e+01  -7.4990838e+01  -7.5719674e+01
   1.0105126e+01  -7.5026551e+01  -7.5742724e+01
   1.0136377e+01  -7.5037549e+01  -7.5765681e+01
   1.0167628e+01  -7.5048513e+01  -7.5788511e+01
   1.0198879e+01  -7.5058320e+01  -7.5811228e+01
   1.0230130e+01  -7.5095685e+01  -7.5833838e+01
   1.0261381e+01  -7.5135100e+01  -7.5856342e+01
   1.0292632e+01  -7.5135593e+01  -7.5878737e+01
   1.0323883e+01  -7.5114717e+01  -7.5901017e+01
   1.0355134e+01  -7.5249111e+01  -7.5923181e+01
   1.0386385e+01  -7.5150789e+01  -7.5945248e+01
   1.0417636e+01  -7.5146540e+01  -7.5967203e+01
   1.0448887e+01  -7.5240194e+01  -7.5989052e+01
   1.0480138e+01  -7.5240624e+01  -7.6010794e+01
   1.0511388e+01  -7.5272763e+01  -7.6032433e+01
   1.0542639e+01  -7.5298695e+01  -7.6053965e+01
   1.0573890e+01  -7.5339118e+01  -7.6075393e+01
   1.0605141e+01  -7.5358553e+01  -7.6096716e+01
   1.0636392e+01  -7.5374049e+01  -7.6117938e+01
   1.0667643e+01  -7.5402651e+01  -7.6139057e+01
   1.0698894e+01  -7.5424613e+01  -7.6160072e+01
   1.0730145e+01  -7.5434932e+01  -7.6180986e+01
   1.0761396e+01  -7.5462879e+01  -7.6201800e+01
   1.0792647e+01  -7.5471311e+01  -7.6222511e+01
   1.0823898e+01  -7.5464943e+01  -7.6243124e+01
   1.0855149e+01  -7.5491693e+01  -7.6263636e+01
   1.0886400e+01  -7.5559859e+01  -7.6284049e+01
   1.0917651e+01  -7.5553680e+01  -7.6304364e+01
   1.0948902e+01  -7.5565499e+01  -7.6324581e+01
   1.0980153e+01  -7.5605843e+01  -7.6344700e+01
   1.1011404e+01  -7.5620929e+01  -7.6364722e+01
   1.1042655e+01  -7.5646350e+01  -7.6384648e+01
   1.1073906e+01  -7.5668256e+01  -7.6404478e+01
   1.1105157e+01  -7.5676556e+01  -7.6424212e+01
   1.1136408e+01  -7.5730080e+01  -7.6443851e+01
   1.1167659e+01  -7.5757462e+01  -7.6463395e+01
   1.1198909e+01  -7.5706446e+01  -7.6482845e+01
   1.1230160e+01  -7.5783875e+01  -7.6502201e+01
   1.1261411e+01  -7.5783655e+01  -7.6521464e+01
   1.1292662e+01  -7.5744935e+01  -7.6540634e+01
   1.1323913e+01  -7.5791827e+01  -7.6559712e+01
   1.1355164e+01  -7.5797856e+01  -7.6578698e+01
   1.1386415e+01  -7.5840622e+01  -7.6597592e+01
   1.1417666e+01  -7.5857321e+01  -7.6616395e+01
   1.1448917e+01  -7.5878644e+01  -7.6635108e+01
   1.1480168e+01  -7.5914061e+01  -7.6653730e+01
   1.1511419e+01  -7.5927519e+01  -7.6672263e+01
   1.1542670e+01  -7.5910337e+01  -7.6690706e+01
   1.1573921e+01  -7.5956616e+01  -7.6709061e+01
   1.1605172e+01  -7.5996892e+01  -7.6727326e+01
   1.1636423e+01  -7.5995927e+01  -7.6745504e+01
   1.1667674e+01  -7.6059679e+01  -7.6763594e+01
   1.1698925e+01  -7.5957827e+01  -7.6781597e+01
   1.1730176e+01  -7.6080499e+01  -7.6799512e+01
   1.1761427e+01  -7.6065386e+01  -7.6817341e+01
   1.1792678e+01  -7.6119288e+01  -7.6835084e+01
   1.1823929e+01  -7.6127153e+01  -7.6852741e+01
   1.1855179e+01  -7.6125997e+01  -7.6870313e+01
   1.1886430e+01  -7.6142453e+01  -7.6887799e+01
   1.1917681e+01  -7.6166363e+01  -7.6905201e+01
   1.1948932e+01  -7.6179376e+01  -7.6922519e+01
   1.1980183e+01  -7.6196409e+01  -7.6939753e+01
   1.2011434e+01  -7.6222290e+01  -7.6956903e+01
   1.2042685e+01  -7.6163952e+01  -7.6973970e+01
   1.2073936e+01  -7.6173658e+01  -7.6990954e+01
   1.2105187e+01  -7.6286467e+01  -7.7007856e+01
   1.2136438e+01  -7.6257877e+01  -7.7024674e+01
   1.2167689e+01  -7.6223468e+01  -7.7041412e+01
   1.2198940e+01  -7.6320351e+01  -7.7058068e+01
   1.2230191e+01  -7.6290151e+01  -7.7074643e+01
   1.2261442e+01  -7.6322980e+01  -7.7091137e+01
   1.2292693e+01  -7.6370618e+01  -7.7107551e+01
   1.2323944e+01  -7.6385291e+01  -7.7123885e+01
   1.2355195e+01  -7.6398476e+01  -7.7140139e+01
   1.2386446e+01  -7.6415108e+01  -7.7156312e+01
   1.2417697e+01  -7.6436935e+01  -7.7172407e+01
   1.2448948e+01  -7.6463485e+01  -7.7188424e+01
   1.2480199e+01  -7.6467641e+01  -7.7204361e+01
   1.2511450e+01  -7.6444526e+01  -7.7220221e+01
   1.2542700e+01  -7.6471065e+01  -7.7236002e+01
   1.2573951e+01  -7.6503909e+01  -7.7251706e+01
   1.2605202e+01  -7.6535803e+01  -7.7267332e+01
   1.2636453e+01  -7.6524601e+01  -7.7282882e+01
   1.2667704e+01  -7.6453924e+01  -7.7298354e+01
   1.2698955e+01  -7.6523872e+01  -7.7313751e+01
   1.2730206e+01  -7.6569818e+01  -7.7329071e+01
   1.2761457e+01  -7.6598158e+01  -7.7344315e+01
   1.2792708e+01  -7.6619411e+01  -7.7359484e+01
   1.2823959e+01  -7.6633680e+01  -7.7374578e+01
   1.2855210e+01  -7.6652207e+01  -7.7389596e+01
   1.2886461e+01  -7.6663775e+01  -7.7404540e+01
   1.2917712e+01  -7.6676760e+01  -7.7419409e+01
   1.2948963e+01  -7.6697732e+01  -7.7434204e+01
   1.2980214e+01  -7.6707392e+01  -7.7448926e+01
   1.3011465e+01  -7.6723804e+01  -7.7463573e+01
   1.3042716e+01  -7.6737538e+01  -7.7478148e+01
   1.3073967e+01  -7.6752421e+01  -7.7492649e+01
   1.3105218e+01  -7.6767564e+01  -7.7507078e+01
   1.3136469e+01  -7.6777973e+01  -7.7521433e+01
   1.3167720e+01  -7.6794454e+01  -7.7535717e+01
   1.3198971e+01  -7.6808970e+01  -7.7549928e+01
   1.3230221e+01  -7.6823341e+01  -7.7564068e+01
   1.3261472e+01  -7.6837008e+01  -7.7578136e+01
   1.3292723e+01  -7.6851769e+01  -7.7592132e+01
   1.3323974e+01  -7.6864729e+01  -7.7606059e+01
   1.3355225e+01  -7.6878277e+01  -7.7619914e+01
   1.3386476e+01  -7.6893885e+01  -7.7633698e+01
   1.3417727e+01  -7.6903273e+01  -7.7647412e+01
   1.3448978e+01  -7.6928407e+01  -7.7661056e+01
   1.3480229e+01  -7.6932890e+01  -7.7674630e+01
   1.3511480e+01  -7.6948452e+01  -7.7688134e+01
   1.3542731e+01  -7.6960032e+01  -7.7701570e+01
   1.3573982e+01  -7.6972320e+01  -7.7714935e+01
   1.3605233e+01  -7.6986638e+01  -7.7728233e+01
   1.3636484e+01  -7.7000190e+01  -7.7741461e+01
   1.3667735e+01  -7.7013614e+01  -7.7754620e+01
   1.3698986e+01  -7.7027100e+01  -7.7767712e+01
   1.3730237e+01  -7.7042382e+01  -7.7780736e+01
   1.3761488e+01  -7.7054927e+01  -7.7793690e+01
   1.3792739e+01  -7.7063962e+01  -7.7806578e+01
   1.3823990e+01  -7.7081277e+01  -7.7819399e+01
   1.3855241e+01  -7.7085207e+01  -7.7832153e+01
   1.3886491e+01  -7.7105346e+01  -7.7844840e+01
   1.3917742e+01  -7.7030769e+01  -7.7857459e+01
   1.3948993e+01  -7.7117649e+01  -7.7870012e+01
   1.3980244e+01  -7.7128380e+01  -7.7882499e+01
   1.4011495e+01  -7.7141785e+01  -7.7894920e+01
   1.4042746e+01  -7.7167630e+01  -7.7907275e+01
   1.4073997e+01  -7.7163877e+01  -7.7919564e+01
   1.4105248e+01  -7.7190758e+01  -7.7931787e+01
   1.4136499e+01  -7.7218244e+01  -7.7943945e+01
   1.4167750e+01  -7.7194269e+01  -7.7956038e+01
   1.4199001e+01  -7.7190049e+01  -7.7968066e+01
   1.4230252e+01  -7.7195818e+01  -7.7980030e+01
   1.4261503e+01  -7.7272884e+01  -7.7991929e+01
   1.4292754e+01  -7.7200991e+01  -7.8003763e+01
   1.4324005e+01  -7.7256772e+01  -7.8015533e+01
   1.4355256e+01  -7.7302200e+01  -7.8027239e+01
   1.4386507e+01  -7.7266588e+01  -7.8038881e+01
   1.4417758e+01  -7.7341955e+01  -7.8050460e+01
   1.4449009e+01  -7.7324846e+01  -7.8061975e+01
   1.4480260e+01  -7.7347770e+01  -7.8073427e+01
   1.4511511e+01  -7.7317454e+01  -7.8084815e+01
   1.4542762e+01  -7.7355841e+01  -7.8096142e+01
   1.4574012e+01  -7.7370615e+01  -7.8107405e+01
   1.4605263e+01  -7.7355120e+01  -7.8118605e+01
   1.4636514e+01  -7.7362073e+01  -7.8129743e+01
   1.4667765e+01  -7.7383635e+01  -7.8140820e+01
   1.4699016e+01  -7.7348450e+01  -7.8151834e+01
   1.4730267e+01  -7.7363060e+01  -7.8162785e+01
   1.4761518e+01  -7.7438271e+01  -7.8173677e+01
   1.4792769e+01  -7.7446511e+01  -7.8184504e+01
   1.4824020e+01  -7.7469497e+01  -7.8195272e+01
   1.4855271e+01  -7.7475878e+01  -7.8205977e+01
   1.4886522e+01  -7.7522461e+01  -7.8216621e+01
   1.4917773e+01  -7.7503992e+01  -7.8227208e+01
   1.4949024e+01  -7.7498341e+01  -7.8237729e+01
   1.4980275e+01  -7.7506682e+01  -7.8248191e+01
   1.5011526e+01  -7.7529427e+01  -7.8258594e+01
   1.5042777e+01  -7.7512871e+01  -7.8268936e+01
   1.5074028e+01  -7.7508597e+01  -7.8279218e+01
   1.5105279e+01  -7.7539331e+01  -7.8289440e+01
   1.5136530e+01  -7.7631495e+01  -7.8299601e+01
   1.5167781e+01  -7.7572513e+01  -7.8309703e+01
   1.5199032e+01  -7.7551098e+01  -7.8319747e+01
   1.5230282e+01  -7.7606950e+01  -7.8329729e+01
   1.5261533e+01  -7.7529911e+01  -7.8339654e+01
   1.5292784e+01  -7.7602792e+01  -7.8349518e+01
   1.5324035e+01  -7.7564939e+01  -7.8359324e+01
   1.5355286e+01  -7.7628797e+01  -7.8369072e+01
   1.5386537e+01  -7.7643196e+01  -7.8378759e+01
   1.5417788e+01  -7.7648043e+01  -7.8388390e+01
   1.5449039e+01  -7.7653788e+01  -7.8397961e+01
   1.5480290e+01  -7.7655971e+01  -7.8407473e+01
   1.5511541e+01  -7.7677919e+01  -7.8416929e+01
   1.5542792e+01  -7.7638057e+01  -7.8426325e+01
   1.5574043e+01  -7.7685305e+01  -7.8435665e+01
   1.5605294e+01  -7.7681646e+01  -7.8444946e+01
   1.5636545e+01  -7.7680845e+01  -7.8454169e+01
   1.5667796e+01  -7.7704701e+01  -7.8463336e+01
   1.5699047e+01  -7.7670417e+01  -7.8472445e+01
   1.5730298e+01  -7.7772398e+01  -7.8481496e+01
   1.5761549e+01  -7.7772335e+01  -7.8490491e+01
   1.5792800e+01  -7.7721505e+01  -7.8499428e+01
   1.5824051e+01  -7.7768735e+01  -7.8508310e+01
   1.5855302e+01  -7.7776929e+01  -7.8517133e+01
   1.5886553e+01  -7.7776620e+01  -7.8525900e+01
   1.5917803e+01  -7.7805132e+01  -7.8534611e+01
   1.5949054e+01  -7.7791934e+01  -7.8543266e+01
   1.5980305e+01  -7.7805203e+01  -7.8551865e+01
   1.6011556e+01  -7.7838455e+01  -7.8560405e+01
   1.6042807e+01  -7.7821211e+01  -7.8568894e+01
   1.6074058e+01  -7.7769011e+01  -7.8577323e+01
   1.6105309e+01  -7.7808563e+01  -7.8585697e+01
   1.6136560e+01  -7.7804722e+01  -7.8594020e+01
   1.6167811e+01  -7.7877825e+01  -7.8602282e+01
   1.6199062e+01  -7.7854489e+01  -7.8610488e+01
   1.6230313e+01  -7.7897091e+01  -7.8618641e+01
   1.6261564e+01  -7.7880961e+01  -7.8626740e+01
   1.6292815e+01  -7.7894171e+01  -7.8634778e+01
   1.6324066e+01  -7.7912063e+01  -7.8642769e+01
   1.6355317e+01  -7.7928730e+01  -7.8650698e+01
   1.6386568e+01  -7.7851704e+01  -7.8658576e+01
   1.6417819e+01  -7.7889016e+01  -7.8666402e+01
   1.6449070e+01  -7.7930509e+01  -7.8674168e+01
   1.6480321e+01  -7.7941510e+01  -7.8681883e+01
   1.6511572e+01  -7.7888423e+01  -7.8689539e+01
   1.6542823e+01  -7.7973757e+01  -7.8697150e+01
   1.6574074e+01  -7.7889727e+01  -7.8704696e+01
   1.6605324e+01  -7.7974947e+01  -7.8712196e+01
   1.6636575e+01  -7.7927884e+01  -7.8719643e+01
   1.6667826e+01  -7.7995177e+01  -7.8727029e+01
   1.6699077e+01  -7.8003139e+01  -7.8734364e+01
   1.6730328e+01  -7.8001715e+01  -7.8741649e+01
   1.6761579e+01  -7.8002575e+01  -7.8748876e+01
   1.6792830e+01  -7.8045596e+01  -7.8756044e+01
   1.6824081e+01  -7.8033038e+01  -7.8763169e+01
   1.6855332e+01  -7.8043097e+01  -7.8770237e+01
   1.6886583e+01  -7.8082907e+01  -7.8777251e+01
   1.6917834e+01  -7.8042878e+01  -7.8784217e+01
   1.6949085e+01  -7.8022111e+01  -7.8791122e+01
   1.6980336e+01  -7.8050179e+01  -7.8797979e+01
   1.7011587e+01  -7.8080090e+01  -7.8804780e+01
   1.7042838e+01  -7.8092052e+01  -7.8811531e+01
   1.7074089e+01  -7.8078420e+01  -7.8818226e+01
   1.7105340e+01  -7.8081518e+01  -7.8824873e+01
   1.7136591e+01  -7.8093112e+01  -7.8831465e+01
   1.7167842e+01  -7.8099338e+01  -7.8838004e+01
   1.7199093e+01  -7.8092583e+01  -7.8844491e+01
   1.7230344e+01  -7.8122607e+01  -7.8850927e+01
   1.7261594e+01  -7.8139064e+01  -7.8857309e+01
   1.7292845e+01  -7.8201749e+01  -7.8863641e+01
   1.7324096e+01  -7.8073846e+01  -7.8869919e+01
   1.7355347e+01  -7.8121350e+01  -7.8876145e+01
   1.7386598e+01  -7.8150694e+01  -7.8882320e+01
   1.7417849e+01  -7.8098761e+01  -7.8888442e+01
   1.7449100e+01  -7.8171962e+01  -7.8894515e+01
   1.7480351e+01  -7.8186062e+01  -7.8900530e+01
   1.7511602e+01  -7.8222018e+01  -7.8906502e+01
   1.7542853e+01  -7.8181484e+01  -7.8912420e+01
   1.7574104e+01  -7.8176199e+01  -7.8918291e+01
   1.7605355e+01  -7.8183498e+01  -7.8924101e+01
   1.7636606e+01  -7.8194148e+01  -7.8929860e+01
   1.7667857e+01  -7.8158314e+01  -7.8935577e+01
   1.7699108e+01  -7.8176910e+01  -7.8941237e+01
   1.7730359e+01  -7.8173173e+01  -7.8946826e+01
   1.7761610e+01  -7.8224976e+01  -7.8952406e+01
   1.7792861e+01  -7.8180666e+01  -7.8957925e+01
   1.7824112e+01  -7.8228890e+01  -7.8963366e+01
   1.7855363e+01  -7.8225081e+01  -7.8968760e+01
   1.7886614e+01  -7.8212952e+01  -7.8974118e+01
   1.7917865e+01  -7.8210661e+01  -7.8979439e+01
   1.7949115e+01  -7.8210227e+01  -7.8984683e+01
   1.7980366e+01  -7.8246840e+01  -7.8989857e+01
   1.8011617e+01  -7.8263866e+01  -7.8995042e+01
   1.8042868e+01  -7.8258935e+01  -7.9000144e+01
   1.8074119e+01  -7.8266995e+01  -7.9005214e+01
   1.8105370e+01  -7.8277321e+01  -7.9010217e+01
   1.8136621e+01  -7.8278723e+01  -7.9015147e+01
   1.8167872e+01  -7.8276733e+01  -7.9020071e+01
   1.8199123e+01  -7.8282275e+01  -7.9024931e+01
   1.8230374e+01  -7.8305549e+01  -7.9029673e+01
   1.8261625e+01  -7.8293462e+01  -7.9034477e+01
   1.8292876e+01  -7.8303124e+01  -7.9039209e+01
   1.8324127e+01  -7.8306384e+01  -7.9043808e+01
   1.8355378e+01  -7.8304533e+01  -7.9048405e+01
   1.8386629e+01  -7.8317051e+01  -7.9052964e+01
   1.8417880e+01  -7.8317594e+01  -7.9057538e+01
   1.8449131e+01  -7.8324376e+01  -7.9061929e+01
   1.8480382e+01  -7.8327277e+01  -7.9066259e+01
   1.8511633e+01  -7.8331531e+01  -7.9070743e+01
   1.8542884e+01  -7.8336660e+01  -7.9074958e+01
   1.8574135e+01  -7.8342294e+01  -7.9079274e+01
   1.8605385e+01  -7.8347807e+01  -7.9083495e+01
   1.8636636e+01  -7.8346669e+01  -7.9087599e+01
   1.8667887e+01  -7.8354198e+01  -7.9091785e+01
   1.8699138e+01  -7.8356090e+01  -7.9095845e+01
   1.8730389e+01  -7.8368774e+01  -7.9099786e+01
   1.8761640e+01  -7.8367456e+01  -7.9103773e+01
   1.8792891e+01  -7.8368708e+01  -7.9107728e+01
   1.8824142e+01  -7.8374923e+01  -7.9111550e+01
   1.8855393e+01  -7.8375119e+01  -7.9115376e+01
   1.8886644e+01  -7.8381180e+01  -7.9119140e+01
   1.8917895e+01  -7.8383977e+01  -7.9122812e+01
   1.8949146e+01  -7.8388122e+01  -7.9126599e+01
   1.8980397e+01  -7.8391790e+01  -7.9130559e+01
   1.9011648e+01  -7.8393351e+01  -7.9132862e+01
   1.9042899e+01  -7.8399837e+01  -7.9138861e+01
   1.9074150e+01  -7.8403413e+01  -7.9140545e+01
   1.9105401e+01  -7.8407732e+01  -7.9149329e+01
   1.9136652e+01  -7.8399126e+01  -7.9144863e+01
   1.9167903e+01  -7.8406284e+01  -7.9168206e+01
   1.9199154e+01  -7.8406354e+01  -7.9161157e+01
   1.9230405e+01  -7.8403494e+01  -7.9129198e+01
   1.9261656e+01  -7.8424376e+01  -7.9114494e+01
   1.9292906e+01  -7.8415327e+01  -7.9058690e+01
   1.9324157e+01  -7.8431940e+01  -7.9047619e+01
   1.9355408e+01  -7.8431642e+01  -7.9015709e+01
   1.9386659e+01  -7.8438786e+01  -7.8952615e+01
   1.9417910e+01  -7.8433837e+01  -7.8976113e+01
   1.9449161e+01  -7.8447388e+01  -7.9010794e+01
   1.9480412e+01  -7.8456994e+01  -7.9237852e+01
   1.9511663e+01  -7.8385261e+01  -7.8907721e+01
   1.9542914e+01  -7.8443584e+01  -7.8931893e+01
   1.9574165e+01  -7.8428422e+01  -7.9044445e+01
   1.9605416e+01  -7.8424455e+01  -7.9047155e+01
   1.9636667e+01  -7.8355822e+01  -7.9017037e+01
   1.9667918e+01  -7.8471155e+01  -7.8973525e+01
   1.9699169e+01  -7.8455653e+01  -7.9068486e+01
   1.9730420e+01  -7.8452627e+01  -7.8965270e+01
   1.9761671e+01  -7.8446971e+01  -7.9117085e+01
   1.9792922e+01  -7.8468853e+01  -7.9042627e+01
   1.9824173e+01  -7.8464215e+01  -7.8931033e+01
   1.9855424e+01  -7.8475200e+01  -7.9269170e+01
   1.9886675e+01  -7.8440559e+01  -7.9000702e+01
   1.9917926e+01  -7.8487770e+01  -7.9083326e+01
   1.9949177e+01  -7.8491614e+01  -7.9336253e+01
   1.9980427e+01  -7.8467463e+01  -7.9150291e+01
   2.0011678e+01  -7.8448226e+01  -7.9039742e+01
   2.0042929e+01  -7.8518658e+01  -7.9270727e+01
   2.0074180e+01  -7.8495795e+01  -7.9112029e+01
   2.0105431e+01  -7.8490071e+01  -7.9178285e+01
   2.0136682e+01  -7.8489819e+01  -7.9343072e+01
   2.0167933e+01  -7.8485881e+01  -7.9102890e+01
   2.0199184e+01  -7.8498299e+01  -7.9200034e+01
   2.0230435e+01  -7.8499684e+01  -7.9230525e+01
   2.0261686e+01  -7.8490200e+01  -7.9349392e+01
   2.0292937e+01  -7.8495006e+01  -7.9224164e+01
   2.0324188e+01  -7.8481680e+01  -7.9202644e+01
   2.0355439e+01  -7.8509781e+01  -7.9177972e+01
   2.0386690e+01  -7.8557801e+01  -7.9257047e+01
   2.0417941e+01  -7.8520769e+01  -7.9277198e+01
   2.0449192e+01  -7.8499730e+01  -7.9234021e+01
   2.0480443e+01  -7.8496777e+01  -7.9248972e+01
   2.0511694e+01  -7.8485010e+01  -7.9248729e+01
   2.0542945e+01  -7.8500879e+01  -7.9238621e+01
   2.0574196e+01  -7.8475807e+01  -7.9236016e+01
   2.0605447e+01  -7.8522430e+01  -7.9243074e+01
   2.0636697e+01  -7.8497934e+01  -7.9229339e+01
   2.0667948e+01  -7.8511596e+01  -7.9238392e+01
   2.0699199e+01  -7.8509607e+01  -7.9126558e+01
   2.0730450e+01  -7.8492443e+01  -7.9247370e+01
   2.0761701e+01  -7.8509256e+01  -7.9238092e+01
   2.0792952e+01  -7.8521448e+01  -7.9205209e+01
   2.0824203e+01  -7.8506003e+01  -7.9162246e+01
   2.0855454e+01  -7.8536574e+01  -7.9186735e+01
   2.0886705e+01  -7.8541318e+01  -7.9066532e+01
   2.0917956e+01  -7.8485751e+01  -7.9126023e+01
   2.0949207e+01  -7.8572117e+01  -7.9139922e+01
   2.0980458e+01  -7.8532290e+01  -7.9278903e+01
   2.1011709e+01  -7.8550025e+01  -7.9145076e+01
   2.1042960e+01  -7.8496866e+01  -7.9057534e+01
   2.1074211e+01  -7.8520235e+01  -7.9274838e+01
   2.1105462e+01  -7.8528070e+01  -7.9244257e+01
   2.1136713e+01  -7.8521863e+01  -7.8893490e+01
   2.1167964e+01  -7.8486819e+01  -7.9309899e+01
   2.1199215e+01  -7.8515380e+01  -7.9242929e+01
   2.1230466e+01  -7.8494692e+01  -7.9071147e+01
   2.1261717e+01  -7.8516879e+01  -7.9293164e+01
   2.1292968e+01  -7.8512890e+01  -7.9266671e+01
   2.1324218e+01  -7.8545440e+01  -7.9253760e+01
