  -2.1333333e+01  -7.7990112e+01  -7.8114137e+01
  -2.1302082e+01  -7.7985676e+01  -7.8089192e+01
  -2.1270831e+01  -7.7984853e+01  -7.8115921e+01
  -2.1239580e+01  -7.7876559e+01  -7.7924334e+01
  -2.1208330e+01  -7.7923156e+01  -7.7974414e+01
  -2.1177079e+01  -7.7948793e+01  -7.8255325e+01
  -2.1145828e+01  -7.7974837e+01  -7.8018023e+01
  -2.1114577e+01  -7.7974646e+01  -7.8186413e+01
  -2.1083326e+01  -7.7966453e+01  -7.8114802e+01
  -2.1052075e+01  -7.7987750e+01  -7.8027007e+01
  -2.1020824e+01  -7.7951960e+01  -7.7983229e+01
  -2.0989573e+01  -7.7910593e+01  -7.8249498e+01
  -2.0958322e+01  -7.7930263e+01  -7.8010448e+01
  -2.0927071e+01  -7.8024669e+01  -7.7984384e+01
  -2.0895820e+01  -7.7991264e+01  -7.8072845e+01
  -2.0864569e+01  -7.7930029e+01  -7.8199826e+01
  -2.0833318e+01  -7.7922799e+01  -7.7994267e+01
  -2.0802067e+01  -7.7986278e+01  -7.8136649e+01
  -2.0770816e+01  -7.7964589e+01  -7.8120911e+01
  -2.0739565e+01  -7.7944947e+01  -7.8082111e+01
  -2.0708314e+01  -7.7948976e+01  -7.8020203e+01
  -2.0677063e+01  -7.7963377e+01  -7.8122319e+01
  -2.0645812e+01  -7.7966752e+01  -7.8079991e+01
  -2.0614561e+01  -7.7978765e+01  -7.8121592e+01
  -2.0583310e+01  -7.7973696e+01  -7.8130734e+01
  -2.0552059e+01  -7.7920006e+01  -7.8107907e+01
  -2.0520809e+01  -7.7954125e+01  -7.8113527e+01
  -2.0489558e+01  -7.7915125e+01  -7.8109343e+01
  -2.0458307e+01  -7.7898070e+01  -7.8107850e+01
  -2.0427056e+01  -7.7888054e+01  -7.8088743e+01
  -2.0395805e+01  -7.7937401e+01  -7.8106218e+01
  -2.0364554e+01  -7.7929535e+01  -7.8062513e+01
  -2.0333303e+01  -7.7916994e+01  -7.7999950e+01
  -2.0302052e+01  -7.7959167e+01  -7.8110005e+01
  -2.0270801e+01  -7.7925884e+01  -7.8073784e+01
  -2.0239550e+01  -7.7942352e+01  -7.8017201e+01
  -2.0208299e+01  -7.7935601e+01  -7.8130079e+01
  -2.0177048e+01  -7.7924184e+01  -7.8036209e+01
  -2.0145797e+01  -7.7951184e+01  -7.8111763e+01
  -2.0114546e+01  -7.7897886e+01  -7.7957187e+01
  -2.0083295e+01  -7.7870849e+01  -7.7922633e+01
  -2.0052044e+01  -7.7866863e+01  -7.7964874e+01
  -2.0020793e+01  -7.7886297e+01  -7.8062816e+01
  -1.9989542e+01  -7.7903394e+01  -7.8100982e+01
  -1.9958291e+01  -7.7902596e+01  -7.7886804e+01
  -1.9927040e+01  -7.7868441e+01  -7.7947811e+01
  -1.9895789e+01  -7.7924245e+01  -7.8121151e+01
  -1.9864539e+01  -7.7888944e+01  -7.7910886e+01
  -1.9833288e+01  -7.7917948e+01  -7.7980210e+01
  -1.9802037e+01  -7.7913049e+01  -7.7945037e+01
  -1.9770786e+01  -7.7909268e+01  -7.8030768e+01
  -1.9739535e+01  -7.7905579e+01  -7.7850480e+01
  -1.9708284e+01  -7.7839422e+01  -7.7974107e+01
  -1.9677033e+01  -7.7871119e+01  -7.7916375e+01
  -1.9645782e+01  -7.7872480e+01  -7.8030682e+01
  -1.9614531e+01  -7.7876304e+01  -7.7863021e+01
  -1.9583280e+01  -7.7820756e+01  -7.7879396e+01
  -1.9552029e+01  -7.7844862e+01  -7.8000543e+01
  -1.9520778e+01  -7.7858264e+01  -7.8186982e+01
  -1.9489527e+01  -7.7904188e+01  -7.8113967e+01
  -1.9458276e+01  -7.7875075e+01  -7.7887403e+01
  -1.9427025e+01  -7.7836004e+01  -7.7999401e+01
  -1.9395774e+01  -7.7874422e+01  -7.7999736e+01
  -1.9364523e+01  -7.7872648e+01  -7.7685850e+01
  -1.9333272e+01  -7.7877689e+01  -7.7938416e+01
  -1.9302021e+01  -7.7888220e+01  -7.8066933e+01
  -1.9270770e+01  -7.7844471e+01  -7.7953755e+01
  -1.9239519e+01  -7.7847209e+01  -7.7963152e+01
  -1.9208268e+01  -7.7788798e+01  -7.7887932e+01
  -1.9177018e+01  -7.7854583e+01  -7.8000372e+01
  -1.9145767e+01  -7.7849410e+01  -7.8029360e+01
  -1.9114516e+01  -7.7874385e+01  -7.7966077e+01
  -1.9083265e+01  -7.7814197e+01  -7.7979120e+01
  -1.9052014e+01  -7.7844829e+01  -7.8016904e+01
  -1.9020763e+01  -7.7820913e+01  -7.8050541e+01
  -1.8989512e+01  -7.7796555e+01  -7.8021248e+01
  -1.8958261e+01  -7.7830690e+01  -7.8032032e+01
  -1.8927010e+01  -7.7823031e+01  -7.7972838e+01
  -1.8895759e+01  -7.7818920e+01  -7.7998369e+01
  -1.8864508e+01  -7.7818656e+01  -7.7994035e+01
  -1.8833257e+01  -7.7807148e+01  -7.7991288e+01
  -1.8802006e+01  -7.7806102e+01  -7.7986740e+01
  -1.8770755e+01  -7.7805521e+01  -7.7984807e+01
  -1.8739504e+01  -7.7802366e+01  -7.7979418e+01
  -1.8708253e+01  -7.7790695e+01  -7.7974908e+01
  -1.8677002e+01  -7.7796279e+01  -7.7973500e+01
  -1.8645751e+01  -7.7784575e+01  -7.7968017e+01
  -1.8614500e+01  -7.7780535e+01  -7.7964343e+01
  -1.8583249e+01  -7.7778746e+01  -7.7960461e+01
  -1.8551998e+01  -7.7769627e+01  -7.7956331e+01
  -1.8520748e+01  -7.7769632e+01  -7.7952724e+01
  -1.8489497e+01  -7.7764785e+01  -7.7948554e+01
  -1.8458246e+01  -7.7759038e+01  -7.7944720e+01
  -1.8426995e+01  -7.7769327e+01  -7.7940304e+01
  -1.8395744e+01  -7.7747810e+01  -7.7935972e+01
  -1.8364493e+01  -7.7737874e+01  -7.7931548e+01
  -1.8333242e+01  -7.7673409e+01  -7.7927422e+01
  -1.8301991e+01  -7.7764219e+01  -7.7922935e+01
  -1.8270740e+01  -7.7734344e+01  -7.7918384e+01
  -1.8239489e+01  -7.7733540e+01  -7.7914080e+01
  -1.8208238e+01  -7.7715691e+01  -7.7909567e+01
  -1.8176987e+01  -7.7631320e+01  -7.7905137e+01
  -1.8145736e+01  -7.7700778e+01  -7.7900466e+01
  -1.8114485e+01  -7.7709026e+01  -7.7895745e+01
  -1.8083234e+01  -7.7710834e+01  -7.7891098e+01
  -1.8051983e+01  -7.7698205e+01  -7.7886267e+01
  -1.8020732e+01  -7.7692779e+01  -7.7881517e+01
  -1.7989481e+01  -7.7676546e+01  -7.7876704e+01
  -1.7958230e+01  -7.7651561e+01  -7.7871805e+01
  -1.7926979e+01  -7.7642499e+01  -7.7866778e+01
  -1.7895728e+01  -7.7694734e+01  -7.7861760e+01
  -1.7864477e+01  -7.7653943e+01  -7.7856657e+01
  -1.7833227e+01  -7.7525881e+01  -7.7851579e+01
  -1.7801976e+01  -7.7676789e+01  -7.7846399e+01
  -1.7770725e+01  -7.7654346e+01  -7.7841154e+01
  -1.7739474e+01  -7.7645584e+01  -7.7835930e+01
  -1.7708223e+01  -7.7648807e+01  -7.7830611e+01
  -1.7676972e+01  -7.7638674e+01  -7.7825261e+01
  -1.7645721e+01  -7.7628508e+01  -7.7819840e+01
  -1.7614470e+01  -7.7617518e+01  -7.7814354e+01
  -1.7583219e+01  -7.7600988e+01  -7.7808843e+01
  -1.7551968e+01  -7.7601352e+01  -7.7803251e+01
  -1.7520717e+01  -7.7573423e+01  -7.7797630e+01
  -1.7489466e+01  -7.7533251e+01  -7.7791965e+01
  -1.7458215e+01  -7.7524789e+01  -7.7786238e+01
  -1.7426964e+01  -7.7595709e+01  -7.7780454e+01
  -1.7395713e+01  -7.7546196e+01  -7.7774621e+01
  -1.7364462e+01  -7.7544379e+01  -7.7768736e+01
  -1.7333211e+01  -7.7582159e+01  -7.7762803e+01
  -1.7301960e+01  -7.7539531e+01  -7.7756818e+01
  -1.7270709e+01  -7.7532972e+01  -7.7750779e+01
  -1.7239458e+01  -7.7556267e+01  -7.7744689e+01
  -1.7208207e+01  -7.7542229e+01  -7.7738546e+01
  -1.7176956e+01  -7.7528434e+01  -7.7732350e+01
  -1.7145706e+01  -7.7518637e+01  -7.7726102e+01
  -1.7114455e+01  -7.7537045e+01  -7.7719802e+01
  -1.7083204e+01  -7.7511275e+01  -7.7713450e+01
  -1.7051953e+01  -7.7470540e+01  -7.7707049e+01
  -1.7020702e+01  -7.7505915e+01  -7.7700594e+01
  -1.6989451e+01  -7.7436796e+01  -7.7694081e+01
  -1.6958200e+01  -7.7460600e+01  -7.7687516e+01
  -1.6926949e+01  -7.7506842e+01  -7.7680900e+01
  -1.6895698e+01  -7.7430697e+01  -7.7674234e+01
  -1.6864447e+01  -7.7474552e+01  -7.7667517e+01
  -1.6833196e+01  -7.7486513e+01  -7.7660739e+01
  -1.6801945e+01  -7.7446895e+01  -7.7653908e+01
  -1.6770694e+01  -7.7437865e+01  -7.7647029e+01
  -1.6739443e+01  -7.7434151e+01  -7.7640090e+01
  -1.6708192e+01  -7.7427122e+01  -7.7633103e+01
  -1.6676941e+01  -7.7398728e+01  -7.7626057e+01
  -1.6645690e+01  -7.7360135e+01  -7.7618958e+01
  -1.6614439e+01  -7.7453682e+01  -7.7611805e+01
  -1.6583188e+01  -7.7352727e+01  -7.7604610e+01
  -1.6551937e+01  -7.7359470e+01  -7.7597352e+01
  -1.6520686e+01  -7.7353307e+01  -7.7590042e+01
  -1.6489436e+01  -7.7313177e+01  -7.7582678e+01
  -1.6458185e+01  -7.7316388e+01  -7.7575256e+01
  -1.6426934e+01  -7.7265655e+01  -7.7567778e+01
  -1.6395683e+01  -7.7345497e+01  -7.7560252e+01
  -1.6364432e+01  -7.7331648e+01  -7.7552673e+01
  -1.6333181e+01  -7.7308246e+01  -7.7545029e+01
  -1.6301930e+01  -7.7319651e+01  -7.7537335e+01
  -1.6270679e+01  -7.7318931e+01  -7.7529588e+01
  -1.6239428e+01  -7.7305832e+01  -7.7521785e+01
  -1.6208177e+01  -7.7253507e+01  -7.7513925e+01
  -1.6176926e+01  -7.7266762e+01  -7.7506010e+01
  -1.6145675e+01  -7.7278280e+01  -7.7498038e+01
  -1.6114424e+01  -7.7265096e+01  -7.7490012e+01
  -1.6083173e+01  -7.7253960e+01  -7.7481938e+01
  -1.6051922e+01  -7.7253474e+01  -7.7473799e+01
  -1.6020671e+01  -7.7227185e+01  -7.7465607e+01
  -1.5989420e+01  -7.7243278e+01  -7.7457362e+01
  -1.5958169e+01  -7.7245249e+01  -7.7449058e+01
  -1.5926918e+01  -7.7195681e+01  -7.7440697e+01
  -1.5895667e+01  -7.7208887e+01  -7.7432282e+01
  -1.5864416e+01  -7.7200723e+01  -7.7423811e+01
  -1.5833165e+01  -7.7199251e+01  -7.7415280e+01
  -1.5801915e+01  -7.7173333e+01  -7.7406695e+01
  -1.5770664e+01  -7.7157116e+01  -7.7398052e+01
  -1.5739413e+01  -7.7143360e+01  -7.7389353e+01
  -1.5708162e+01  -7.7095000e+01  -7.7380597e+01
  -1.5676911e+01  -7.7201259e+01  -7.7371783e+01
  -1.5645660e+01  -7.7178529e+01  -7.7362913e+01
  -1.5614409e+01  -7.7092976e+01  -7.7353985e+01
  -1.5583158e+01  -7.7101197e+01  -7.7344999e+01
  -1.5551907e+01  -7.7076423e+01  -7.7335956e+01
  -1.5520656e+01  -7.7100762e+01  -7.7326856e+01
  -1.5489405e+01  -7.7080009e+01  -7.7317697e+01
  -1.5458154e+01  -7.7070472e+01  -7.7308480e+01
  -1.5426903e+01  -7.7072288e+01  -7.7299205e+01
  -1.5395652e+01  -7.7067499e+01  -7.7289871e+01
  -1.5364401e+01  -7.7030469e+01  -7.7280478e+01
  -1.5333150e+01  -7.7031164e+01  -7.7271030e+01
  -1.5301899e+01  -7.7065770e+01  -7.7261519e+01
  -1.5270648e+01  -7.7013048e+01  -7.7251951e+01
  -1.5239397e+01  -7.7093982e+01  -7.7242322e+01
  -1.5208146e+01  -7.6944412e+01  -7.7232641e+01
  -1.5176895e+01  -7.7044300e+01  -7.7222895e+01
  -1.5145645e+01  -7.6974591e+01  -7.7213093e+01
  -1.5114394e+01  -7.6992720e+01  -7.7203226e+01
  -1.5083143e+01  -7.6934990e+01  -7.7193302e+01
  -1.5051892e+01  -7.6956939e+01  -7.7183319e+01
  -1.5020641e+01  -7.6945100e+01  -7.7173277e+01
  -1.4989390e+01  -7.6927280e+01  -7.7163173e+01
  -1.4958139e+01  -7.6915037e+01  -7.7153009e+01
  -1.4926888e+01  -7.6904544e+01  -7.7142784e+01
  -1.4895637e+01  -7.6939526e+01  -7.7132497e+01
  -1.4864386e+01  -7.6840789e+01  -7.7122150e+01
  -1.4833135e+01  -7.6885421e+01  -7.7111745e+01
  -1.4801884e+01  -7.6852499e+01  -7.7101274e+01
  -1.4770633e+01  -7.6846324e+01  -7.7090745e+01
  -1.4739382e+01  -7.6867782e+01  -7.7080153e+01
  -1.4708131e+01  -7.6866127e+01  -7.7069505e+01
  -1.4676880e+01  -7.6775558e+01  -7.7058791e+01
  -1.4645629e+01  -7.6829288e+01  -7.7048016e+01
  -1.4614378e+01  -7.6798970e+01  -7.7037176e+01
  -1.4583127e+01  -7.6786192e+01  -7.7026276e+01
  -1.4551876e+01  -7.6771889e+01  -7.7015312e+01
  -1.4520625e+01  -7.6757465e+01  -7.7004288e+01
  -1.4489374e+01  -7.6735357e+01  -7.6993201e+01
  -1.4458124e+01  -7.6734589e+01  -7.6982050e+01
  -1.4426873e+01  -7.6691991e+01  -7.6970835e+01
  -1.4395622e+01  -7.6701628e+01  -7.6959557e+01
  -1.4364371e+01  -7.6691531e+01  -7.6948216e+01
  -1.4333120e+01  -7.6728796e+01  -7.6936812e+01
  -1.4301869e+01  -7.6621475e+01  -7.6925343e+01
  -1.4270618e+01  -7.6691110e+01  -7.6913811e+01
  -1.4239367e+01  -7.6578144e+01  -7.6902214e+01
  -1.4208116e+01  -7.6637241e+01  -7.6890554e+01
  -1.4176865e+01  -7.6602127e+01  -7.6878828e+01
  -1.4145614e+01  -7.6632803e+01  -7.6867038e+01
  -1.4114363e+01  -7.6606626e+01  -7.6855182e+01
  -1.4083112e+01  -7.6578438e+01  -7.6843262e+01
  -1.4051861e+01  -7.6546141e+01  -7.6831276e+01
  -1.4020610e+01  -7.6606740e+01  -7.6819225e+01
  -1.3989359e+01  -7.6523786e+01  -7.6807107e+01
  -1.3958108e+01  -7.6540882e+01  -7.6794924e+01
  -1.3926857e+01  -7.6497579e+01  -7.6782675e+01
  -1.3895606e+01  -7.6479947e+01  -7.6770360e+01
  -1.3864355e+01  -7.6444619e+01  -7.6757978e+01
  -1.3833104e+01  -7.6473027e+01  -7.6745529e+01
  -1.3801853e+01  -7.6435605e+01  -7.6733013e+01
  -1.3770603e+01  -7.6448285e+01  -7.6720430e+01
  -1.3739352e+01  -7.6409792e+01  -7.6707779e+01
  -1.3708101e+01  -7.6422441e+01  -7.6695060e+01
  -1.3676850e+01  -7.6426243e+01  -7.6682273e+01
  -1.3645599e+01  -7.6417485e+01  -7.6669418e+01
  -1.3614348e+01  -7.6405164e+01  -7.6656497e+01
  -1.3583097e+01  -7.6410179e+01  -7.6643506e+01
  -1.3551846e+01  -7.6376735e+01  -7.6630448e+01
  -1.3520595e+01  -7.6350563e+01  -7.6617318e+01
  -1.3489344e+01  -7.6345892e+01  -7.6604120e+01
  -1.3458093e+01  -7.6326910e+01  -7.6590852e+01
  -1.3426842e+01  -7.6326008e+01  -7.6577515e+01
  -1.3395591e+01  -7.6308017e+01  -7.6564110e+01
  -1.3364340e+01  -7.6290284e+01  -7.6550632e+01
  -1.3333089e+01  -7.6274294e+01  -7.6537085e+01
  -1.3301838e+01  -7.6258993e+01  -7.6523467e+01
  -1.3270587e+01  -7.6247425e+01  -7.6509778e+01
  -1.3239336e+01  -7.6232311e+01  -7.6496018e+01
  -1.3208085e+01  -7.6220434e+01  -7.6482186e+01
  -1.3176834e+01  -7.6205616e+01  -7.6468282e+01
  -1.3145583e+01  -7.6191908e+01  -7.6454308e+01
  -1.3114333e+01  -7.6162155e+01  -7.6440261e+01
  -1.3083082e+01  -7.6132624e+01  -7.6426142e+01
  -1.3051831e+01  -7.6105193e+01  -7.6411950e+01
  -1.3020580e+01  -7.6136579e+01  -7.6397685e+01
  -1.2989329e+01  -7.6108905e+01  -7.6383347e+01
  -1.2958078e+01  -7.6142097e+01  -7.6368936e+01
  -1.2926827e+01  -7.6078716e+01  -7.6354451e+01
  -1.2895576e+01  -7.6047037e+01  -7.6339892e+01
  -1.2864325e+01  -7.6046483e+01  -7.6325258e+01
  -1.2833074e+01  -7.6033247e+01  -7.6310550e+01
  -1.2801823e+01  -7.6027117e+01  -7.6295767e+01
  -1.2770572e+01  -7.5998666e+01  -7.6280910e+01
  -1.2739321e+01  -7.5989925e+01  -7.6265976e+01
  -1.2708070e+01  -7.5971618e+01  -7.6250968e+01
  -1.2676819e+01  -7.5940892e+01  -7.6235883e+01
  -1.2645568e+01  -7.5908507e+01  -7.6220722e+01
  -1.2614317e+01  -7.5907951e+01  -7.6205485e+01
  -1.2583066e+01  -7.5822208e+01  -7.6190170e+01
  -1.2551815e+01  -7.5853605e+01  -7.6174778e+01
  -1.2520564e+01  -7.5872973e+01  -7.6159310e+01
  -1.2489313e+01  -7.5863745e+01  -7.6143762e+01
  -1.2458062e+01  -7.5827897e+01  -7.6128137e+01
  -1.2426812e+01  -7.5819890e+01  -7.6112434e+01
  -1.2395561e+01  -7.5815302e+01  -7.6096652e+01
  -1.2364310e+01  -7.5800466e+01  -7.6080791e+01
  -1.2333059e+01  -7.5797972e+01  -7.6064851e+01
  -1.2301808e+01  -7.5767793e+01  -7.6048831e+01
  -1.2270557e+01  -7.5775521e+01  -7.6032731e+01
  -1.2239306e+01  -7.5738266e+01  -7.6016550e+01
  -1.2208055e+01  -7.5699192e+01  -7.6000290e+01
  -1.2176804e+01  -7.5717453e+01  -7.5983949e+01
  -1.2145553e+01  -7.5681268e+01  -7.5967526e+01
  -1.2114302e+01  -7.5674302e+01  -7.5951022e+01
  -1.2083051e+01  -7.5634032e+01  -7.5934434e+01
  -1.2051800e+01  -7.5625414e+01  -7.5917765e+01
  -1.2020549e+01  -7.5600657e+01  -7.5901014e+01
  -1.1989298e+01  -7.5637582e+01  -7.5884178e+01
  -1.1958047e+01  -7.5598370e+01  -7.5867260e+01
  -1.1926796e+01  -7.5563918e+01  -7.5850257e+01
  -1.1895545e+01  -7.5548985e+01  -7.5833171e+01
  -1.1864294e+01  -7.5517035e+01  -7.5816000e+01
  -1.1833043e+01  -7.5506935e+01  -7.5798744e+01
  -1.1801792e+01  -7.5472743e+01  -7.5781403e+01
  -1.1770542e+01  -7.5444690e+01  -7.5763976e+01
  -1.1739291e+01  -7.5430951e+01  -7.5746463e+01
  -1.1708040e+01  -7.5380353e+01  -7.5728864e+01
  -1.1676789e+01  -7.5415466e+01  -7.5711178e+01
  -1.1645538e+01  -7.5364694e+01  -7.5693405e+01
  -1.1614287e+01  -7.5370121e+01  -7.5675544e+01
  -1.1583036e+01  -7.5380562e+01  -7.5657595e+01
  -1.1551785e+01  -7.5327110e+01  -7.5639557e+01
  -1.1520534e+01  -7.5324762e+01  -7.5621431e+01
  -1.1489283e+01  -7.5307143e+01  -7.5603215e+01
  -1.1458032e+01  -7.5321459e+01  -7.5584910e+01
  -1.1426781e+01  -7.5287413e+01  -7.5566514e+01
  -1.1395530e+01  -7.5257442e+01  -7.5548028e+01
  -1.1364279e+01  -7.5209344e+01  -7.5529451e+01
  -1.1333028e+01  -7.5110482e+01  -7.5510783e+01
  -1.1301777e+01  -7.5110475e+01  -7.5492022e+01
  -1.1270526e+01  -7.5091435e+01  -7.5473170e+01
  -1.1239275e+01  -7.5127952e+01  -7.5454225e+01
  -1.1208024e+01  -7.5200533e+01  -7.5435185e+01
  -1.1176773e+01  -7.5075717e+01  -7.5416052e+01
  -1.1145522e+01  -7.5074943e+01  -7.5396825e+01
  -1.1114271e+01  -7.5071803e+01  -7.5377505e+01
  -1.1083021e+01  -7.5045587e+01  -7.5358088e+01
  -1.1051770e+01  -7.5037826e+01  -7.5338576e+01
  -1.1020519e+01  -7.5026452e+01  -7.5318968e+01
  -1.0989268e+01  -7.5010767e+01  -7.5299263e+01
  -1.0958017e+01  -7.4955717e+01  -7.5279461e+01
  -1.0926766e+01  -7.5020011e+01  -7.5259562e+01
  -1.0895515e+01  -7.4944452e+01  -7.5239564e+01
  -1.0864264e+01  -7.4884480e+01  -7.5219468e+01
  -1.0833013e+01  -7.4861370e+01  -7.5199273e+01
  -1.0801762e+01  -7.4807821e+01  -7.5178977e+01
  -1.0770511e+01  -7.4848327e+01  -7.5158582e+01
  -1.0739260e+01  -7.4820081e+01  -7.5138085e+01
  -1.0708009e+01  -7.4811834e+01  -7.5117490e+01
  -1.0676758e+01  -7.4782140e+01  -7.5096791e+01
  -1.0645507e+01  -7.4763199e+01  -7.5075991e+01
  -1.0614256e+01  -7.4742206e+01  -7.5055083e+01
  -1.0583005e+01  -7.4724413e+01  -7.5034079e+01
  -1.0551754e+01  -7.4675608e+01  -7.5012967e+01
  -1.0520503e+01  -7.4675105e+01  -7.4991750e+01
  -1.0489252e+01  -7.4688114e+01  -7.4970430e+01
  -1.0458001e+01  -7.4592369e+01  -7.4948995e+01
  -1.0426750e+01  -7.4607174e+01  -7.4927468e+01
  -1.0395500e+01  -7.4499667e+01  -7.4905828e+01
  -1.0364249e+01  -7.4487784e+01  -7.4884077e+01
  -1.0332998e+01  -7.4546244e+01  -7.4862225e+01
  -1.0301747e+01  -7.4512840e+01  -7.4840247e+01
  -1.0270496e+01  -7.4466771e+01  -7.4818178e+01
  -1.0239245e+01  -7.4462523e+01  -7.4795984e+01
  -1.0207994e+01  -7.4444705e+01  -7.4773693e+01
  -1.0176743e+01  -7.4432137e+01  -7.4751283e+01
  -1.0145492e+01  -7.4422634e+01  -7.4728774e+01
  -1.0114241e+01  -7.4351876e+01  -7.4706135e+01
  -1.0082990e+01  -7.4297426e+01  -7.4683401e+01
  -1.0051739e+01  -7.4323781e+01  -7.4660540e+01
  -1.0020488e+01  -7.4327311e+01  -7.4637558e+01
  -9.9892371e+00  -7.4412435e+01  -7.4614474e+01
  -9.9579862e+00  -7.4309118e+01  -7.4591224e+01
  -9.9267352e+00  -7.4260141e+01  -7.4567940e+01
  -9.8954843e+00  -7.4207960e+01  -7.4544512e+01
  -9.8642333e+00  -7.4223513e+01  -7.4520924e+01
  -9.8329824e+00  -7.4110066e+01  -7.4497276e+01
  -9.8017314e+00  -7.4161148e+01  -7.4473419e+01
  -9.7704805e+00  -7.4120605e+01  -7.4449523e+01
  -9.7392295e+00  -7.4097021e+01  -7.4425445e+01
  -9.7079786e+00  -7.4064843e+01  -7.4401297e+01
  -9.6767276e+00  -7.3962618e+01  -7.4376954e+01
  -9.6454766e+00  -7.4044346e+01  -7.4352638e+01
  -9.6142257e+00  -7.4013346e+01  -7.4328123e+01
  -9.5829747e+00  -7.3937375e+01  -7.4303473e+01
  -9.5517238e+00  -7.3868925e+01  -7.4278648e+01
  -9.5204728e+00  -7.3929253e+01  -7.4253709e+01
  -9.4892219e+00  -7.3851491e+01  -7.4228656e+01
  -9.4579709e+00  -7.3757350e+01  -7.4203425e+01
  -9.4267200e+00  -7.3853327e+01  -7.4178199e+01
  -9.3954690e+00  -7.3793615e+01  -7.4152819e+01
  -9.3642181e+00  -7.3788198e+01  -7.4127167e+01
  -9.3329671e+00  -7.3752681e+01  -7.4101543e+01
  -9.3017162e+00  -7.3729707e+01  -7.4075620e+01
  -9.2704652e+00  -7.3710074e+01  -7.4049633e+01
  -9.2392143e+00  -7.3665330e+01  -7.4023485e+01
  -9.2079633e+00  -7.3634922e+01  -7.3997294e+01
  -9.1767123e+00  -7.3654992e+01  -7.3970678e+01
  -9.1454614e+00  -7.3541083e+01  -7.3944531e+01
  -9.1142104e+00  -7.3518634e+01  -7.3917985e+01
  -9.0829595e+00  -7.3466098e+01  -7.3891220e+01
  -9.0517085e+00  -7.3445392e+01  -7.3864079e+01
  -9.0204576e+00  -7.3489212e+01  -7.3836879e+01
  -8.9892066e+00  -7.3482481e+01  -7.3809630e+01
  -8.9579557e+00  -7.3490167e+01  -7.3782312e+01
  -8.9267047e+00  -7.3414979e+01  -7.3754856e+01
  -8.8954538e+00  -7.3379448e+01  -7.3727279e+01
  -8.8642028e+00  -7.3351354e+01  -7.3699410e+01
  -8.8329519e+00  -7.3322695e+01  -7.3671544e+01
  -8.8017009e+00  -7.3247829e+01  -7.3643495e+01
  -8.7704499e+00  -7.3237070e+01  -7.3614829e+01
  -8.7391990e+00  -7.3197556e+01  -7.3586613e+01
  -8.7079480e+00  -7.3207046e+01  -7.3557981e+01
  -8.6766971e+00  -7.3128310e+01  -7.3528894e+01
  -8.6454461e+00  -7.3174975e+01  -7.3500583e+01
  -8.6141952e+00  -7.3116890e+01  -7.3471913e+01
  -8.5829442e+00  -7.3057177e+01  -7.3442915e+01
  -8.5516933e+00  -7.3072130e+01  -7.3413117e+01
  -8.5204423e+00  -7.3048954e+01  -7.3382982e+01
  -8.4891914e+00  -7.2980119e+01  -7.3353508e+01
  -8.4579404e+00  -7.2970602e+01  -7.3323769e+01
  -8.4266895e+00  -7.2942131e+01  -7.3293799e+01
  -8.3954385e+00  -7.2905551e+01  -7.3263621e+01
  -8.3641875e+00  -7.2876961e+01  -7.3233645e+01
  -8.3329366e+00  -7.2746341e+01  -7.3203352e+01
  -8.3016856e+00  -7.2757037e+01  -7.3172945e+01
  -8.2704347e+00  -7.2761209e+01  -7.3140735e+01
  -8.2391837e+00  -7.2734846e+01  -7.3110655e+01
  -8.2079328e+00  -7.2717425e+01  -7.3078651e+01
  -8.1766818e+00  -7.2689050e+01  -7.3047646e+01
  -8.1454309e+00  -7.2650840e+01  -7.3015577e+01
  -8.1141799e+00  -7.2617830e+01  -7.2985110e+01
  -8.0829290e+00  -7.2586366e+01  -7.2953832e+01
  -8.0516780e+00  -7.2550101e+01  -7.2921628e+01
  -8.0204271e+00  -7.2520530e+01  -7.2887215e+01
  -7.9891761e+00  -7.2487587e+01  -7.2855952e+01
  -7.9579251e+00  -7.2454267e+01  -7.2822554e+01
  -7.9266742e+00  -7.2418909e+01  -7.2789957e+01
  -7.8954232e+00  -7.2390900e+01  -7.2756730e+01
  -7.8641723e+00  -7.2355201e+01  -7.2724857e+01
  -7.8329213e+00  -7.2306241e+01  -7.2692558e+01
  -7.8016704e+00  -7.2284150e+01  -7.2658361e+01
  -7.7704194e+00  -7.2235460e+01  -7.2622397e+01
  -7.7391685e+00  -7.2179915e+01  -7.2589951e+01
  -7.7079175e+00  -7.2049592e+01  -7.2553400e+01
  -7.6766666e+00  -7.2128499e+01  -7.2521663e+01
  -7.6454156e+00  -7.2119390e+01  -7.2482857e+01
  -7.6141647e+00  -7.2078355e+01  -7.2451602e+01
  -7.5829137e+00  -7.2037177e+01  -7.2417820e+01
  -7.5516628e+00  -7.2016074e+01  -7.2384361e+01
  -7.5204118e+00  -7.1994801e+01  -7.2343929e+01
  -7.4891608e+00  -7.1840967e+01  -7.2311411e+01
  -7.4579099e+00  -7.1881029e+01  -7.2272164e+01
  -7.4266589e+00  -7.1902963e+01  -7.2236774e+01
  -7.3954080e+00  -7.1829739e+01  -7.2200239e+01
  -7.3641570e+00  -7.1803092e+01  -7.2165864e+01
  -7.3329061e+00  -7.1673825e+01  -7.2132924e+01
  -7.3016551e+00  -7.1714844e+01  -7.2091860e+01
  -7.2704042e+00  -7.1685901e+01  -7.2053894e+01
  -7.2391532e+00  -7.1616122e+01  -7.2016303e+01
  -7.2079023e+00  -7.1601965e+01  -7.1975260e+01
  -7.1766513e+00  -7.1552920e+01  -7.1942157e+01
  -7.1454004e+00  -7.1513095e+01  -7.1895301e+01
  -7.1141494e+00  -7.1471393e+01  -7.1864071e+01
  -7.0828984e+00  -7.1452966e+01  -7.1826989e+01
  -7.0516475e+00  -7.1374911e+01  -7.1793111e+01
  -7.0203965e+00  -7.1360293e+01  -7.1745811e+01
  -6.9891456e+00  -7.1352621e+01  -7.1711026e+01
  -6.9578946e+00  -7.1226021e+01  -7.1664548e+01
  -6.9266437e+00  -7.1235089e+01  -7.1625393e+01
  -6.8953927e+00  -7.1165232e+01  -7.1585518e+01
  -6.8641418e+00  -7.1091682e+01  -7.1545917e+01
  -6.8328908e+00  -7.1193394e+01  -7.1513712e+01
  -6.8016399e+00  -7.1066666e+01  -7.1463542e+01
  -6.7703889e+00  -7.1032024e+01  -7.1426475e+01
  -6.7391380e+00  -7.0987605e+01  -7.1378903e+01
  -6.7078870e+00  -7.0946250e+01  -7.1335966e+01
  -6.6766360e+00  -7.0897338e+01  -7.1295151e+01
  -6.6453851e+00  -7.0831273e+01  -7.1245971e+01
  -6.6141341e+00  -7.0776833e+01  -7.1213320e+01
  -6.5828832e+00  -7.0709242e+01  -7.1171384e+01
  -6.5516322e+00  -7.0749773e+01  -7.1135042e+01
  -6.5203813e+00  -7.0602100e+01  -7.1082220e+01
  -6.4891303e+00  -7.0701295e+01  -7.1040600e+01
  -6.4578794e+00  -7.0578177e+01  -7.0988664e+01
  -6.4266284e+00  -7.0523924e+01  -7.0943707e+01
  -6.3953775e+00  -7.0497472e+01  -7.0900625e+01
  -6.3641265e+00  -7.0437752e+01  -7.0850544e+01
  -6.3328756e+00  -7.0416913e+01  -7.0818289e+01
  -6.3016246e+00  -7.0361589e+01  -7.0762242e+01
  -6.2703736e+00  -7.0313178e+01  -7.0725231e+01
  -6.2391227e+00  -7.0278100e+01  -7.0665383e+01
  -6.2078717e+00  -7.0210765e+01  -7.0623888e+01
  -6.1766208e+00  -7.0163214e+01  -7.0563123e+01
  -6.1453698e+00  -7.0092582e+01  -7.0525104e+01
  -6.1141189e+00  -7.0099269e+01  -7.0486632e+01
  -6.0828679e+00  -7.0059730e+01  -7.0437844e+01
  -6.0516170e+00  -6.9917669e+01  -7.0392952e+01
  -6.0203660e+00  -6.9865657e+01  -7.0336808e+01
  -5.9891151e+00  -6.9866873e+01  -7.0281190e+01
  -5.9578641e+00  -6.9816838e+01  -7.0227490e+01
  -5.9266132e+00  -6.9790534e+01  -7.0175240e+01
  -5.8953622e+00  -6.9725904e+01  -7.0129726e+01
  -5.8641113e+00  -6.9653639e+01  -7.0063019e+01
  -5.8328603e+00  -6.9647512e+01  -7.0026628e+01
  -5.8016093e+00  -6.9538409e+01  -6.9973679e+01
  -5.7703584e+00  -6.9543101e+01  -6.9926620e+01
  -5.7391074e+00  -6.9400271e+01  -6.9861478e+01
  -5.7078565e+00  -6.9280140e+01  -6.9819490e+01
  -5.6766055e+00  -6.9237429e+01  -6.9729489e+01
  -5.6453546e+00  -6.9261592e+01  -6.9711856e+01
  -5.6141036e+00  -6.9220394e+01  -6.9664371e+01
  -5.5828527e+00  -6.9168826e+01  -6.9606857e+01
  -5.5516017e+00  -6.9116809e+01  -6.9546610e+01
  -5.5203508e+00  -6.9088584e+01  -6.9484055e+01
  -5.4890998e+00  -6.9025461e+01  -6.9412005e+01
  -5.4578489e+00  -6.8941251e+01  -6.9354298e+01
  -5.4265979e+00  -6.8908876e+01  -6.9296961e+01
  -5.3953469e+00  -6.8849345e+01  -6.9250987e+01
  -5.3640960e+00  -6.8782696e+01  -6.9164223e+01
  -5.3328450e+00  -6.8693940e+01  -6.9118912e+01
  -5.3015941e+00  -6.8660367e+01  -6.9073303e+01
  -5.2703431e+00  -6.8571796e+01  -6.8999545e+01
  -5.2390922e+00  -6.8605597e+01  -6.8945694e+01
  -5.2078412e+00  -6.8464829e+01  -6.8889627e+01
  -5.1765903e+00  -6.8421255e+01  -6.8779165e+01
  -5.1453393e+00  -6.8354013e+01  -6.8764250e+01
  -5.1140884e+00  -6.8296752e+01  -6.8714101e+01
  -5.0828374e+00  -6.8224508e+01  -6.8646190e+01
  -5.0515865e+00  -6.8152784e+01  -6.8570477e+01
  -5.0203355e+00  -6.8083025e+01  -6.8483779e+01
  -4.9890845e+00  -6.8012890e+01  -6.8409053e+01
  -4.9578336e+00  -6.7879213e+01  -6.8328069e+01
  -4.9265826e+00  -6.7840915e+01  -6.8273448e+01
  -4.8953317e+00  -6.7790046e+01  -6.8227808e+01
  -4.8640807e+00  -6.7814407e+01  -6.8124707e+01
  -4.8328298e+00  -6.7703997e+01  -6.8070788e+01
  -4.8015788e+00  -6.7626057e+01  -6.8014313e+01
  -4.7703279e+00  -6.7533353e+01  -6.7907476e+01
  -4.7390769e+00  -6.7482078e+01  -6.7876576e+01
  -4.7078260e+00  -6.7412393e+01  -6.7781391e+01
  -4.6765750e+00  -6.7322079e+01  -6.7685193e+01
  -4.6453241e+00  -6.7225552e+01  -6.7612014e+01
  -4.6140731e+00  -6.7170004e+01  -6.7578766e+01
  -4.5828221e+00  -6.7076024e+01  -6.7499184e+01
  -4.5515712e+00  -6.6954477e+01  -6.7421801e+01
  -4.5203202e+00  -6.6893880e+01  -6.7271666e+01
  -4.4890693e+00  -6.6905370e+01  -6.7227677e+01
  -4.4578183e+00  -6.6771124e+01  -6.7080848e+01
  -4.4265674e+00  -6.6691479e+01  -6.7040218e+01
  -4.3953164e+00  -6.6632666e+01  -6.6986147e+01
  -4.3640655e+00  -6.6568312e+01  -6.6881371e+01
  -4.3328145e+00  -6.6449278e+01  -6.6828665e+01
  -4.3015636e+00  -6.6368750e+01  -6.6709102e+01
  -4.2703126e+00  -6.6253799e+01  -6.6597823e+01
  -4.2390617e+00  -6.6179918e+01  -6.6566394e+01
  -4.2078107e+00  -6.6101219e+01  -6.6408466e+01
  -4.1765598e+00  -6.6125853e+01  -6.6369608e+01
  -4.1453088e+00  -6.5912523e+01  -6.6144446e+01
  -4.1140578e+00  -6.5834823e+01  -6.6142654e+01
  -4.0828069e+00  -6.5870121e+01  -6.6060171e+01
  -4.0515559e+00  -6.5611612e+01  -6.6009560e+01
  -4.0203050e+00  -6.5533212e+01  -6.5735530e+01
  -3.9890540e+00  -6.5434535e+01  -6.5744905e+01
  -3.9578031e+00  -6.5325837e+01  -6.5465378e+01
  -3.9265521e+00  -6.5203766e+01  -6.5447140e+01
  -3.8953012e+00  -6.5129828e+01  -6.5357540e+01
  -3.8640502e+00  -6.5012830e+01  -6.5274466e+01
  -3.8327993e+00  -6.4880908e+01  -6.5240136e+01
  -3.8015483e+00  -6.4685021e+01  -6.4973294e+01
  -3.7702974e+00  -6.4695130e+01  -6.4936116e+01
  -3.7390464e+00  -6.4547744e+01  -6.4799484e+01
  -3.7077954e+00  -6.4465238e+01  -6.4589205e+01
  -3.6765445e+00  -6.4306616e+01  -6.4589284e+01
  -3.6452935e+00  -6.4226366e+01  -6.4127838e+01
  -3.6140426e+00  -6.4238703e+01  -6.4089862e+01
  -3.5827916e+00  -6.3875815e+01  -6.4089474e+01
  -3.5515407e+00  -6.3843465e+01  -6.4089431e+01
  -3.5202897e+00  -6.3671159e+01  -6.3610377e+01
  -3.4890388e+00  -6.3014791e+01  -6.3528943e+01
  -3.4577878e+00  -6.1578501e+01  -6.2965083e+01
  -3.4265369e+00  -5.9652234e+01  -6.2944041e+01
  -3.3952859e+00  -5.7034133e+01  -6.2800283e+01
  -3.3640350e+00  -5.1666388e+01  -6.2735423e+01
  -3.3327840e+00  -4.8936302e+01  -6.2739774e+01
  -3.3015330e+00  -4.6836816e+01  -6.2192209e+01
  -3.2702821e+00  -4.6053625e+01  -6.2255052e+01
  -3.2390311e+00  -4.1135998e+01  -6.1710572e+01
  -3.2077802e+00  -3.7032596e+01  -6.1519367e+01
  -3.1765292e+00  -3.7344579e+01  -6.1251628e+01
  -3.1452783e+00  -3.7158781e+01  -6.0410236e+01
  -3.1140273e+00  -3.4115953e+01  -5.9840556e+01
  -3.0827764e+00  -2.9816316e+01  -6.0260351e+01
  -3.0515254e+00  -3.0187478e+01  -6.0332008e+01
  -3.0202745e+00  -2.9989907e+01  -5.9493173e+01
  -2.9890235e+00  -2.6746241e+01  -5.7976923e+01
  -2.9577726e+00  -2.3092777e+01  -5.5776630e+01
  -2.9265216e+00  -2.3852618e+01  -5.4710819e+01
  -2.8952706e+00  -2.7682439e+01  -5.3783287e+01
  -2.8640197e+00  -3.3182401e+01  -5.3714729e+01
  -2.8327687e+00  -3.4160744e+01  -5.4134357e+01
  -2.8015178e+00  -3.5956415e+01  -5.3453449e+01
  -2.7702668e+00  -3.4844709e+01  -5.0647654e+01
  -2.7390159e+00  -3.4354055e+01  -4.7225704e+01
  -2.7077649e+00  -3.4312449e+01  -4.4027438e+01
  -2.6765140e+00  -3.4177713e+01  -4.2010493e+01
  -2.6452630e+00  -3.3176472e+01  -3.9282388e+01
  -2.6140121e+00  -3.1985837e+01  -3.6577547e+01
  -2.5827611e+00  -3.1403420e+01  -3.2374774e+01
  -2.5515102e+00  -2.9939741e+01  -2.8413250e+01
  -2.5202592e+00  -2.8586417e+01  -2.5081212e+01
  -2.4890083e+00  -2.4829026e+01  -1.9961376e+01
  -2.4577573e+00  -2.0184708e+01  -1.4086472e+01
  -2.4265063e+00  -8.9577957e+00  -2.5991375e+00
  -2.3952554e+00  -1.0901585e+01  -4.7310335e+00
  -2.3640044e+00  -7.8968198e+00  -2.6127070e+00
  -2.3327535e+00  -5.4646143e+00  -5.0331397e-01
  -2.3015025e+00  -6.3418836e+00  -1.8209332e+00
  -2.2702516e+00  -9.4798853e+00  -5.4024185e+00
  -2.2390006e+00  -5.9157318e+00  -2.3960634e+00
  -2.2077497e+00  -4.7442339e+00  -1.5367406e+00
  -2.1764987e+00  -5.2759933e+00  -2.3765154e+00
  -2.1452478e+00  -6.7130664e+00  -4.5959567e+00
  -2.1139968e+00  -4.5753800e+00  -2.2441436e+00
  -2.0827459e+00  -3.5556763e+00  -1.1518962e+00
  -2.0514949e+00  -3.3440901e+00  -1.6364416e+00
  -2.0202439e+00  -6.4379228e+00  -5.0136009e+00
  -1.9889930e+00  -4.5601210e+00  -3.2533261e+00
  -1.9577420e+00  -2.4529696e+00  -1.1208744e+00
  -1.9264911e+00  -3.0586893e+00  -1.8624781e+00
  -1.8952401e+00  -5.1613120e+00  -4.6051157e+00
  -1.8639892e+00  -3.9663246e+00  -3.3654753e+00
  -1.8327382e+00  -1.6660578e+00  -1.3608870e+00
  -1.8014873e+00  -3.0690718e+00  -2.7012686e+00
  -1.7702363e+00  -5.2123772e+00  -4.9509628e+00
  -1.7389854e+00  -2.8913773e+00  -2.6331638e+00
  -1.7077344e+00  -2.2361205e+00  -1.8006865e+00
  -1.6764835e+00  -2.2747486e+00  -2.1630077e+00
  -1.6452325e+00  -5.3482081e+00  -5.1956921e+00
  -1.6139815e+00  -3.4245975e+00  -3.5338287e+00
  -1.5827306e+00  -1.2924383e+00  -1.1892359e+00
  -1.5514796e+00  -1.4439866e+00  -1.4603276e+00
  -1.5202287e+00  -4.9856843e+00  -4.8979481e+00
  -1.4889777e+00  -2.4854357e+00  -2.5480414e+00
  -1.4577268e+00  -1.1845934e+00  -1.2730010e+00
  -1.4264758e+00  -2.9224307e+00  -3.2789560e+00
  -1.3952249e+00  -3.7552140e+00  -3.9979646e+00
  -1.3639739e+00  -1.9340865e+00  -2.0556096e+00
  -1.3327230e+00  -1.0184921e+00  -9.6712999e-01
  -1.3014720e+00  -2.4808027e+00  -2.5110225e+00
  -1.2702211e+00  -4.6475429e+00  -4.8972733e+00
  -1.2389701e+00  -2.4150330e+00  -2.6896514e+00
  -1.2077191e+00  -1.8194754e+00  -1.8396021e+00
  -1.1764682e+00  -2.5319384e+00  -2.5087369e+00
  -1.1452172e+00  -4.3615812e+00  -4.4544761e+00
  -1.1139663e+00  -2.2006371e+00  -2.2300352e+00
  -1.0827153e+00  -1.0061824e+00  -7.4348437e-01
  -1.0514644e+00  -2.7440172e+00  -2.7770027e+00
  -1.0202134e+00  -4.9399108e+00  -5.2043071e+00
  -9.8896247e-01  -2.1070161e+00  -2.2952623e+00
  -9.5771152e-01  -9.8497339e-01  -9.1241943e-01
  -9.2646056e-01  -1.7772145e+00  -1.8068912e+00
  -8.9520961e-01  -5.0892516e+00  -5.4023071e+00
  -8.6395866e-01  -2.2580057e+00  -2.3942551e+00
  -8.3270770e-01  -1.1884473e-01  -1.8121751e-01
  -8.0145675e-01  -3.1400241e+00  -2.9725851e+00
  -7.7020580e-01  -4.1448072e+00  -4.5111445e+00
  -7.3895484e-01  -2.0806577e+00  -2.4643763e+00
  -7.0770389e-01  -9.5033406e-01  -1.1188580e+00
  -6.7645294e-01  -1.9159256e+00  -2.2403240e+00
  -6.4520198e-01  -5.4998275e+00  -5.4214092e+00
  -6.1395103e-01  -1.6974844e+00  -1.8533671e+00
  -5.8270007e-01  -7.5977881e-01  -6.0641969e-01
  -5.5144912e-01  -2.9698121e+00  -2.7463442e+00
  -5.2019817e-01  -3.7143525e+00  -3.9294312e+00
  -4.8894721e-01  -2.7277006e+00  -3.0676196e+00
  -4.5769626e-01  -1.7608201e+00  -1.5140637e+00
  -4.2644531e-01  -2.3132878e+00  -2.4266069e+00
  -3.9519435e-01  -4.7332370e+00  -4.4224191e+00
  -3.6394340e-01  -2.5026429e+00  -2.4359474e+00
  -3.3269244e-01  -1.0200401e+00  -1.0756071e+00
  -3.0144149e-01  -2.8250594e+00  -2.9310806e+00
  -2.7019054e-01  -4.3020752e+00  -4.2389012e+00
  -2.3893958e-01  -1.6965338e+00  -1.8812882e+00
  -2.0768863e-01  -5.3096408e-01  -7.9362247e-01
  -1.7643768e-01  -2.3538636e+00  -2.2460902e+00
  -1.4518672e-01  -5.0538842e+00  -5.2121455e+00
  -1.1393577e-01  -3.2638789e+00  -3.3274966e+00
  -8.2684815e-02  -1.1375241e+00  -9.9717155e-01
  -5.1433861e-02  -1.5591194e+01  -1.8302369e+01
  -2.0182908e-02  -1.6438537e+01  -1.9498522e+01
   1.1068046e-02  -1.5987085e+01  -1.8767373e+01
   4.2319000e-02  -1.2940627e+01  -1.4386304e+01
   7.3569954e-02  -3.1663989e+00  -3.1540003e+00
   1.0482091e-01  -4.8898293e+00  -4.8347556e+00
   1.3607186e-01  -2.9025647e+00  -3.1401641e+00
   1.6732281e-01  -6.8115889e-01  -5.9583526e-01
   1.9857377e-01  -2.3890889e+00  -2.3739467e+00
   2.2982472e-01  -3.6092049e+00  -3.8514284e+00
   2.6107568e-01  -2.9167945e+00  -3.0813176e+00
   2.9232663e-01  -1.3409406e+00  -1.5410011e+00
   3.2357758e-01  -2.4632232e+00  -2.5837215e+00
   3.5482854e-01  -4.3835030e+00  -4.1614101e+00
   3.8607949e-01  -2.0046288e+00  -2.3276311e+00
   4.1733044e-01  -5.0878176e-01  -3.3435414e-01
   4.4858140e-01  -3.1122803e+00  -3.2635091e+00
   4.7983235e-01  -4.1762889e+00  -4.1642489e+00
   5.1108331e-01  -2.6697149e+00  -2.8804565e+00
   5.4233426e-01  -1.2147135e+00  -1.5046566e+00
   5.7358521e-01  -2.2003591e+00  -2.1207851e+00
   6.0483617e-01  -4.8432571e+00  -4.9936784e+00
   6.3608712e-01  -2.5367874e+00  -2.5553002e+00
   6.6733807e-01  -1.0207414e+00  -1.1056790e+00
   6.9858903e-01  -2.6213017e+00  -2.6916600e+00
   7.2983998e-01  -4.9689077e+00  -4.8083934e+00
   7.6109093e-01  -2.4091776e+00  -2.3405200e+00
   7.9234189e-01  -9.2185900e-01  -8.7324346e-01
   8.2359284e-01  -2.6842094e+00  -2.6361902e+00
   8.5484380e-01  -4.5981497e+00  -4.9751037e+00
   8.8609475e-01  -2.9461956e+00  -2.9257933e+00
   9.1734570e-01  -2.1319281e+00  -2.3367312e+00
   9.4859666e-01  -2.1909567e+00  -2.4309298e+00
   9.7984761e-01  -5.1948679e+00  -5.6767998e+00
   1.0110986e+00  -2.1786449e+00  -2.2887612e+00
   1.0423495e+00  -8.3411760e-01  -7.0898250e-01
   1.0736005e+00  -2.6560996e+00  -2.5620324e+00
   1.1048514e+00  -4.5741117e+00  -4.6633727e+00
   1.1361024e+00  -2.7163256e+00  -2.6702600e+00
   1.1673533e+00  -1.3095169e+00  -1.4666100e+00
   1.1986043e+00  -2.5817993e+00  -2.5696280e+00
   1.2298552e+00  -4.3342539e+00  -4.3297757e+00
   1.2611062e+00  -1.5092271e+00  -1.3577253e+00
   1.2923571e+00  -1.6999771e+00  -1.5790799e+00
   1.3236081e+00  -1.8808517e+00  -1.9301203e+00
   1.3548591e+00  -4.5185370e+00  -4.8641188e+00
   1.3861100e+00  -2.4738002e+00  -2.4283530e+00
   1.4173610e+00  -6.7715728e-01  -5.0917859e-01
   1.4486119e+00  -2.8209342e+00  -2.8042056e+00
   1.4798629e+00  -4.4435496e+00  -4.3796890e+00
   1.5111138e+00  -3.2414503e+00  -3.1307954e+00
   1.5423648e+00  -1.2031509e+00  -1.2794039e+00
   1.5736157e+00  -2.9682058e+00  -3.0885560e+00
   1.6048667e+00  -4.8953332e+00  -4.3055076e+00
   1.6361176e+00  -2.6974974e+00  -2.4245576e+00
   1.6673686e+00  -3.1991708e-01  -2.6451935e-01
   1.6986195e+00  -2.8714191e+00  -2.5546117e+00
   1.7298705e+00  -5.2228524e+00  -5.5118056e+00
   1.7611215e+00  -2.1647814e+00  -1.8073410e+00
   1.7923724e+00  -9.3477282e-01  -4.3585658e-01
   1.8236234e+00  -2.8612223e+00  -2.4969977e+00
   1.8548743e+00  -6.1662931e+00  -5.7682467e+00
   1.8861253e+00  -3.0075740e+00  -2.1253885e+00
   1.9173762e+00  -2.6577467e+00  -1.3129765e+00
   1.9486272e+00  -3.3790681e+00  -1.9474887e+00
   1.9798781e+00  -6.0075298e+00  -4.6836705e+00
   2.0111291e+00  -3.9916823e+00  -2.4284754e+00
   2.0423800e+00  -2.3239982e+00  -5.9136215e-01
   2.0736310e+00  -4.5744631e+00  -2.4401938e+00
   2.1048819e+00  -8.0567762e+00  -5.9148798e+00
   2.1361329e+00  -5.1046587e+00  -2.3727510e+00
   2.1673839e+00  -3.7146543e+00  -6.3074711e-01
   2.1986348e+00  -5.2351738e+00  -2.2469332e+00
   2.2298858e+00  -7.3144218e+00  -3.5023338e+00
   2.2611367e+00  -5.7178018e+00  -1.8915497e+00
   2.2923877e+00  -5.1502448e+00  -8.3433940e-01
   2.3236386e+00  -7.4639689e+00  -2.4313128e+00
   2.3548896e+00  -1.0031788e+01  -5.2467200e+00
   2.3861405e+00  -8.4428797e+00  -2.8290925e+00
   2.4173915e+00  -9.7935356e+00  -3.6178463e+00
   2.4486424e+00  -2.3417028e+01  -1.8547314e+01
   2.4798934e+00  -2.5995026e+01  -2.1803118e+01
   2.5111443e+00  -2.8197578e+01  -2.4041625e+01
   2.5423953e+00  -2.8362616e+01  -2.6295181e+01
   2.5736462e+00  -2.9328771e+01  -2.7982632e+01
   2.6048972e+00  -3.1242495e+01  -3.0798115e+01
   2.6361482e+00  -3.2881986e+01  -3.3887276e+01
   2.6673991e+00  -3.3265363e+01  -3.6335293e+01
   2.6986501e+00  -3.4667622e+01  -4.0867491e+01
   2.7299010e+00  -3.4780526e+01  -4.4945681e+01
   2.7611520e+00  -3.4861842e+01  -4.9121633e+01
   2.7924029e+00  -3.5828550e+01  -5.4035649e+01
   2.8236539e+00  -3.6225717e+01  -5.3372886e+01
   2.8549048e+00  -3.6057657e+01  -5.3538489e+01
   2.8861558e+00  -3.5198058e+01  -5.4835030e+01
   2.9174067e+00  -2.2431138e+01  -5.5867563e+01
   2.9486577e+00  -2.4338955e+01  -5.7328977e+01
   2.9799086e+00  -2.7526978e+01  -5.8493842e+01
   3.0111596e+00  -2.7933130e+01  -5.8238491e+01
   3.0424106e+00  -2.8188099e+01  -5.8898980e+01
   3.0736615e+00  -3.0175648e+01  -5.9214779e+01
   3.1049125e+00  -3.4572768e+01  -5.9091469e+01
   3.1361634e+00  -3.3641567e+01  -5.9817958e+01
   3.1674144e+00  -3.5388378e+01  -6.0294784e+01
   3.1986653e+00  -3.8223950e+01  -6.0261860e+01
   3.2299163e+00  -4.2889417e+01  -6.0968144e+01
   3.2611672e+00  -4.3137775e+01  -6.0832905e+01
   3.2924182e+00  -4.4974476e+01  -6.1713413e+01
   3.3236691e+00  -4.8777394e+01  -6.1757499e+01
   3.3549201e+00  -5.3146365e+01  -6.1738431e+01
   3.3861710e+00  -5.5004778e+01  -6.2004922e+01
   3.4174220e+00  -5.6790225e+01  -6.2299339e+01
   3.4486730e+00  -6.0451076e+01  -6.2438996e+01
   3.4799239e+00  -6.3463371e+01  -6.2812551e+01
   3.5111749e+00  -6.3983797e+01  -6.2879946e+01
   3.5424258e+00  -6.4187109e+01  -6.3062934e+01
   3.5736768e+00  -6.4402329e+01  -6.3124336e+01
   3.6049277e+00  -6.4410336e+01  -6.3171146e+01
   3.6361787e+00  -6.4538674e+01  -6.3529144e+01
   3.6674296e+00  -6.4561348e+01  -6.3790982e+01
   3.6986806e+00  -6.4818140e+01  -6.3701939e+01
   3.7299315e+00  -6.4915794e+01  -6.3955152e+01
   3.7611825e+00  -6.4889888e+01  -6.4002762e+01
   3.7924334e+00  -6.5171634e+01  -6.4226216e+01
   3.8236844e+00  -6.5100065e+01  -6.4309693e+01
   3.8549354e+00  -6.5368297e+01  -6.4349436e+01
   3.8861863e+00  -6.5493197e+01  -6.4434765e+01
   3.9174373e+00  -6.5543766e+01  -6.4738017e+01
   3.9486882e+00  -6.5673988e+01  -6.4731852e+01
   3.9799392e+00  -6.5790122e+01  -6.4933769e+01
   4.0111901e+00  -6.5914195e+01  -6.5059962e+01
   4.0424411e+00  -6.6054990e+01  -6.5150651e+01
   4.0736920e+00  -6.6030003e+01  -6.5186070e+01
   4.1049430e+00  -6.6121001e+01  -6.5297443e+01
   4.1361939e+00  -6.6230459e+01  -6.5519970e+01
   4.1674449e+00  -6.6319362e+01  -6.5601743e+01
   4.1986958e+00  -6.6382316e+01  -6.5634388e+01
   4.2299468e+00  -6.6534644e+01  -6.5778906e+01
   4.2611977e+00  -6.6617833e+01  -6.5903127e+01
   4.2924487e+00  -6.6708275e+01  -6.5961986e+01
   4.3236997e+00  -6.6790524e+01  -6.6050152e+01
   4.3549506e+00  -6.6870330e+01  -6.6091676e+01
   4.3862016e+00  -6.6943847e+01  -6.6166251e+01
   4.4174525e+00  -6.7038758e+01  -6.6380254e+01
   4.4487035e+00  -6.7020882e+01  -6.6365106e+01
   4.4799544e+00  -6.7152223e+01  -6.6483673e+01
   4.5112054e+00  -6.7178246e+01  -6.6593520e+01
   4.5424563e+00  -6.7210627e+01  -6.6663396e+01
   4.5737073e+00  -6.7421199e+01  -6.6715277e+01
   4.6049582e+00  -6.7498713e+01  -6.6814006e+01
   4.6362092e+00  -6.7565981e+01  -6.6981311e+01
   4.6674601e+00  -6.7641894e+01  -6.6991843e+01
   4.6987111e+00  -6.7710054e+01  -6.7085574e+01
   4.7299621e+00  -6.7766196e+01  -6.7190196e+01
   4.7612130e+00  -6.7824866e+01  -6.7312047e+01
   4.7924640e+00  -6.7970312e+01  -6.7317971e+01
   4.8237149e+00  -6.8002572e+01  -6.7402884e+01
   4.8549659e+00  -6.8063387e+01  -6.7438452e+01
   4.8862168e+00  -6.8079250e+01  -6.7535602e+01
   4.9174678e+00  -6.8177549e+01  -6.7653881e+01
   4.9487187e+00  -6.8177664e+01  -6.7670891e+01
   4.9799697e+00  -6.8326403e+01  -6.7745958e+01
   5.0112206e+00  -6.8363489e+01  -6.7822121e+01
   5.0424716e+00  -6.8460696e+01  -6.7883462e+01
   5.0737225e+00  -6.8532045e+01  -6.7949886e+01
   5.1049735e+00  -6.8580698e+01  -6.8026504e+01
   5.1362245e+00  -6.8619584e+01  -6.8153020e+01
   5.1674754e+00  -6.8701098e+01  -6.8159183e+01
   5.1987264e+00  -6.8683478e+01  -6.8261042e+01
   5.2299773e+00  -6.8837271e+01  -6.8343730e+01
   5.2612283e+00  -6.8906999e+01  -6.8438097e+01
   5.2924792e+00  -6.8976054e+01  -6.8439244e+01
   5.3237302e+00  -6.9024655e+01  -6.8511762e+01
   5.3549811e+00  -6.9074720e+01  -6.8547047e+01
   5.3862321e+00  -6.9127133e+01  -6.8651633e+01
   5.4174830e+00  -6.9145478e+01  -6.8710673e+01
   5.4487340e+00  -6.9259266e+01  -6.8759575e+01
   5.4799849e+00  -6.9299138e+01  -6.8815243e+01
   5.5112359e+00  -6.9358130e+01  -6.8864802e+01
   5.5424869e+00  -6.9362595e+01  -6.8919085e+01
   5.5737378e+00  -6.9487554e+01  -6.8986886e+01
   5.6049888e+00  -6.9422369e+01  -6.9050130e+01
   5.6362397e+00  -6.9465223e+01  -6.9140849e+01
   5.6674907e+00  -6.9593607e+01  -6.9166551e+01
   5.6987416e+00  -6.9664497e+01  -6.9248355e+01
   5.7299926e+00  -6.9695264e+01  -6.9316342e+01
   5.7612435e+00  -6.9803325e+01  -6.9382796e+01
   5.7924945e+00  -6.9831872e+01  -6.9399911e+01
   5.8237454e+00  -6.9853293e+01  -6.9456464e+01
   5.8549964e+00  -6.9946925e+01  -6.9495767e+01
   5.8862473e+00  -6.9994087e+01  -6.9585933e+01
   5.9174983e+00  -7.0042349e+01  -6.9625151e+01
   5.9487492e+00  -7.0078885e+01  -6.9686760e+01
   5.9800002e+00  -7.0093967e+01  -6.9734648e+01
   6.0112512e+00  -7.0211928e+01  -6.9772653e+01
   6.0425021e+00  -7.0209634e+01  -6.9821467e+01
   6.0737531e+00  -7.0217664e+01  -6.9880965e+01
   6.1050040e+00  -7.0278218e+01  -6.9937136e+01
   6.1362550e+00  -7.0464523e+01  -7.0001502e+01
   6.1675059e+00  -7.0501514e+01  -7.0043039e+01
   6.1987569e+00  -7.0552469e+01  -7.0101067e+01
   6.2300078e+00  -7.0529531e+01  -7.0158914e+01
   6.2612588e+00  -7.0553804e+01  -7.0207086e+01
   6.2925097e+00  -7.0606672e+01  -7.0240843e+01
   6.3237607e+00  -7.0656046e+01  -7.0284793e+01
   6.3550116e+00  -7.0699829e+01  -7.0327362e+01
   6.3862626e+00  -7.0740451e+01  -7.0393905e+01
   6.4175136e+00  -7.0683472e+01  -7.0434641e+01
   6.4487645e+00  -7.0781539e+01  -7.0491487e+01
   6.4800155e+00  -7.0899417e+01  -7.0535068e+01
   6.5112664e+00  -7.0891473e+01  -7.0572482e+01
   6.5425174e+00  -7.0921674e+01  -7.0617399e+01
   6.5737683e+00  -7.0965123e+01  -7.0666590e+01
   6.6050193e+00  -7.1010469e+01  -7.0716623e+01
   6.6362702e+00  -7.1069871e+01  -7.0765933e+01
   6.6675212e+00  -7.1096715e+01  -7.0811365e+01
   6.6987721e+00  -7.1186645e+01  -7.0854748e+01
   6.7300231e+00  -7.1219757e+01  -7.0904934e+01
   6.7612740e+00  -7.1251247e+01  -7.0944951e+01
   6.7925250e+00  -7.1269187e+01  -7.0985965e+01
   6.8237760e+00  -7.1307435e+01  -7.1023480e+01
   6.8550269e+00  -7.1382246e+01  -7.1065706e+01
   6.8862779e+00  -7.1355276e+01  -7.1112921e+01
   6.9175288e+00  -7.1391172e+01  -7.1157948e+01
   6.9487798e+00  -7.1540474e+01  -7.1203852e+01
   6.9800307e+00  -7.1486205e+01  -7.1243548e+01
   7.0112817e+00  -7.1548397e+01  -7.1283094e+01
   7.0425326e+00  -7.1689568e+01  -7.1324484e+01
   7.0737836e+00  -7.1638247e+01  -7.1366132e+01
   7.1050345e+00  -7.1686815e+01  -7.1409521e+01
   7.1362855e+00  -7.1743618e+01  -7.1451728e+01
   7.1675364e+00  -7.1775982e+01  -7.1493310e+01
   7.1987874e+00  -7.1790826e+01  -7.1531145e+01
   7.2300384e+00  -7.1853781e+01  -7.1574740e+01
   7.2612893e+00  -7.1883022e+01  -7.1612264e+01
   7.2925403e+00  -7.1871873e+01  -7.1651769e+01
   7.3237912e+00  -7.1897972e+01  -7.1687206e+01
   7.3550422e+00  -7.2014088e+01  -7.1726091e+01
   7.3862931e+00  -7.1925998e+01  -7.1763180e+01
   7.4175441e+00  -7.1985272e+01  -7.1807191e+01
   7.4487950e+00  -7.2094700e+01  -7.1844632e+01
   7.4800460e+00  -7.2106801e+01  -7.1880762e+01
   7.5112969e+00  -7.2145754e+01  -7.1920016e+01
   7.5425479e+00  -7.2216445e+01  -7.1957625e+01
   7.5737988e+00  -7.2248748e+01  -7.1994797e+01
   7.6050498e+00  -7.2285631e+01  -7.2032355e+01
   7.6363007e+00  -7.2310196e+01  -7.2070642e+01
   7.6675517e+00  -7.2280619e+01  -7.2106961e+01
   7.6988027e+00  -7.2351385e+01  -7.2142855e+01
   7.7300536e+00  -7.2427972e+01  -7.2180779e+01
   7.7613046e+00  -7.2393676e+01  -7.2216862e+01
   7.7925555e+00  -7.2458333e+01  -7.2251662e+01
   7.8238065e+00  -7.2516074e+01  -7.2286069e+01
   7.8550574e+00  -7.2544912e+01  -7.2320852e+01
   7.8863084e+00  -7.2579265e+01  -7.2354307e+01
   7.9175593e+00  -7.2613139e+01  -7.2393188e+01
   7.9488103e+00  -7.2645183e+01  -7.2426363e+01
   7.9800612e+00  -7.2681295e+01  -7.2459595e+01
   8.0113122e+00  -7.2712544e+01  -7.2495810e+01
   8.0425631e+00  -7.2744212e+01  -7.2529792e+01
   8.0738141e+00  -7.2778722e+01  -7.2563868e+01
   8.1050651e+00  -7.2810359e+01  -7.2597321e+01
   8.1363160e+00  -7.2842727e+01  -7.2632145e+01
   8.1675670e+00  -7.2860431e+01  -7.2664669e+01
   8.1988179e+00  -7.2894096e+01  -7.2698432e+01
   8.2300689e+00  -7.2948501e+01  -7.2731931e+01
   8.2613198e+00  -7.2921089e+01  -7.2765634e+01
   8.2925708e+00  -7.2930359e+01  -7.2796618e+01
   8.3238217e+00  -7.2992585e+01  -7.2829196e+01
   8.3550727e+00  -7.3059602e+01  -7.2860651e+01
   8.3863236e+00  -7.3050865e+01  -7.2892440e+01
   8.4175746e+00  -7.3124780e+01  -7.2925855e+01
   8.4488255e+00  -7.3146721e+01  -7.2956826e+01
   8.4800765e+00  -7.3187153e+01  -7.2987686e+01
   8.5113275e+00  -7.3151603e+01  -7.3020029e+01
   8.5425784e+00  -7.3272532e+01  -7.3051009e+01
   8.5738294e+00  -7.3297171e+01  -7.3082240e+01
   8.6050803e+00  -7.3294490e+01  -7.3112880e+01
   8.6363313e+00  -7.3301208e+01  -7.3144293e+01
   8.6675822e+00  -7.3330182e+01  -7.3174286e+01
   8.6988332e+00  -7.3379037e+01  -7.3205212e+01
   8.7300841e+00  -7.3445255e+01  -7.3235456e+01
   8.7613351e+00  -7.3458325e+01  -7.3266139e+01
   8.7925860e+00  -7.3452545e+01  -7.3294834e+01
   8.8238370e+00  -7.3474534e+01  -7.3324849e+01
   8.8550879e+00  -7.3516692e+01  -7.3353872e+01
   8.8863389e+00  -7.3546005e+01  -7.3383636e+01
   8.9175899e+00  -7.3576361e+01  -7.3413113e+01
   8.9488408e+00  -7.3601431e+01  -7.3442086e+01
   8.9800918e+00  -7.3613728e+01  -7.3470767e+01
   9.0113427e+00  -7.3595723e+01  -7.3499802e+01
   9.0425937e+00  -7.3650017e+01  -7.3528340e+01
   9.0738446e+00  -7.3745270e+01  -7.3556878e+01
   9.1050956e+00  -7.3667662e+01  -7.3585192e+01
   9.1363465e+00  -7.3792958e+01  -7.3613627e+01
   9.1675975e+00  -7.3822729e+01  -7.3641486e+01
   9.1988484e+00  -7.3783623e+01  -7.3669615e+01
   9.2300994e+00  -7.3853053e+01  -7.3697329e+01
   9.2613503e+00  -7.3907624e+01  -7.3725172e+01
   9.2926013e+00  -7.3894910e+01  -7.3752143e+01
   9.3238522e+00  -7.3923733e+01  -7.3779575e+01
   9.3551032e+00  -7.3936806e+01  -7.3806549e+01
   9.3863542e+00  -7.3974814e+01  -7.3833871e+01
   9.4176051e+00  -7.4015735e+01  -7.3860709e+01
   9.4488561e+00  -7.4008828e+01  -7.3887508e+01
   9.4801070e+00  -7.3951719e+01  -7.3914065e+01
   9.5113580e+00  -7.4081938e+01  -7.3940561e+01
   9.5426089e+00  -7.3985542e+01  -7.3966922e+01
   9.5738599e+00  -7.4112478e+01  -7.3993104e+01
   9.6051108e+00  -7.4146045e+01  -7.4019224e+01
   9.6363618e+00  -7.4181638e+01  -7.4045229e+01
   9.6676127e+00  -7.4217729e+01  -7.4071014e+01
   9.6988637e+00  -7.4212139e+01  -7.4096763e+01
   9.7301146e+00  -7.4248326e+01  -7.4122304e+01
   9.7613656e+00  -7.4269631e+01  -7.4147784e+01
   9.7926166e+00  -7.4308818e+01  -7.4172967e+01
   9.8238675e+00  -7.4290260e+01  -7.4198153e+01
   9.8551185e+00  -7.4294389e+01  -7.4223155e+01
   9.8863694e+00  -7.4420416e+01  -7.4248164e+01
   9.9176204e+00  -7.4411040e+01  -7.4272928e+01
   9.9488713e+00  -7.4376039e+01  -7.4297619e+01
   9.9801223e+00  -7.4410253e+01  -7.4322153e+01
   1.0011373e+01  -7.4470347e+01  -7.4346567e+01
   1.0042624e+01  -7.4456886e+01  -7.4370890e+01
   1.0073875e+01  -7.4512675e+01  -7.4395043e+01
   1.0105126e+01  -7.4504483e+01  -7.4419120e+01
   1.0136377e+01  -7.4579243e+01  -7.4443070e+01
   1.0167628e+01  -7.4582552e+01  -7.4466887e+01
   1.0198879e+01  -7.4596381e+01  -7.4490603e+01
   1.0230130e+01  -7.4624784e+01  -7.4514184e+01
   1.0261381e+01  -7.4601723e+01  -7.4537659e+01
   1.0292632e+01  -7.4624600e+01  -7.4560996e+01
   1.0323883e+01  -7.4724567e+01  -7.4584233e+01
   1.0355134e+01  -7.4693520e+01  -7.4607348e+01
   1.0386385e+01  -7.4677629e+01  -7.4630366e+01
   1.0417636e+01  -7.4713984e+01  -7.4653258e+01
   1.0448887e+01  -7.4684972e+01  -7.4676043e+01
   1.0480138e+01  -7.4819662e+01  -7.4698710e+01
   1.0511388e+01  -7.4783610e+01  -7.4721267e+01
   1.0542639e+01  -7.4865063e+01  -7.4743719e+01
   1.0573890e+01  -7.4862119e+01  -7.4766050e+01
   1.0605141e+01  -7.4872981e+01  -7.4788279e+01
   1.0636392e+01  -7.4897463e+01  -7.4810399e+01
   1.0667643e+01  -7.4913992e+01  -7.4832408e+01
   1.0698894e+01  -7.4943395e+01  -7.4854312e+01
   1.0730145e+01  -7.4947692e+01  -7.4876106e+01
   1.0761396e+01  -7.4916486e+01  -7.4897795e+01
   1.0792647e+01  -7.4913574e+01  -7.4919377e+01
   1.0823898e+01  -7.4951353e+01  -7.4940854e+01
   1.0855149e+01  -7.5039868e+01  -7.4962225e+01
   1.0886400e+01  -7.5054967e+01  -7.4983493e+01
   1.0917651e+01  -7.5076345e+01  -7.5004658e+01
   1.0948902e+01  -7.5085543e+01  -7.5025719e+01
   1.0980153e+01  -7.5138254e+01  -7.5046677e+01
   1.1011404e+01  -7.5166148e+01  -7.5067534e+01
   1.1042655e+01  -7.5165462e+01  -7.5088289e+01
   1.1073906e+01  -7.5191819e+01  -7.5108943e+01
   1.1105157e+01  -7.5202131e+01  -7.5129497e+01
   1.1136408e+01  -7.5231209e+01  -7.5149951e+01
   1.1167659e+01  -7.5251517e+01  -7.5170305e+01
   1.1198909e+01  -7.5295445e+01  -7.5190560e+01
   1.1230160e+01  -7.5269548e+01  -7.5210717e+01
   1.1261411e+01  -7.5254632e+01  -7.5230777e+01
   1.1292662e+01  -7.5251156e+01  -7.5250739e+01
   1.1323913e+01  -7.5289478e+01  -7.5270604e+01
   1.1355164e+01  -7.5383948e+01  -7.5290373e+01
   1.1386415e+01  -7.5321889e+01  -7.5310046e+01
   1.1417666e+01  -7.5363502e+01  -7.5329624e+01
   1.1448917e+01  -7.5418183e+01  -7.5349106e+01
   1.1480168e+01  -7.5424588e+01  -7.5368494e+01
   1.1511419e+01  -7.5445378e+01  -7.5387788e+01
   1.1542670e+01  -7.5452001e+01  -7.5406989e+01
   1.1573921e+01  -7.5450351e+01  -7.5426096e+01
   1.1605172e+01  -7.5503373e+01  -7.5445111e+01
   1.1636423e+01  -7.5522594e+01  -7.5464033e+01
   1.1667674e+01  -7.5488989e+01  -7.5482864e+01
   1.1698925e+01  -7.5523102e+01  -7.5501604e+01
   1.1730176e+01  -7.5535259e+01  -7.5520252e+01
   1.1761427e+01  -7.5564118e+01  -7.5538810e+01
   1.1792678e+01  -7.5598604e+01  -7.5557278e+01
   1.1823929e+01  -7.5550536e+01  -7.5575657e+01
   1.1855179e+01  -7.5615638e+01  -7.5593946e+01
   1.1886430e+01  -7.5657783e+01  -7.5612146e+01
   1.1917681e+01  -7.5669146e+01  -7.5630258e+01
   1.1948932e+01  -7.5684539e+01  -7.5648282e+01
   1.1980183e+01  -7.5693224e+01  -7.5666219e+01
   1.2011434e+01  -7.5719713e+01  -7.5684068e+01
   1.2042685e+01  -7.5756196e+01  -7.5701830e+01
   1.2073936e+01  -7.5725342e+01  -7.5719506e+01
   1.2105187e+01  -7.5761814e+01  -7.5737096e+01
   1.2136438e+01  -7.5692532e+01  -7.5754600e+01
   1.2167689e+01  -7.5800475e+01  -7.5772019e+01
   1.2198940e+01  -7.5940001e+01  -7.5789354e+01
   1.2230191e+01  -7.5806678e+01  -7.5806604e+01
   1.2261442e+01  -7.5854936e+01  -7.5823769e+01
   1.2292693e+01  -7.5870888e+01  -7.5840851e+01
   1.2323944e+01  -7.5883967e+01  -7.5857849e+01
   1.2355195e+01  -7.5905038e+01  -7.5874764e+01
   1.2386446e+01  -7.5908539e+01  -7.5891596e+01
   1.2417697e+01  -7.5909121e+01  -7.5908346e+01
   1.2448948e+01  -7.5917777e+01  -7.5925014e+01
   1.2480199e+01  -7.5940665e+01  -7.5941601e+01
   1.2511450e+01  -7.5975799e+01  -7.5958105e+01
   1.2542700e+01  -7.6025976e+01  -7.5974529e+01
   1.2573951e+01  -7.5975250e+01  -7.5990872e+01
   1.2605202e+01  -7.6017375e+01  -7.6007135e+01
   1.2636453e+01  -7.5927150e+01  -7.6023318e+01
   1.2667704e+01  -7.6034429e+01  -7.6039421e+01
   1.2698955e+01  -7.6018706e+01  -7.6055445e+01
   1.2730206e+01  -7.6107226e+01  -7.6071389e+01
   1.2761457e+01  -7.6114776e+01  -7.6087255e+01
   1.2792708e+01  -7.6121772e+01  -7.6103043e+01
   1.2823959e+01  -7.6138787e+01  -7.6118752e+01
   1.2855210e+01  -7.6138966e+01  -7.6134383e+01
   1.2886461e+01  -7.6192687e+01  -7.6149937e+01
   1.2917712e+01  -7.6191613e+01  -7.6165414e+01
   1.2948963e+01  -7.6192674e+01  -7.6180814e+01
   1.2980214e+01  -7.6211015e+01  -7.6196137e+01
   1.3011465e+01  -7.6211034e+01  -7.6211384e+01
   1.3042716e+01  -7.6196843e+01  -7.6226555e+01
   1.3073967e+01  -7.6168834e+01  -7.6241650e+01
   1.3105218e+01  -7.6277909e+01  -7.6256669e+01
   1.3136469e+01  -7.6277644e+01  -7.6271614e+01
   1.3167720e+01  -7.6297760e+01  -7.6286484e+01
   1.3198971e+01  -7.6306838e+01  -7.6301278e+01
   1.3230221e+01  -7.6321834e+01  -7.6315999e+01
   1.3261472e+01  -7.6336349e+01  -7.6330645e+01
   1.3292723e+01  -7.6351409e+01  -7.6345217e+01
   1.3323974e+01  -7.6366822e+01  -7.6359717e+01
   1.3355225e+01  -7.6377182e+01  -7.6374141e+01
   1.3386476e+01  -7.6387463e+01  -7.6388495e+01
   1.3417727e+01  -7.6406347e+01  -7.6402776e+01
   1.3448978e+01  -7.6404406e+01  -7.6416985e+01
   1.3480229e+01  -7.6425675e+01  -7.6431118e+01
   1.3511480e+01  -7.6438558e+01  -7.6445183e+01
   1.3542731e+01  -7.6456843e+01  -7.6459173e+01
   1.3573982e+01  -7.6447061e+01  -7.6473093e+01
   1.3605233e+01  -7.6496647e+01  -7.6486942e+01
   1.3636484e+01  -7.6488149e+01  -7.6500720e+01
   1.3667735e+01  -7.6514064e+01  -7.6514429e+01
   1.3698986e+01  -7.6523895e+01  -7.6528064e+01
   1.3730237e+01  -7.6524960e+01  -7.6541631e+01
   1.3761488e+01  -7.6528591e+01  -7.6555126e+01
   1.3792739e+01  -7.6522429e+01  -7.6568552e+01
   1.3823990e+01  -7.6499024e+01  -7.6581910e+01
   1.3855241e+01  -7.6554459e+01  -7.6595197e+01
   1.3886491e+01  -7.6628993e+01  -7.6608416e+01
   1.3917742e+01  -7.6606975e+01  -7.6621566e+01
   1.3948993e+01  -7.6569379e+01  -7.6634648e+01
   1.3980244e+01  -7.6631239e+01  -7.6647659e+01
   1.4011495e+01  -7.6663900e+01  -7.6660604e+01
   1.4042746e+01  -7.6668872e+01  -7.6673480e+01
   1.4073997e+01  -7.6676108e+01  -7.6686289e+01
   1.4105248e+01  -7.6684347e+01  -7.6699030e+01
   1.4136499e+01  -7.6704466e+01  -7.6711703e+01
   1.4167750e+01  -7.6676964e+01  -7.6724310e+01
   1.4199001e+01  -7.6743213e+01  -7.6736850e+01
   1.4230252e+01  -7.6736584e+01  -7.6749322e+01
   1.4261503e+01  -7.6722510e+01  -7.6761729e+01
   1.4292754e+01  -7.6774153e+01  -7.6774069e+01
   1.4324005e+01  -7.6804708e+01  -7.6786344e+01
   1.4355256e+01  -7.6738943e+01  -7.6798551e+01
   1.4386507e+01  -7.6783445e+01  -7.6810693e+01
   1.4417758e+01  -7.6798768e+01  -7.6822770e+01
   1.4449009e+01  -7.6815981e+01  -7.6834781e+01
   1.4480260e+01  -7.6832275e+01  -7.6846729e+01
   1.4511511e+01  -7.6832880e+01  -7.6858610e+01
   1.4542762e+01  -7.6846379e+01  -7.6870427e+01
   1.4574012e+01  -7.6866597e+01  -7.6882179e+01
   1.4605263e+01  -7.6850827e+01  -7.6893867e+01
   1.4636514e+01  -7.6845371e+01  -7.6905492e+01
   1.4667765e+01  -7.6913642e+01  -7.6917050e+01
   1.4699016e+01  -7.6902389e+01  -7.6928547e+01
   1.4730267e+01  -7.6904015e+01  -7.6939978e+01
   1.4761518e+01  -7.6941881e+01  -7.6951349e+01
   1.4792769e+01  -7.6920245e+01  -7.6962654e+01
   1.4824020e+01  -7.6873182e+01  -7.6973899e+01
   1.4855271e+01  -7.6960230e+01  -7.6985075e+01
   1.4886522e+01  -7.6954932e+01  -7.6996191e+01
   1.4917773e+01  -7.6950366e+01  -7.7007245e+01
   1.4949024e+01  -7.7001345e+01  -7.7018238e+01
   1.4980275e+01  -7.6993387e+01  -7.7029169e+01
   1.5011526e+01  -7.6995141e+01  -7.7040037e+01
   1.5042777e+01  -7.7019023e+01  -7.7050842e+01
   1.5074028e+01  -7.7058038e+01  -7.7061586e+01
   1.5105279e+01  -7.7008182e+01  -7.7072267e+01
   1.5136530e+01  -7.7066672e+01  -7.7082890e+01
   1.5167781e+01  -7.7088980e+01  -7.7093449e+01
   1.5199032e+01  -7.7042553e+01  -7.7103947e+01
   1.5230282e+01  -7.7032405e+01  -7.7114385e+01
   1.5261533e+01  -7.7159018e+01  -7.7124762e+01
   1.5292784e+01  -7.7034391e+01  -7.7135079e+01
   1.5324035e+01  -7.7087025e+01  -7.7145336e+01
   1.5355286e+01  -7.7139106e+01  -7.7155530e+01
   1.5386537e+01  -7.7102286e+01  -7.7165665e+01
   1.5417788e+01  -7.7135100e+01  -7.7175740e+01
   1.5449039e+01  -7.7130822e+01  -7.7185756e+01
   1.5480290e+01  -7.7144248e+01  -7.7195713e+01
   1.5511541e+01  -7.7136713e+01  -7.7205609e+01
   1.5542792e+01  -7.7156575e+01  -7.7215446e+01
   1.5574043e+01  -7.7090833e+01  -7.7225223e+01
   1.5605294e+01  -7.7197501e+01  -7.7234942e+01
   1.5636545e+01  -7.7173774e+01  -7.7244601e+01
   1.5667796e+01  -7.7075109e+01  -7.7254202e+01
   1.5699047e+01  -7.7145056e+01  -7.7263744e+01
   1.5730298e+01  -7.7226633e+01  -7.7273227e+01
   1.5761549e+01  -7.7181696e+01  -7.7282652e+01
   1.5792800e+01  -7.7255869e+01  -7.7292018e+01
   1.5824051e+01  -7.7244097e+01  -7.7301327e+01
   1.5855302e+01  -7.7258660e+01  -7.7310577e+01
   1.5886553e+01  -7.7267419e+01  -7.7319771e+01
   1.5917803e+01  -7.7268962e+01  -7.7328906e+01
   1.5949054e+01  -7.7283492e+01  -7.7337983e+01
   1.5980305e+01  -7.7275179e+01  -7.7347000e+01
   1.6011556e+01  -7.7312033e+01  -7.7355965e+01
   1.6042807e+01  -7.7334062e+01  -7.7364868e+01
   1.6074058e+01  -7.7323312e+01  -7.7373716e+01
   1.6105309e+01  -7.7331306e+01  -7.7382506e+01
   1.6136560e+01  -7.7322890e+01  -7.7391243e+01
   1.6167811e+01  -7.7290273e+01  -7.7399923e+01
   1.6199062e+01  -7.7370384e+01  -7.7408540e+01
   1.6230313e+01  -7.7372101e+01  -7.7417103e+01
   1.6261564e+01  -7.7364726e+01  -7.7425612e+01
   1.6292815e+01  -7.7376889e+01  -7.7434059e+01
   1.6324066e+01  -7.7389307e+01  -7.7442459e+01
   1.6355317e+01  -7.7411687e+01  -7.7450792e+01
   1.6386568e+01  -7.7359151e+01  -7.7459081e+01
   1.6417819e+01  -7.7351661e+01  -7.7467311e+01
   1.6449070e+01  -7.7412884e+01  -7.7475484e+01
   1.6480321e+01  -7.7429620e+01  -7.7483590e+01
   1.6511572e+01  -7.7357835e+01  -7.7491660e+01
   1.6542823e+01  -7.7433297e+01  -7.7499659e+01
   1.6574074e+01  -7.7441095e+01  -7.7507609e+01
   1.6605324e+01  -7.7434830e+01  -7.7515501e+01
   1.6636575e+01  -7.7428975e+01  -7.7523346e+01
   1.6667826e+01  -7.7441666e+01  -7.7531139e+01
   1.6699077e+01  -7.7462216e+01  -7.7538859e+01
   1.6730328e+01  -7.7476583e+01  -7.7546537e+01
   1.6761579e+01  -7.7505660e+01  -7.7554155e+01
   1.6792830e+01  -7.7479873e+01  -7.7561717e+01
   1.6824081e+01  -7.7536083e+01  -7.7569236e+01
   1.6855332e+01  -7.7495228e+01  -7.7576684e+01
   1.6886583e+01  -7.7507298e+01  -7.7584095e+01
   1.6917834e+01  -7.7469641e+01  -7.7591444e+01
   1.6949085e+01  -7.7554578e+01  -7.7598744e+01
   1.6980336e+01  -7.7557522e+01  -7.7605974e+01
   1.7011587e+01  -7.7484547e+01  -7.7613169e+01
   1.7042838e+01  -7.7527072e+01  -7.7620297e+01
   1.7074089e+01  -7.7541420e+01  -7.7627377e+01
   1.7105340e+01  -7.7522446e+01  -7.7634400e+01
   1.7136591e+01  -7.7594483e+01  -7.7641375e+01
   1.7167842e+01  -7.7570913e+01  -7.7648297e+01
   1.7199093e+01  -7.7578863e+01  -7.7655161e+01
   1.7230344e+01  -7.7575386e+01  -7.7661974e+01
   1.7261594e+01  -7.7584613e+01  -7.7668733e+01
   1.7292845e+01  -7.7646366e+01  -7.7675440e+01
   1.7324096e+01  -7.7589737e+01  -7.7682093e+01
   1.7355347e+01  -7.7579732e+01  -7.7688695e+01
   1.7386598e+01  -7.7628187e+01  -7.7695240e+01
   1.7417849e+01  -7.7573568e+01  -7.7701735e+01
   1.7449100e+01  -7.7586249e+01  -7.7708170e+01
   1.7480351e+01  -7.7648988e+01  -7.7714573e+01
   1.7511602e+01  -7.7614941e+01  -7.7720901e+01
   1.7542853e+01  -7.7624719e+01  -7.7727192e+01
   1.7574104e+01  -7.7653868e+01  -7.7733426e+01
   1.7605355e+01  -7.7655242e+01  -7.7739621e+01
   1.7636606e+01  -7.7664034e+01  -7.7745759e+01
   1.7667857e+01  -7.7675103e+01  -7.7751815e+01
   1.7699108e+01  -7.7626122e+01  -7.7757842e+01
   1.7730359e+01  -7.7690953e+01  -7.7763792e+01
   1.7761610e+01  -7.7648134e+01  -7.7769752e+01
   1.7792861e+01  -7.7653194e+01  -7.7775603e+01
   1.7824112e+01  -7.7677131e+01  -7.7781448e+01
   1.7855363e+01  -7.7716663e+01  -7.7787166e+01
   1.7886614e+01  -7.7688201e+01  -7.7792882e+01
   1.7917865e+01  -7.7762479e+01  -7.7798532e+01
   1.7949115e+01  -7.7716399e+01  -7.7804114e+01
   1.7980366e+01  -7.7689597e+01  -7.7809721e+01
   1.8011617e+01  -7.7744708e+01  -7.7815233e+01
   1.8042868e+01  -7.7729132e+01  -7.7820696e+01
   1.8074119e+01  -7.7733957e+01  -7.7826101e+01
   1.8105370e+01  -7.7735776e+01  -7.7831496e+01
   1.8136621e+01  -7.7722305e+01  -7.7836916e+01
   1.8167872e+01  -7.7728234e+01  -7.7842151e+01
   1.8199123e+01  -7.7766025e+01  -7.7847249e+01
   1.8230374e+01  -7.7751230e+01  -7.7852337e+01
   1.8261625e+01  -7.7643202e+01  -7.7857544e+01
   1.8292876e+01  -7.7789751e+01  -7.7862524e+01
   1.8324127e+01  -7.7750647e+01  -7.7867732e+01
   1.8355378e+01  -7.7716566e+01  -7.7872338e+01
   1.8386629e+01  -7.7748159e+01  -7.7877327e+01
   1.8417880e+01  -7.7775123e+01  -7.7882057e+01
   1.8449131e+01  -7.7782895e+01  -7.7886813e+01
   1.8480382e+01  -7.7793313e+01  -7.7891613e+01
   1.8511633e+01  -7.7797152e+01  -7.7896437e+01
   1.8542884e+01  -7.7800964e+01  -7.7901122e+01
   1.8574135e+01  -7.7808260e+01  -7.7905770e+01
   1.8605385e+01  -7.7813372e+01  -7.7910111e+01
   1.8636636e+01  -7.7817006e+01  -7.7915476e+01
   1.8667887e+01  -7.7813386e+01  -7.7920777e+01
   1.8699138e+01  -7.7817833e+01  -7.7923585e+01
   1.8730389e+01  -7.7828128e+01  -7.7928435e+01
   1.8761640e+01  -7.7831263e+01  -7.7932853e+01
   1.8792891e+01  -7.7822168e+01  -7.7936260e+01
   1.8824142e+01  -7.7836721e+01  -7.7939406e+01
   1.8855393e+01  -7.7837919e+01  -7.7945192e+01
   1.8886644e+01  -7.7845844e+01  -7.7948441e+01
   1.8917895e+01  -7.7847934e+01  -7.7966776e+01
   1.8949146e+01  -7.7846739e+01  -7.7927833e+01
   1.8980397e+01  -7.7858654e+01  -7.7975504e+01
   1.9011648e+01  -7.7846189e+01  -7.7957863e+01
   1.9042899e+01  -7.7886615e+01  -7.7933557e+01
   1.9074150e+01  -7.7813032e+01  -7.7951772e+01
   1.9105401e+01  -7.7849242e+01  -7.7972453e+01
   1.9136652e+01  -7.7812510e+01  -7.7818469e+01
   1.9167903e+01  -7.7817356e+01  -7.7995074e+01
   1.9199154e+01  -7.7921942e+01  -7.7935417e+01
   1.9230405e+01  -7.7911779e+01  -7.8053380e+01
   1.9261656e+01  -7.7877956e+01  -7.8002098e+01
   1.9292906e+01  -7.7880258e+01  -7.7743651e+01
   1.9324157e+01  -7.7890772e+01  -7.7880875e+01
   1.9355408e+01  -7.7892585e+01  -7.8096422e+01
   1.9386659e+01  -7.7894959e+01  -7.7980111e+01
   1.9417910e+01  -7.7882672e+01  -7.7983863e+01
   1.9449161e+01  -7.7886201e+01  -7.7923532e+01
   1.9480412e+01  -7.7880502e+01  -7.7977057e+01
   1.9511663e+01  -7.7870198e+01  -7.7870653e+01
   1.9542914e+01  -7.7875361e+01  -7.7936932e+01
   1.9574165e+01  -7.7913523e+01  -7.7821322e+01
   1.9605416e+01  -7.7895043e+01  -7.7993358e+01
   1.9636667e+01  -7.7893200e+01  -7.7863354e+01
   1.9667918e+01  -7.7776948e+01  -7.7721526e+01
   1.9699169e+01  -7.7916616e+01  -7.8075201e+01
   1.9730420e+01  -7.7907386e+01  -7.8047154e+01
   1.9761671e+01  -7.7944191e+01  -7.7907557e+01
   1.9792922e+01  -7.7924833e+01  -7.7768231e+01
   1.9824173e+01  -7.7921957e+01  -7.7938013e+01
   1.9855424e+01  -7.7938830e+01  -7.8008330e+01
   1.9886675e+01  -7.7952042e+01  -7.7862757e+01
   1.9917926e+01  -7.7916931e+01  -7.7973178e+01
   1.9949177e+01  -7.7923909e+01  -7.7857299e+01
   1.9980427e+01  -7.7935737e+01  -7.7953151e+01
   2.0011678e+01  -7.7959168e+01  -7.7897685e+01
   2.0042929e+01  -7.7913982e+01  -7.7988342e+01
   2.0074180e+01  -7.7899833e+01  -7.7987596e+01
   2.0105431e+01  -7.7946753e+01  -7.8023445e+01
   2.0136682e+01  -7.7960704e+01  -7.8142947e+01
   2.0167933e+01  -7.7918233e+01  -7.7913485e+01
   2.0199184e+01  -7.7960677e+01  -7.8113632e+01
   2.0230435e+01  -7.7954461e+01  -7.8001353e+01
   2.0261686e+01  -7.7952625e+01  -7.8064392e+01
   2.0292937e+01  -7.7956129e+01  -7.7996860e+01
   2.0324188e+01  -7.7949794e+01  -7.8035415e+01
   2.0355439e+01  -7.7936013e+01  -7.8070450e+01
   2.0386690e+01  -7.7933146e+01  -7.8081218e+01
   2.0417941e+01  -7.7964955e+01  -7.8094035e+01
   2.0449192e+01  -7.7967572e+01  -7.8084301e+01
   2.0480443e+01  -7.7955868e+01  -7.8090815e+01
   2.0511694e+01  -7.7977072e+01  -7.8094964e+01
   2.0542945e+01  -7.7896807e+01  -7.8106714e+01
   2.0574196e+01  -7.7928213e+01  -7.8105715e+01
   2.0605447e+01  -7.7955914e+01  -7.8093453e+01
   2.0636697e+01  -7.7968483e+01  -7.8086421e+01
   2.0667948e+01  -7.7978072e+01  -7.8051447e+01
   2.0699199e+01  -7.7967709e+01  -7.8102559e+01
   2.0730450e+01  -7.7952523e+01  -7.8084298e+01
   2.0761701e+01  -7.7972059e+01  -7.8099104e+01
   2.0792952e+01  -7.7990790e+01  -7.7961878e+01
   2.0824203e+01  -7.7903413e+01  -7.8066152e+01
   2.0855454e+01  -7.7946178e+01  -7.8129164e+01
   2.0886705e+01  -7.7951431e+01  -7.8109885e+01
   2.0917956e+01  -7.7906357e+01  -7.8023773e+01
   2.0949207e+01  -7.7902465e+01  -7.8032108e+01
   2.0980458e+01  -7.7934460e+01  -7.8182024e+01
   2.1011709e+01  -7.7962903e+01  -7.7931784e+01
   2.1042960e+01  -7.7981640e+01  -7.8069333e+01
   2.1074211e+01  -7.7961950e+01  -7.8072135e+01
   2.1105462e+01  -7.7974473e+01  -7.8199419e+01
   2.1136713e+01  -7.7980667e+01  -7.8023945e+01
   2.1167964e+01  -7.7962766e+01  -7.7952923e+01
   2.1199215e+01  -7.7978122e+01  -7.7935182e+01
   2.1230466e+01  -7.7983188e+01  -7.8054803e+01
   2.1261717e+01  -7.7954679e+01  -7.8178400e+01
   2.1292968e+01  -7.7968149e+01  -7.8130549e+01
   2.1324218e+01  -7.7967306e+01  -7.8110773e+01
