  -2.1333333e+01  -7.8397457e+01  -7.7844334e+01
  -2.1302082e+01  -7.8388277e+01  -7.7854328e+01
  -2.1270831e+01  -7.8413309e+01  -7.7892734e+01
  -2.1239580e+01  -7.8360084e+01  -7.7731431e+01
  -2.1208330e+01  -7.8429961e+01  -7.7768630e+01
  -2.1177079e+01  -7.8372353e+01  -7.7809143e+01
  -2.1145828e+01  -7.8403713e+01  -7.7935419e+01
  -2.1114577e+01  -7.8395220e+01  -7.7706540e+01
  -2.1083326e+01  -7.8408348e+01  -7.7805992e+01
  -2.1052075e+01  -7.8400999e+01  -7.7748519e+01
  -2.1020824e+01  -7.8377123e+01  -7.7850438e+01
  -2.0989573e+01  -7.8314422e+01  -7.7855331e+01
  -2.0958322e+01  -7.8437763e+01  -7.7858566e+01
  -2.0927071e+01  -7.8376765e+01  -7.7791481e+01
  -2.0895820e+01  -7.8377173e+01  -7.7782416e+01
  -2.0864569e+01  -7.8402709e+01  -7.7747335e+01
  -2.0833318e+01  -7.8404564e+01  -7.7878932e+01
  -2.0802067e+01  -7.8383947e+01  -7.7799432e+01
  -2.0770816e+01  -7.8371817e+01  -7.7782584e+01
  -2.0739565e+01  -7.8371848e+01  -7.7816993e+01
  -2.0708314e+01  -7.8391663e+01  -7.7936797e+01
  -2.0677063e+01  -7.8385490e+01  -7.7893115e+01
  -2.0645812e+01  -7.8394666e+01  -7.7829630e+01
  -2.0614561e+01  -7.8381494e+01  -7.7852913e+01
  -2.0583310e+01  -7.8384164e+01  -7.7854273e+01
  -2.0552059e+01  -7.8343899e+01  -7.7845073e+01
  -2.0520809e+01  -7.8351921e+01  -7.7856953e+01
  -2.0489558e+01  -7.8357643e+01  -7.7848397e+01
  -2.0458307e+01  -7.8341786e+01  -7.7854814e+01
  -2.0427056e+01  -7.8357501e+01  -7.7823948e+01
  -2.0395805e+01  -7.8343118e+01  -7.7842574e+01
  -2.0364554e+01  -7.8362934e+01  -7.7853034e+01
  -2.0333303e+01  -7.8379348e+01  -7.7819405e+01
  -2.0302052e+01  -7.8398694e+01  -7.7776448e+01
  -2.0270801e+01  -7.8365071e+01  -7.7768085e+01
  -2.0239550e+01  -7.8366749e+01  -7.7858132e+01
  -2.0208299e+01  -7.8362999e+01  -7.7905590e+01
  -2.0177048e+01  -7.8369631e+01  -7.7768976e+01
  -2.0145797e+01  -7.8354726e+01  -7.7809029e+01
  -2.0114546e+01  -7.8349297e+01  -7.7827525e+01
  -2.0083295e+01  -7.8362667e+01  -7.7643338e+01
  -2.0052044e+01  -7.8293214e+01  -7.7767409e+01
  -2.0020793e+01  -7.8366452e+01  -7.7627179e+01
  -1.9989542e+01  -7.8335611e+01  -7.7700999e+01
  -1.9958291e+01  -7.8407380e+01  -7.7678531e+01
  -1.9927040e+01  -7.8325718e+01  -7.7782502e+01
  -1.9895789e+01  -7.8348336e+01  -7.7780483e+01
  -1.9864539e+01  -7.8354148e+01  -7.7874004e+01
  -1.9833288e+01  -7.8335736e+01  -7.7547313e+01
  -1.9802037e+01  -7.8338608e+01  -7.7642977e+01
  -1.9770786e+01  -7.8337409e+01  -7.7792420e+01
  -1.9739535e+01  -7.8349669e+01  -7.7767247e+01
  -1.9708284e+01  -7.8269132e+01  -7.7571075e+01
  -1.9677033e+01  -7.8315011e+01  -7.7728384e+01
  -1.9645782e+01  -7.8337732e+01  -7.7801131e+01
  -1.9614531e+01  -7.8260326e+01  -7.7719404e+01
  -1.9583280e+01  -7.8205481e+01  -7.7773646e+01
  -1.9552029e+01  -7.8265706e+01  -7.7667596e+01
  -1.9520778e+01  -7.8315900e+01  -7.7669299e+01
  -1.9489527e+01  -7.8303255e+01  -7.7691449e+01
  -1.9458276e+01  -7.8317824e+01  -7.7744649e+01
  -1.9427025e+01  -7.8282370e+01  -7.7576648e+01
  -1.9395774e+01  -7.8321513e+01  -7.7739767e+01
  -1.9364523e+01  -7.8301881e+01  -7.7764455e+01
  -1.9333272e+01  -7.8292726e+01  -7.7589721e+01
  -1.9302021e+01  -7.8273850e+01  -7.7664796e+01
  -1.9270770e+01  -7.8297935e+01  -7.7665084e+01
  -1.9239519e+01  -7.8313827e+01  -7.7729898e+01
  -1.9208268e+01  -7.8317248e+01  -7.7662846e+01
  -1.9177018e+01  -7.8258379e+01  -7.7641959e+01
  -1.9145767e+01  -7.8304507e+01  -7.7752334e+01
  -1.9114516e+01  -7.8182788e+01  -7.7737476e+01
  -1.9083265e+01  -7.8211390e+01  -7.7711339e+01
  -1.9052014e+01  -7.8222243e+01  -7.7659717e+01
  -1.9020763e+01  -7.8209906e+01  -7.7732187e+01
  -1.8989512e+01  -7.8274656e+01  -7.7745569e+01
  -1.8958261e+01  -7.8261808e+01  -7.7709245e+01
  -1.8927010e+01  -7.8253717e+01  -7.7710225e+01
  -1.8895759e+01  -7.8253541e+01  -7.7727943e+01
  -1.8864508e+01  -7.8226874e+01  -7.7720446e+01
  -1.8833257e+01  -7.8213286e+01  -7.7711972e+01
  -1.8802006e+01  -7.8241141e+01  -7.7714335e+01
  -1.8770755e+01  -7.8271371e+01  -7.7706855e+01
  -1.8739504e+01  -7.8165062e+01  -7.7652462e+01
  -1.8708253e+01  -7.8232224e+01  -7.7677530e+01
  -1.8677002e+01  -7.8207729e+01  -7.7697809e+01
  -1.8645751e+01  -7.8261476e+01  -7.7693516e+01
  -1.8614500e+01  -7.8247246e+01  -7.7690373e+01
  -1.8583249e+01  -7.8211032e+01  -7.7683148e+01
  -1.8551998e+01  -7.8231550e+01  -7.7677920e+01
  -1.8520748e+01  -7.8203313e+01  -7.7673596e+01
  -1.8489497e+01  -7.8196836e+01  -7.7671204e+01
  -1.8458246e+01  -7.8171287e+01  -7.7666898e+01
  -1.8426995e+01  -7.8197799e+01  -7.7661959e+01
  -1.8395744e+01  -7.8138055e+01  -7.7656491e+01
  -1.8364493e+01  -7.8178972e+01  -7.7652385e+01
  -1.8333242e+01  -7.8111059e+01  -7.7648383e+01
  -1.8301991e+01  -7.8086510e+01  -7.7643130e+01
  -1.8270740e+01  -7.8167302e+01  -7.7638530e+01
  -1.8239489e+01  -7.8115284e+01  -7.7634195e+01
  -1.8208238e+01  -7.8084529e+01  -7.7628538e+01
  -1.8176987e+01  -7.8140754e+01  -7.7623818e+01
  -1.8145736e+01  -7.8118081e+01  -7.7618966e+01
  -1.8114485e+01  -7.8140966e+01  -7.7613832e+01
  -1.8083234e+01  -7.8133664e+01  -7.7608722e+01
  -1.8051983e+01  -7.8131817e+01  -7.7603833e+01
  -1.8020732e+01  -7.8122518e+01  -7.7598525e+01
  -1.7989481e+01  -7.8103408e+01  -7.7593282e+01
  -1.7958230e+01  -7.8049579e+01  -7.7587975e+01
  -1.7926979e+01  -7.8069569e+01  -7.7582600e+01
  -1.7895728e+01  -7.8158400e+01  -7.7577152e+01
  -1.7864477e+01  -7.8064230e+01  -7.7571801e+01
  -1.7833227e+01  -7.8047419e+01  -7.7566363e+01
  -1.7801976e+01  -7.8132491e+01  -7.7560764e+01
  -1.7770725e+01  -7.8057548e+01  -7.7555182e+01
  -1.7739474e+01  -7.8019038e+01  -7.7549603e+01
  -1.7708223e+01  -7.8077124e+01  -7.7543838e+01
  -1.7676972e+01  -7.8060980e+01  -7.7538078e+01
  -1.7645721e+01  -7.8056935e+01  -7.7532305e+01
  -1.7614470e+01  -7.8053070e+01  -7.7526445e+01
  -1.7583219e+01  -7.8036630e+01  -7.7520525e+01
  -1.7551968e+01  -7.8062679e+01  -7.7514606e+01
  -1.7520717e+01  -7.8058006e+01  -7.7508580e+01
  -1.7489466e+01  -7.8030611e+01  -7.7502518e+01
  -1.7458215e+01  -7.8030194e+01  -7.7496397e+01
  -1.7426964e+01  -7.8069663e+01  -7.7490231e+01
  -1.7395713e+01  -7.7970977e+01  -7.7484010e+01
  -1.7364462e+01  -7.7947924e+01  -7.7477750e+01
  -1.7333211e+01  -7.7962616e+01  -7.7471424e+01
  -1.7301960e+01  -7.8001577e+01  -7.7465045e+01
  -1.7270709e+01  -7.7956829e+01  -7.7458615e+01
  -1.7239458e+01  -7.7938878e+01  -7.7452133e+01
  -1.7208207e+01  -7.7970391e+01  -7.7445596e+01
  -1.7176956e+01  -7.7968580e+01  -7.7439010e+01
  -1.7145706e+01  -7.7959312e+01  -7.7432364e+01
  -1.7114455e+01  -7.7970160e+01  -7.7425669e+01
  -1.7083204e+01  -7.7938012e+01  -7.7418923e+01
  -1.7051953e+01  -7.7936525e+01  -7.7412114e+01
  -1.7020702e+01  -7.7909080e+01  -7.7405262e+01
  -1.6989451e+01  -7.7886383e+01  -7.7398350e+01
  -1.6958200e+01  -7.7919428e+01  -7.7391392e+01
  -1.6926949e+01  -7.7863905e+01  -7.7384371e+01
  -1.6895698e+01  -7.7853549e+01  -7.7377300e+01
  -1.6864447e+01  -7.7886970e+01  -7.7370162e+01
  -1.6833196e+01  -7.7860389e+01  -7.7362989e+01
  -1.6801945e+01  -7.7891133e+01  -7.7355756e+01
  -1.6770694e+01  -7.7886682e+01  -7.7348474e+01
  -1.6739443e+01  -7.7872875e+01  -7.7341126e+01
  -1.6708192e+01  -7.7867774e+01  -7.7333718e+01
  -1.6676941e+01  -7.7856467e+01  -7.7326280e+01
  -1.6645690e+01  -7.7848216e+01  -7.7318761e+01
  -1.6614439e+01  -7.7812280e+01  -7.7311200e+01
  -1.6583188e+01  -7.7902278e+01  -7.7303588e+01
  -1.6551937e+01  -7.7772096e+01  -7.7295912e+01
  -1.6520686e+01  -7.7813728e+01  -7.7288191e+01
  -1.6489436e+01  -7.7817062e+01  -7.7280401e+01
  -1.6458185e+01  -7.7781099e+01  -7.7272568e+01
  -1.6426934e+01  -7.7765638e+01  -7.7264667e+01
  -1.6395683e+01  -7.7773786e+01  -7.7256719e+01
  -1.6364432e+01  -7.7768450e+01  -7.7248708e+01
  -1.6333181e+01  -7.7786954e+01  -7.7240651e+01
  -1.6301930e+01  -7.7766062e+01  -7.7232536e+01
  -1.6270679e+01  -7.7764281e+01  -7.7224368e+01
  -1.6239428e+01  -7.7741574e+01  -7.7216137e+01
  -1.6208177e+01  -7.7717135e+01  -7.7207843e+01
  -1.6176926e+01  -7.7696914e+01  -7.7199507e+01
  -1.6145675e+01  -7.7730392e+01  -7.7191103e+01
  -1.6114424e+01  -7.7628074e+01  -7.7182648e+01
  -1.6083173e+01  -7.7630116e+01  -7.7174138e+01
  -1.6051922e+01  -7.7707136e+01  -7.7165567e+01
  -1.6020671e+01  -7.7704321e+01  -7.7156944e+01
  -1.5989420e+01  -7.7686048e+01  -7.7148257e+01
  -1.5958169e+01  -7.7674639e+01  -7.7139517e+01
  -1.5926918e+01  -7.7650533e+01  -7.7130716e+01
  -1.5895667e+01  -7.7658077e+01  -7.7121861e+01
  -1.5864416e+01  -7.7645873e+01  -7.7112948e+01
  -1.5833165e+01  -7.7646537e+01  -7.7103976e+01
  -1.5801915e+01  -7.7649472e+01  -7.7094947e+01
  -1.5770664e+01  -7.7648547e+01  -7.7085860e+01
  -1.5739413e+01  -7.7609124e+01  -7.7076714e+01
  -1.5708162e+01  -7.7537774e+01  -7.7067510e+01
  -1.5676911e+01  -7.7473632e+01  -7.7058247e+01
  -1.5645660e+01  -7.7580909e+01  -7.7048926e+01
  -1.5614409e+01  -7.7616682e+01  -7.7039546e+01
  -1.5583158e+01  -7.7474218e+01  -7.7030107e+01
  -1.5551907e+01  -7.7618883e+01  -7.7020610e+01
  -1.5520656e+01  -7.7559352e+01  -7.7011051e+01
  -1.5489405e+01  -7.7531312e+01  -7.7001436e+01
  -1.5458154e+01  -7.7532226e+01  -7.6991760e+01
  -1.5426903e+01  -7.7520470e+01  -7.6982026e+01
  -1.5395652e+01  -7.7504454e+01  -7.6972229e+01
  -1.5364401e+01  -7.7480248e+01  -7.6962374e+01
  -1.5333150e+01  -7.7535244e+01  -7.6952461e+01
  -1.5301899e+01  -7.7471857e+01  -7.6942483e+01
  -1.5270648e+01  -7.7496284e+01  -7.6932447e+01
  -1.5239397e+01  -7.7476462e+01  -7.6922350e+01
  -1.5208146e+01  -7.7437121e+01  -7.6912194e+01
  -1.5176895e+01  -7.7537077e+01  -7.6901977e+01
  -1.5145645e+01  -7.7430170e+01  -7.6891698e+01
  -1.5114394e+01  -7.7399526e+01  -7.6881359e+01
  -1.5083143e+01  -7.7401802e+01  -7.6870956e+01
  -1.5051892e+01  -7.7387257e+01  -7.6860498e+01
  -1.5020641e+01  -7.7388067e+01  -7.6849970e+01
  -1.4989390e+01  -7.7378270e+01  -7.6839385e+01
  -1.4958139e+01  -7.7368284e+01  -7.6828737e+01
  -1.4926888e+01  -7.7340238e+01  -7.6818029e+01
  -1.4895637e+01  -7.7355886e+01  -7.6807253e+01
  -1.4864386e+01  -7.7311323e+01  -7.6796419e+01
  -1.4833135e+01  -7.7337700e+01  -7.6785525e+01
  -1.4801884e+01  -7.7293273e+01  -7.6774563e+01
  -1.4770633e+01  -7.7290922e+01  -7.6763540e+01
  -1.4739382e+01  -7.7255903e+01  -7.6752454e+01
  -1.4708131e+01  -7.7349309e+01  -7.6741304e+01
  -1.4676880e+01  -7.7242953e+01  -7.6730092e+01
  -1.4645629e+01  -7.7255831e+01  -7.6718815e+01
  -1.4614378e+01  -7.7225072e+01  -7.6707474e+01
  -1.4583127e+01  -7.7204127e+01  -7.6696069e+01
  -1.4551876e+01  -7.7223489e+01  -7.6684604e+01
  -1.4520625e+01  -7.7197004e+01  -7.6673068e+01
  -1.4489374e+01  -7.7209576e+01  -7.6661471e+01
  -1.4458124e+01  -7.7197321e+01  -7.6649808e+01
  -1.4426873e+01  -7.7120567e+01  -7.6638081e+01
  -1.4395622e+01  -7.7198703e+01  -7.6626287e+01
  -1.4364371e+01  -7.7154868e+01  -7.6614430e+01
  -1.4333120e+01  -7.7052511e+01  -7.6602507e+01
  -1.4301869e+01  -7.7163660e+01  -7.6590517e+01
  -1.4270618e+01  -7.7116361e+01  -7.6578462e+01
  -1.4239367e+01  -7.7060289e+01  -7.6566341e+01
  -1.4208116e+01  -7.7072308e+01  -7.6554153e+01
  -1.4176865e+01  -7.7057359e+01  -7.6541898e+01
  -1.4145614e+01  -7.7053904e+01  -7.6529577e+01
  -1.4114363e+01  -7.7057481e+01  -7.6517189e+01
  -1.4083112e+01  -7.7038925e+01  -7.6504734e+01
  -1.4051861e+01  -7.7018430e+01  -7.6492211e+01
  -1.4020610e+01  -7.7023064e+01  -7.6479621e+01
  -1.3989359e+01  -7.7034376e+01  -7.6466963e+01
  -1.3958108e+01  -7.7042658e+01  -7.6454237e+01
  -1.3926857e+01  -7.6980944e+01  -7.6441442e+01
  -1.3895606e+01  -7.6989663e+01  -7.6428580e+01
  -1.3864355e+01  -7.6878357e+01  -7.6415647e+01
  -1.3833104e+01  -7.6962003e+01  -7.6402647e+01
  -1.3801853e+01  -7.6970875e+01  -7.6389577e+01
  -1.3770603e+01  -7.6916730e+01  -7.6376439e+01
  -1.3739352e+01  -7.6934911e+01  -7.6363229e+01
  -1.3708101e+01  -7.6883340e+01  -7.6349950e+01
  -1.3676850e+01  -7.6880985e+01  -7.6336603e+01
  -1.3645599e+01  -7.6877282e+01  -7.6323183e+01
  -1.3614348e+01  -7.6881615e+01  -7.6309693e+01
  -1.3583097e+01  -7.6831829e+01  -7.6296133e+01
  -1.3551846e+01  -7.6809090e+01  -7.6282500e+01
  -1.3520595e+01  -7.6821934e+01  -7.6268799e+01
  -1.3489344e+01  -7.6826248e+01  -7.6255023e+01
  -1.3458093e+01  -7.6791079e+01  -7.6241178e+01
  -1.3426842e+01  -7.6806102e+01  -7.6227259e+01
  -1.3395591e+01  -7.6800030e+01  -7.6213268e+01
  -1.3364340e+01  -7.6731880e+01  -7.6199203e+01
  -1.3333089e+01  -7.6726629e+01  -7.6185069e+01
  -1.3301838e+01  -7.6729501e+01  -7.6170859e+01
  -1.3270587e+01  -7.6705663e+01  -7.6156577e+01
  -1.3239336e+01  -7.6688369e+01  -7.6142220e+01
  -1.3208085e+01  -7.6682553e+01  -7.6127789e+01
  -1.3176834e+01  -7.6686499e+01  -7.6113286e+01
  -1.3145583e+01  -7.6669284e+01  -7.6098706e+01
  -1.3114333e+01  -7.6592492e+01  -7.6084053e+01
  -1.3083082e+01  -7.6606660e+01  -7.6069324e+01
  -1.3051831e+01  -7.6513837e+01  -7.6054520e+01
  -1.3020580e+01  -7.6608427e+01  -7.6039641e+01
  -1.2989329e+01  -7.6554435e+01  -7.6024685e+01
  -1.2958078e+01  -7.6503054e+01  -7.6009654e+01
  -1.2926827e+01  -7.6505382e+01  -7.5994545e+01
  -1.2895576e+01  -7.6563145e+01  -7.5979361e+01
  -1.2864325e+01  -7.6538662e+01  -7.5964099e+01
  -1.2833074e+01  -7.6508431e+01  -7.5948760e+01
  -1.2801823e+01  -7.6485266e+01  -7.5933343e+01
  -1.2770572e+01  -7.6468172e+01  -7.5917848e+01
  -1.2739321e+01  -7.6451643e+01  -7.5902274e+01
  -1.2708070e+01  -7.6371288e+01  -7.5886623e+01
  -1.2676819e+01  -7.6421636e+01  -7.5870892e+01
  -1.2645568e+01  -7.6399271e+01  -7.5855082e+01
  -1.2614317e+01  -7.6336025e+01  -7.5839193e+01
  -1.2583066e+01  -7.6417319e+01  -7.5823223e+01
  -1.2551815e+01  -7.6341488e+01  -7.5807174e+01
  -1.2520564e+01  -7.6347938e+01  -7.5791043e+01
  -1.2489313e+01  -7.6374629e+01  -7.5774832e+01
  -1.2458062e+01  -7.6342793e+01  -7.5758540e+01
  -1.2426812e+01  -7.6309727e+01  -7.5742167e+01
  -1.2395561e+01  -7.6289592e+01  -7.5725711e+01
  -1.2364310e+01  -7.6262789e+01  -7.5709173e+01
  -1.2333059e+01  -7.6238179e+01  -7.5692553e+01
  -1.2301808e+01  -7.6232333e+01  -7.5675849e+01
  -1.2270557e+01  -7.6208397e+01  -7.5659062e+01
  -1.2239306e+01  -7.6198009e+01  -7.5642191e+01
  -1.2208055e+01  -7.6153098e+01  -7.5625237e+01
  -1.2176804e+01  -7.6166932e+01  -7.5608198e+01
  -1.2145553e+01  -7.6154344e+01  -7.5591075e+01
  -1.2114302e+01  -7.6081717e+01  -7.5573866e+01
  -1.2083051e+01  -7.6018079e+01  -7.5556571e+01
  -1.2051800e+01  -7.6081755e+01  -7.5539192e+01
  -1.2020549e+01  -7.6061965e+01  -7.5521724e+01
  -1.1989298e+01  -7.6010306e+01  -7.5504171e+01
  -1.1958047e+01  -7.6035876e+01  -7.5486531e+01
  -1.1926796e+01  -7.6028163e+01  -7.5468803e+01
  -1.1895545e+01  -7.6023115e+01  -7.5450988e+01
  -1.1864294e+01  -7.6021500e+01  -7.5433083e+01
  -1.1833043e+01  -7.6022079e+01  -7.5415091e+01
  -1.1801792e+01  -7.5937034e+01  -7.5397009e+01
  -1.1770542e+01  -7.5921245e+01  -7.5378838e+01
  -1.1739291e+01  -7.5881161e+01  -7.5360576e+01
  -1.1708040e+01  -7.5835928e+01  -7.5342225e+01
  -1.1676789e+01  -7.5902490e+01  -7.5323782e+01
  -1.1645538e+01  -7.5872200e+01  -7.5305249e+01
  -1.1614287e+01  -7.5820384e+01  -7.5286623e+01
  -1.1583036e+01  -7.5833380e+01  -7.5267906e+01
  -1.1551785e+01  -7.5811833e+01  -7.5249095e+01
  -1.1520534e+01  -7.5786203e+01  -7.5230192e+01
  -1.1489283e+01  -7.5773453e+01  -7.5211196e+01
  -1.1458032e+01  -7.5754272e+01  -7.5192105e+01
  -1.1426781e+01  -7.5731120e+01  -7.5172920e+01
  -1.1395530e+01  -7.5686907e+01  -7.5153640e+01
  -1.1364279e+01  -7.5663466e+01  -7.5134265e+01
  -1.1333028e+01  -7.5643770e+01  -7.5114793e+01
  -1.1301777e+01  -7.5575423e+01  -7.5095226e+01
  -1.1270526e+01  -7.5613585e+01  -7.5075561e+01
  -1.1239275e+01  -7.5574887e+01  -7.5055800e+01
  -1.1208024e+01  -7.5553113e+01  -7.5035940e+01
  -1.1176773e+01  -7.5574084e+01  -7.5015982e+01
  -1.1145522e+01  -7.5546669e+01  -7.4995925e+01
  -1.1114271e+01  -7.5551453e+01  -7.4975769e+01
  -1.1083021e+01  -7.5539187e+01  -7.4955513e+01
  -1.1051770e+01  -7.5504245e+01  -7.4935156e+01
  -1.1020519e+01  -7.5493011e+01  -7.4914698e+01
  -1.0989268e+01  -7.5487295e+01  -7.4894139e+01
  -1.0958017e+01  -7.5424735e+01  -7.4873478e+01
  -1.0926766e+01  -7.5426777e+01  -7.4852715e+01
  -1.0895515e+01  -7.5340622e+01  -7.4831848e+01
  -1.0864264e+01  -7.5318542e+01  -7.4810877e+01
  -1.0833013e+01  -7.5378866e+01  -7.4789802e+01
  -1.0801762e+01  -7.5421326e+01  -7.4768622e+01
  -1.0770511e+01  -7.5257342e+01  -7.4747336e+01
  -1.0739260e+01  -7.5309196e+01  -7.4725945e+01
  -1.0708009e+01  -7.5275638e+01  -7.4704446e+01
  -1.0676758e+01  -7.5256002e+01  -7.4682842e+01
  -1.0645507e+01  -7.5235262e+01  -7.4661128e+01
  -1.0614256e+01  -7.5214157e+01  -7.4639306e+01
  -1.0583005e+01  -7.5181703e+01  -7.4617375e+01
  -1.0551754e+01  -7.5144570e+01  -7.4595334e+01
  -1.0520503e+01  -7.5156426e+01  -7.4573185e+01
  -1.0489252e+01  -7.5087939e+01  -7.4550920e+01
  -1.0458001e+01  -7.5027331e+01  -7.4528544e+01
  -1.0426750e+01  -7.5070039e+01  -7.4506057e+01
  -1.0395500e+01  -7.4997965e+01  -7.4483463e+01
  -1.0364249e+01  -7.5054692e+01  -7.4460743e+01
  -1.0332998e+01  -7.5005686e+01  -7.4437922e+01
  -1.0301747e+01  -7.5009466e+01  -7.4414985e+01
  -1.0270496e+01  -7.4957306e+01  -7.4391919e+01
  -1.0239245e+01  -7.4984785e+01  -7.4368742e+01
  -1.0207994e+01  -7.4915497e+01  -7.4345443e+01
  -1.0176743e+01  -7.4906652e+01  -7.4322057e+01
  -1.0145492e+01  -7.4872348e+01  -7.4298515e+01
  -1.0114241e+01  -7.4881039e+01  -7.4274870e+01
  -1.0082990e+01  -7.4797990e+01  -7.4251096e+01
  -1.0051739e+01  -7.4761763e+01  -7.4227198e+01
  -1.0020488e+01  -7.4795453e+01  -7.4203207e+01
  -9.9892371e+00  -7.4785663e+01  -7.4179062e+01
  -9.9579862e+00  -7.4673308e+01  -7.4154794e+01
  -9.9267352e+00  -7.4648706e+01  -7.4130396e+01
  -9.8954843e+00  -7.4627823e+01  -7.4105936e+01
  -9.8642333e+00  -7.4676089e+01  -7.4081274e+01
  -9.8329824e+00  -7.4613604e+01  -7.4056541e+01
  -9.8017314e+00  -7.4607980e+01  -7.4031670e+01
  -9.7704805e+00  -7.4596579e+01  -7.4006660e+01
  -9.7392295e+00  -7.4568009e+01  -7.3981470e+01
  -9.7079786e+00  -7.4522062e+01  -7.3956165e+01
  -9.6767276e+00  -7.4547547e+01  -7.3930879e+01
  -9.6454766e+00  -7.4474785e+01  -7.3905289e+01
  -9.6142257e+00  -7.4451028e+01  -7.3879640e+01
  -9.5829747e+00  -7.4462037e+01  -7.3853757e+01
  -9.5517238e+00  -7.4327633e+01  -7.3827835e+01
  -9.5204728e+00  -7.4362889e+01  -7.3801832e+01
  -9.4892219e+00  -7.4300829e+01  -7.3775583e+01
  -9.4579709e+00  -7.4321724e+01  -7.3749191e+01
  -9.4267200e+00  -7.4337108e+01  -7.3722645e+01
  -9.3954690e+00  -7.4299093e+01  -7.3696153e+01
  -9.3642181e+00  -7.4240339e+01  -7.3669339e+01
  -9.3329671e+00  -7.4244216e+01  -7.3642533e+01
  -9.3017162e+00  -7.4213899e+01  -7.3615459e+01
  -9.2704652e+00  -7.4211582e+01  -7.3588441e+01
  -9.2392143e+00  -7.4142471e+01  -7.3560839e+01
  -9.2079633e+00  -7.4073777e+01  -7.3533247e+01
  -9.1767123e+00  -7.4048684e+01  -7.3505922e+01
  -9.1454614e+00  -7.4068900e+01  -7.3478040e+01
  -9.1142104e+00  -7.4088069e+01  -7.3450188e+01
  -9.0829595e+00  -7.3945947e+01  -7.3421807e+01
  -9.0517085e+00  -7.4006242e+01  -7.3393725e+01
  -9.0204576e+00  -7.3906159e+01  -7.3365498e+01
  -8.9892066e+00  -7.3880047e+01  -7.3336829e+01
  -8.9579557e+00  -7.3945347e+01  -7.3307978e+01
  -8.9267047e+00  -7.3904819e+01  -7.3279047e+01
  -8.8954538e+00  -7.3856493e+01  -7.3250201e+01
  -8.8642028e+00  -7.3822993e+01  -7.3221088e+01
  -8.8329519e+00  -7.3808043e+01  -7.3192051e+01
  -8.8017009e+00  -7.3758830e+01  -7.3162447e+01
  -8.7704499e+00  -7.3718484e+01  -7.3133383e+01
  -8.7391990e+00  -7.3726370e+01  -7.3102851e+01
  -8.7079480e+00  -7.3682991e+01  -7.3072592e+01
  -8.6766971e+00  -7.3626195e+01  -7.3042837e+01
  -8.6454461e+00  -7.3611857e+01  -7.3012515e+01
  -8.6141952e+00  -7.3538718e+01  -7.2982269e+01
  -8.5829442e+00  -7.3562379e+01  -7.2951062e+01
  -8.5516933e+00  -7.3513541e+01  -7.2920519e+01
  -8.5204423e+00  -7.3495431e+01  -7.2889848e+01
  -8.4891914e+00  -7.3467664e+01  -7.2858272e+01
  -8.4579404e+00  -7.3444072e+01  -7.2826568e+01
  -8.4266895e+00  -7.3414583e+01  -7.2795041e+01
  -8.3954385e+00  -7.3391432e+01  -7.2763306e+01
  -8.3641875e+00  -7.3331631e+01  -7.2731654e+01
  -8.3329366e+00  -7.3295445e+01  -7.2700202e+01
  -8.3016856e+00  -7.3293865e+01  -7.2667990e+01
  -8.2704347e+00  -7.3198942e+01  -7.2636278e+01
  -8.2391837e+00  -7.3152409e+01  -7.2602567e+01
  -8.2079328e+00  -7.3094423e+01  -7.2569191e+01
  -8.1766818e+00  -7.3132509e+01  -7.2536206e+01
  -8.1454309e+00  -7.3168100e+01  -7.2503379e+01
  -8.1141799e+00  -7.3120916e+01  -7.2470576e+01
  -8.0829290e+00  -7.3082855e+01  -7.2436566e+01
  -8.0516780e+00  -7.3034002e+01  -7.2402862e+01
  -8.0204271e+00  -7.3004008e+01  -7.2369632e+01
  -7.9891761e+00  -7.2969613e+01  -7.2334311e+01
  -7.9579251e+00  -7.2988325e+01  -7.2299582e+01
  -7.9266742e+00  -7.2860641e+01  -7.2264938e+01
  -7.8954232e+00  -7.2839181e+01  -7.2230063e+01
  -7.8641723e+00  -7.2831019e+01  -7.2194786e+01
  -7.8329213e+00  -7.2842104e+01  -7.2160762e+01
  -7.8016704e+00  -7.2760222e+01  -7.2126478e+01
  -7.7704194e+00  -7.2725638e+01  -7.2090321e+01
  -7.7391685e+00  -7.2661723e+01  -7.2053766e+01
  -7.7079175e+00  -7.2632735e+01  -7.2016775e+01
  -7.6766666e+00  -7.2575995e+01  -7.1979841e+01
  -7.6454156e+00  -7.2597746e+01  -7.1944057e+01
  -7.6141647e+00  -7.2548523e+01  -7.1908432e+01
  -7.5829137e+00  -7.2527237e+01  -7.1871589e+01
  -7.5516628e+00  -7.2495672e+01  -7.1834287e+01
  -7.5204118e+00  -7.2480808e+01  -7.1798491e+01
  -7.4891608e+00  -7.2372440e+01  -7.1758011e+01
  -7.4579099e+00  -7.2369694e+01  -7.1720497e+01
  -7.4266589e+00  -7.2309240e+01  -7.1681186e+01
  -7.3954080e+00  -7.2296390e+01  -7.1644193e+01
  -7.3641570e+00  -7.2287922e+01  -7.1602613e+01
  -7.3329061e+00  -7.2169370e+01  -7.1566063e+01
  -7.3016551e+00  -7.2188179e+01  -7.1530442e+01
  -7.2704042e+00  -7.2167764e+01  -7.1487773e+01
  -7.2391532e+00  -7.2151749e+01  -7.1448455e+01
  -7.2079023e+00  -7.2064314e+01  -7.1407171e+01
  -7.1766513e+00  -7.2044866e+01  -7.1366648e+01
  -7.1454004e+00  -7.2000970e+01  -7.1326474e+01
  -7.1141494e+00  -7.1963961e+01  -7.1287206e+01
  -7.0828984e+00  -7.1876140e+01  -7.1245849e+01
  -7.0516475e+00  -7.1867350e+01  -7.1206508e+01
  -7.0203965e+00  -7.1837946e+01  -7.1167986e+01
  -6.9891456e+00  -7.1786376e+01  -7.1120423e+01
  -6.9578946e+00  -7.1695597e+01  -7.1079879e+01
  -6.9266437e+00  -7.1728598e+01  -7.1033286e+01
  -6.8953927e+00  -7.1611906e+01  -7.0996508e+01
  -6.8641418e+00  -7.1614162e+01  -7.0945547e+01
  -6.8328908e+00  -7.1528574e+01  -7.0906657e+01
  -6.8016399e+00  -7.1573176e+01  -7.0868815e+01
  -6.7703889e+00  -7.1497547e+01  -7.0820646e+01
  -6.7391380e+00  -7.1474024e+01  -7.0775995e+01
  -6.7078870e+00  -7.1454890e+01  -7.0729230e+01
  -6.6766360e+00  -7.1409312e+01  -7.0686553e+01
  -6.6453851e+00  -7.1364466e+01  -7.0640014e+01
  -6.6141341e+00  -7.1271973e+01  -7.0595110e+01
  -6.5828832e+00  -7.1174925e+01  -7.0544579e+01
  -6.5516322e+00  -7.1167267e+01  -7.0507288e+01
  -6.5203813e+00  -7.1124897e+01  -7.0465620e+01
  -6.4891303e+00  -7.1123193e+01  -7.0408951e+01
  -6.4578794e+00  -7.0951247e+01  -7.0362344e+01
  -6.4266284e+00  -7.0982565e+01  -7.0306853e+01
  -6.3953775e+00  -7.0958462e+01  -7.0271100e+01
  -6.3641265e+00  -7.0995020e+01  -7.0211397e+01
  -6.3328756e+00  -7.0912496e+01  -7.0169854e+01
  -6.3016246e+00  -7.0845789e+01  -7.0125138e+01
  -6.2703736e+00  -7.0794273e+01  -7.0078892e+01
  -6.2391227e+00  -7.0771404e+01  -7.0021478e+01
  -6.2078717e+00  -7.0704681e+01  -6.9967035e+01
  -6.1766208e+00  -7.0659400e+01  -6.9922474e+01
  -6.1453698e+00  -7.0633954e+01  -6.9868912e+01
  -6.1141189e+00  -7.0506172e+01  -6.9815293e+01
  -6.0828679e+00  -7.0432152e+01  -6.9749849e+01
  -6.0516170e+00  -7.0452261e+01  -6.9717433e+01
  -6.0203660e+00  -7.0411059e+01  -6.9672903e+01
  -5.9891151e+00  -7.0362155e+01  -6.9604635e+01
  -5.9578641e+00  -7.0283787e+01  -6.9544417e+01
  -5.9266132e+00  -7.0227388e+01  -6.9482726e+01
  -5.8953622e+00  -7.0211600e+01  -6.9442417e+01
  -5.8641113e+00  -7.0175986e+01  -6.9382269e+01
  -5.8328603e+00  -7.0106294e+01  -6.9336216e+01
  -5.8016093e+00  -7.0029500e+01  -6.9276882e+01
  -5.7703584e+00  -7.0017034e+01  -6.9244279e+01
  -5.7391074e+00  -6.9819245e+01  -6.9163092e+01
  -5.7078565e+00  -6.9845469e+01  -6.9097063e+01
  -5.6766055e+00  -6.9876777e+01  -6.9046675e+01
  -5.6453546e+00  -6.9705271e+01  -6.8987699e+01
  -5.6141036e+00  -6.9673725e+01  -6.8923448e+01
  -5.5828527e+00  -6.9668262e+01  -6.8841735e+01
  -5.5516017e+00  -6.9584663e+01  -6.8808686e+01
  -5.5203508e+00  -6.9578276e+01  -6.8764423e+01
  -5.4890998e+00  -6.9496449e+01  -6.8678685e+01
  -5.4578489e+00  -6.9448341e+01  -6.8594833e+01
  -5.4265979e+00  -6.9364652e+01  -6.8534455e+01
  -5.3953469e+00  -6.9345877e+01  -6.8476095e+01
  -5.3640960e+00  -6.9278073e+01  -6.8428800e+01
  -5.3328450e+00  -6.9194523e+01  -6.8373439e+01
  -5.3015941e+00  -6.9152806e+01  -6.8295127e+01
  -5.2703431e+00  -6.9077308e+01  -6.8280998e+01
  -5.2390922e+00  -6.9017979e+01  -6.8168033e+01
  -5.2078412e+00  -6.8898483e+01  -6.8083745e+01
  -5.1765903e+00  -6.8900810e+01  -6.8018836e+01
  -5.1453393e+00  -6.8814971e+01  -6.7954333e+01
  -5.1140884e+00  -6.8774610e+01  -6.7884172e+01
  -5.0828374e+00  -6.8720030e+01  -6.7792381e+01
  -5.0515865e+00  -6.8649966e+01  -6.7742210e+01
  -5.0203355e+00  -6.8560265e+01  -6.7705446e+01
  -4.9890845e+00  -6.8523925e+01  -6.7587610e+01
  -4.9578336e+00  -6.8432780e+01  -6.7473091e+01
  -4.9265826e+00  -6.8309725e+01  -6.7420361e+01
  -4.8953317e+00  -6.8297668e+01  -6.7330870e+01
  -4.8640807e+00  -6.8219233e+01  -6.7301319e+01
  -4.8328298e+00  -6.8126443e+01  -6.7226252e+01
  -4.8015788e+00  -6.8089008e+01  -6.7139178e+01
  -4.7703279e+00  -6.7999348e+01  -6.7124511e+01
  -4.7390769e+00  -6.7973292e+01  -6.6983784e+01
  -4.7078260e+00  -6.7860153e+01  -6.6870542e+01
  -4.6765750e+00  -6.7789335e+01  -6.6780139e+01
  -4.6453241e+00  -6.7700967e+01  -6.6697230e+01
  -4.6140731e+00  -6.7608259e+01  -6.6640996e+01
  -4.5828221e+00  -6.7497766e+01  -6.6543969e+01
  -4.5515712e+00  -6.7406274e+01  -6.6460840e+01
  -4.5203202e+00  -6.7294775e+01  -6.6439971e+01
  -4.4890693e+00  -6.7267393e+01  -6.6261739e+01
  -4.4578183e+00  -6.7194105e+01  -6.6112824e+01
  -4.4265674e+00  -6.7176995e+01  -6.6062162e+01
  -4.3953164e+00  -6.7075653e+01  -6.5947317e+01
  -4.3640655e+00  -6.7000213e+01  -6.5910211e+01
  -4.3328145e+00  -6.6875858e+01  -6.5794180e+01
  -4.3015636e+00  -6.6818700e+01  -6.5732487e+01
  -4.2703126e+00  -6.6703512e+01  -6.5661483e+01
  -4.2390617e+00  -6.6659106e+01  -6.5511030e+01
  -4.2078107e+00  -6.6471054e+01  -6.5352527e+01
  -4.1765598e+00  -6.6303492e+01  -6.5220585e+01
  -4.1453088e+00  -6.6321946e+01  -6.5075172e+01
  -4.1140578e+00  -6.6187321e+01  -6.5079332e+01
  -4.0828069e+00  -6.6040158e+01  -6.4950221e+01
  -4.0515559e+00  -6.6043896e+01  -6.4853175e+01
  -4.0203050e+00  -6.5956597e+01  -6.4849139e+01
  -3.9890540e+00  -6.5882194e+01  -6.4566500e+01
  -3.9578031e+00  -6.5770573e+01  -6.4355189e+01
  -3.9265521e+00  -6.5623769e+01  -6.4279146e+01
  -3.8953012e+00  -6.5517148e+01  -6.4175537e+01
  -3.8640502e+00  -6.5285676e+01  -6.4039946e+01
  -3.8327993e+00  -6.5274903e+01  -6.3845912e+01
  -3.8015483e+00  -6.5266181e+01  -6.3866891e+01
  -3.7702974e+00  -6.5054615e+01  -6.3648762e+01
  -3.7390464e+00  -6.4892770e+01  -6.3486970e+01
  -3.7077954e+00  -6.4844730e+01  -6.3237579e+01
  -3.6765445e+00  -6.4721448e+01  -6.2986142e+01
  -3.6452935e+00  -6.4595133e+01  -6.2653376e+01
  -3.6140426e+00  -6.4343177e+01  -6.2818315e+01
  -3.5827916e+00  -6.4199929e+01  -6.2531530e+01
  -3.5515407e+00  -6.4146110e+01  -6.2542572e+01
  -3.5202897e+00  -6.3964190e+01  -6.2535869e+01
  -3.4890388e+00  -6.3476030e+01  -6.2097383e+01
  -3.4577878e+00  -6.1612920e+01  -6.1624489e+01
  -3.4265369e+00  -5.9412826e+01  -6.1442081e+01
  -3.3952859e+00  -5.8113005e+01  -6.1179210e+01
  -3.3640350e+00  -5.3083766e+01  -6.0502223e+01
  -3.3327840e+00  -4.8911901e+01  -6.0201491e+01
  -3.3015330e+00  -4.7057177e+01  -6.0331047e+01
  -3.2702821e+00  -4.6151772e+01  -6.0009994e+01
  -3.2390311e+00  -4.1700460e+01  -5.9482509e+01
  -3.2077802e+00  -3.7598087e+01  -5.8224062e+01
  -3.1765292e+00  -3.7475718e+01  -5.6702616e+01
  -3.1452783e+00  -3.7892109e+01  -5.5511181e+01
  -3.1140273e+00  -3.3340542e+01  -5.5783724e+01
  -3.0827764e+00  -3.0693560e+01  -5.5235590e+01
  -3.0515254e+00  -2.9934481e+01  -5.5167346e+01
  -3.0202745e+00  -2.9846135e+01  -5.4683926e+01
  -2.9890235e+00  -2.7010800e+01  -5.3980455e+01
  -2.9577726e+00  -2.4021450e+01  -5.2926170e+01
  -2.9265216e+00  -2.3871300e+01  -5.0720509e+01
  -2.8952706e+00  -2.5456463e+01  -4.4172948e+01
  -2.8640197e+00  -2.0945113e+01  -3.8367334e+01
  -2.8327687e+00  -1.9499863e+01  -3.4405126e+01
  -2.8015178e+00  -1.8832722e+01  -2.9894047e+01
  -2.7702668e+00  -2.0712165e+01  -2.6600483e+01
  -2.7390159e+00  -1.7223109e+01  -2.3155805e+01
  -2.7077649e+00  -1.3918022e+01  -1.9146801e+01
  -2.6765140e+00  -2.4831183e+01  -1.5770114e+01
  -2.6452630e+00  -1.8998985e+01  -8.2738590e+00
  -2.6140121e+00  -1.3431617e+01  -3.3119917e+00
  -2.5827611e+00  -1.1969558e+01  -2.4581179e+00
  -2.5515102e+00  -1.2145229e+01  -3.3279302e+00
  -2.5202592e+00  -1.2774876e+01  -4.5112128e+00
  -2.4890083e+00  -1.0796288e+01  -3.6103559e+00
  -2.4577573e+00  -8.1682510e+00  -1.2787518e+00
  -2.4265063e+00  -9.8446315e+00  -3.3810796e+00
  -2.3952554e+00  -1.0821167e+01  -5.0061050e+00
  -2.3640044e+00  -8.9166706e+00  -3.8639447e+00
  -2.3327535e+00  -6.3293582e+00  -1.5498903e+00
  -2.3015025e+00  -7.7622178e+00  -3.4338286e+00
  -2.2702516e+00  -9.9242997e+00  -5.9825911e+00
  -2.2390006e+00  -7.1743864e+00  -3.3563256e+00
  -2.2077497e+00  -4.9638260e+00  -1.5981273e+00
  -2.1764987e+00  -5.8637237e+00  -3.0617376e+00
  -2.1452478e+00  -7.4493136e+00  -4.7842624e+00
  -2.1139968e+00  -5.4711566e+00  -3.4856436e+00
  -2.0827459e+00  -3.1588613e+00  -1.2498478e+00
  -2.0514949e+00  -5.7016526e+00  -4.1700676e+00
  -2.0202439e+00  -6.7665548e+00  -5.6758515e+00
  -1.9889930e+00  -4.4878157e+00  -3.3480693e+00
  -1.9577420e+00  -2.6423472e+00  -1.6605386e+00
  -1.9264911e+00  -4.2495681e+00  -3.3869338e+00
  -1.8952401e+00  -5.7482350e+00  -5.2281194e+00
  -1.8639892e+00  -3.0793127e+00  -2.4571173e+00
  -1.8327382e+00  -2.7630577e+00  -2.3477355e+00
  -1.8014873e+00  -3.1561012e+00  -3.0726413e+00
  -1.7702363e+00  -4.8657669e+00  -4.8020257e+00
  -1.7389854e+00  -3.6547956e+00  -3.2042332e+00
  -1.7077344e+00  -1.4779494e+00  -1.5170889e+00
  -1.6764835e+00  -3.2174139e+00  -2.9182709e+00
  -1.6452325e+00  -5.5044570e+00  -5.6432150e+00
  -1.6139815e+00  -3.1683940e+00  -3.1695825e+00
  -1.5827306e+00  -1.8301840e+00  -2.0147209e+00
  -1.5514796e+00  -3.7491927e+00  -3.8321708e+00
  -1.5202287e+00  -5.1536984e+00  -5.1688671e+00
  -1.4889777e+00  -2.3983616e+00  -2.4267594e+00
  -1.4577268e+00  -1.6619019e+00  -1.8948677e+00
  -1.4264758e+00  -3.5609702e+00  -3.8885546e+00
  -1.3952249e+00  -3.8068717e+00  -4.0057273e+00
  -1.3639739e+00  -3.2166612e+00  -3.5232458e+00
  -1.3327230e+00  -1.4416096e+00  -1.4210036e+00
  -1.3014720e+00  -3.1941640e+00  -3.2865500e+00
  -1.2702211e+00  -4.7431942e+00  -4.8418973e+00
  -1.2389701e+00  -2.4492499e+00  -2.7223301e+00
  -1.2077191e+00  -9.3774478e-01  -1.0267775e+00
  -1.1764682e+00  -2.2641400e+00  -2.5692509e+00
  -1.1452172e+00  -4.9782755e+00  -5.1117446e+00
  -1.1139663e+00  -3.5157541e+00  -3.8154677e+00
  -1.0827153e+00   0.0000000e+00   0.0000000e+00
  -1.0514644e+00  -3.0156952e+00  -3.1017673e+00
  -1.0202134e+00  -5.1488229e+00  -5.0038202e+00
  -9.8896247e-01  -2.6436400e+00  -3.0321349e+00
  -9.5771152e-01  -1.7408132e+00  -1.7606727e+00
  -9.2646056e-01  -3.4134908e+00  -3.7118102e+00
  -8.9520961e-01  -4.5176325e+00  -5.0172312e+00
  -8.6395866e-01  -3.1707575e+00  -3.2523943e+00
  -8.3270770e-01  -1.8881987e+00  -1.9348021e+00
  -8.0145675e-01  -3.0350890e+00  -3.0368364e+00
  -7.7020580e-01  -5.2794938e+00  -5.5691754e+00
  -7.3895484e-01  -2.7027742e+00  -2.7057260e+00
  -7.0770389e-01  -1.9404705e+00  -2.1413853e+00
  -6.7645294e-01  -3.7379312e+00  -3.8821305e+00
  -6.4520198e-01  -5.6019098e+00  -6.1262393e+00
  -6.1395103e-01  -3.1656074e+00  -3.1038428e+00
  -5.8270007e-01  -9.7473564e-01  -7.7813327e-01
  -5.5144912e-01  -2.5911116e+00  -2.6964117e+00
  -5.2019817e-01  -5.0162355e+00  -5.6018955e+00
  -4.8894721e-01  -3.0867327e+00  -3.0731335e+00
  -4.5769626e-01  -1.1870292e+00  -1.4669030e+00
  -4.2644531e-01  -3.1471800e+00  -3.5904689e+00
  -3.9519435e-01  -5.0351524e+00  -5.5105659e+00
  -3.6394340e-01  -1.9426900e+00  -1.9412762e+00
  -3.3269244e-01  -1.4093731e+00  -1.7234906e+00
  -3.0144149e-01  -2.9092438e+00  -2.9011543e+00
  -2.7019054e-01  -5.0948499e+00  -5.6215559e+00
  -2.3893958e-01  -3.1120987e+00  -3.2813570e+00
  -2.0768863e-01  -1.9046007e+00  -2.1790448e+00
  -1.7643768e-01  -2.4962243e+00  -2.6378076e+00
  -1.4518672e-01  -5.6055371e+00  -5.7411633e+00
  -1.1393577e-01  -2.8637842e+00  -3.0407314e+00
  -8.2684815e-02  -1.7294085e+00  -1.9047765e+00
  -5.1433861e-02  -1.5824551e+01  -1.8884363e+01
  -2.0182908e-02  -1.6798372e+01  -2.0377131e+01
   1.1068046e-02  -1.6562150e+01  -1.9538455e+01
   4.2319000e-02  -1.3193895e+01  -1.5126959e+01
   7.3569954e-02  -3.0356652e+00  -3.4708376e+00
   1.0482091e-01  -4.8549551e+00  -5.1822759e+00
   1.3607186e-01  -2.5038416e+00  -2.8578814e+00
   1.6732281e-01  -1.9030109e+00  -2.0613917e+00
   1.9857377e-01  -3.8862563e+00  -3.9645175e+00
   2.2982472e-01  -4.8609721e+00  -4.8785549e+00
   2.6107568e-01  -2.7371311e+00  -2.7398891e+00
   2.9232663e-01  -1.8215967e+00  -1.7581031e+00
   3.2357758e-01  -2.4129081e+00  -2.8977406e+00
   3.5482854e-01  -5.1692740e+00  -5.6486486e+00
   3.8607949e-01  -2.9261044e+00  -2.9971444e+00
   4.1733044e-01  -2.1550674e+00  -2.3176358e+00
   4.4858140e-01  -2.5442276e+00  -3.1041241e+00
   4.7983235e-01  -4.9423923e+00  -5.2902866e+00
   5.1108331e-01  -2.9282954e+00  -3.4201541e+00
   5.4233426e-01  -1.1824237e+00  -1.3073592e+00
   5.7358521e-01  -3.5227408e+00  -3.5630509e+00
   6.0483617e-01  -4.3109663e+00  -4.4057839e+00
   6.3608712e-01  -2.9511328e+00  -3.4352512e+00
   6.6733807e-01  -1.6346416e-01  -3.0791814e-01
   6.9858903e-01  -3.2213248e+00  -3.5225563e+00
   7.2983998e-01  -5.1843172e+00  -5.3670051e+00
   7.6109093e-01  -2.4453893e+00  -2.7422343e+00
   7.9234189e-01  -1.4428259e+00  -1.5152697e+00
   8.2359284e-01  -2.6190890e+00  -2.8010799e+00
   8.5484380e-01  -5.0855629e+00  -5.3552154e+00
   8.8609475e-01  -2.8858672e+00  -2.9980217e+00
   9.1734570e-01  -1.5014025e+00  -1.3616961e+00
   9.4859666e-01  -2.9019159e+00  -3.0135848e+00
   9.7984761e-01  -5.5038181e+00  -5.9001925e+00
   1.0110986e+00  -2.6995785e+00  -2.7356007e+00
   1.0423495e+00  -1.5880993e+00  -1.7807151e+00
   1.0736005e+00  -3.2451621e+00  -3.4278588e+00
   1.1048514e+00  -4.8744654e+00  -5.0747872e+00
   1.1361024e+00  -2.9596946e+00  -3.1014392e+00
   1.1673533e+00  -2.2846361e+00  -2.4750032e+00
   1.1986043e+00  -2.7599318e+00  -2.7213422e+00
   1.2298552e+00  -4.9196653e+00  -5.3910320e+00
   1.2611062e+00  -3.0327947e+00  -3.2220941e+00
   1.2923571e+00  -1.7720479e+00  -1.7217805e+00
   1.3236081e+00  -2.8685059e+00  -3.3339968e+00
   1.3548591e+00  -5.1123849e+00  -5.6046961e+00
   1.3861100e+00  -2.5451196e+00  -2.7939941e+00
   1.4173610e+00  -1.5220097e+00  -1.6366340e+00
   1.4486119e+00  -3.2527693e+00  -3.7444630e+00
   1.4798629e+00  -4.6697428e+00  -4.9562503e+00
   1.5111138e+00  -2.8509282e+00  -2.9551081e+00
   1.5423648e+00  -2.1802336e+00  -2.2023504e+00
   1.5736157e+00  -4.2396028e+00  -4.0241549e+00
   1.6048667e+00  -4.6023672e+00  -4.9437208e+00
   1.6361176e+00  -3.5399671e+00  -3.6061390e+00
   1.6673686e+00  -1.7874983e+00  -1.8078510e+00
   1.6986195e+00  -3.1390985e+00  -3.0924096e+00
   1.7298705e+00  -5.2063102e+00  -5.1480843e+00
   1.7611215e+00  -3.2535108e+00  -2.9137414e+00
   1.7923724e+00  -1.9231026e+00  -1.6466491e+00
   1.8236234e+00  -3.5285072e+00  -3.1904938e+00
   1.8548743e+00  -6.7324953e+00  -5.8775542e+00
   1.8861253e+00  -4.1837519e+00  -3.5823056e+00
   1.9173762e+00  -3.3302212e+00  -2.2048859e+00
   1.9486272e+00  -4.4549799e+00  -3.3704570e+00
   1.9798781e+00  -5.9354012e+00  -5.0173833e+00
   2.0111291e+00  -4.5966192e+00  -3.1451448e+00
   2.0423800e+00  -2.9773335e+00  -1.3071975e+00
   2.0736310e+00  -4.4819144e+00  -2.6832716e+00
   2.1048819e+00  -7.7384896e+00  -5.5832655e+00
   2.1361329e+00  -4.9664165e+00  -2.6091366e+00
   2.1673839e+00  -4.2223548e+00  -1.1474450e+00
   2.1986348e+00  -6.6747001e+00  -3.5466258e+00
   2.2298858e+00  -8.3102301e+00  -5.3515405e+00
   2.2611367e+00  -6.9517958e+00  -3.0175541e+00
   2.2923877e+00  -6.3002202e+00  -2.2074701e+00
   2.3236386e+00  -7.4272523e+00  -2.9056553e+00
   2.3548896e+00  -1.0228824e+01  -5.1922675e+00
   2.3861405e+00  -9.0553818e+00  -3.4843171e+00
   2.4173915e+00  -7.3393791e+00  -1.0822961e+00
   2.4486424e+00  -9.8272370e+00  -3.0828504e+00
   2.4798934e+00  -1.3184040e+01  -6.0905464e+00
   2.5111443e+00  -1.1073063e+01  -3.0646702e+00
   2.5423953e+00  -1.0185385e+01  -1.8687769e+00
   2.5736462e+00  -1.2898327e+01  -3.5196359e+00
   2.6048972e+00  -1.5342545e+01  -5.3903798e+00
   2.6361482e+00  -1.4109401e+01  -3.3243882e+00
   2.6673991e+00  -2.2899319e+01  -1.5371384e+01
   2.6986501e+00  -1.5881247e+01  -2.0691671e+01
   2.7299010e+00  -1.8681326e+01  -2.5632965e+01
   2.7611520e+00  -1.8709851e+01  -2.9356383e+01
   2.7924029e+00  -1.7676299e+01  -3.4428759e+01
   2.8236539e+00  -2.0034967e+01  -3.7445865e+01
   2.8549048e+00  -2.2912048e+01  -4.0676721e+01
   2.8861558e+00  -2.1975689e+01  -4.2601657e+01
   2.9174067e+00  -2.1986886e+01  -4.5497831e+01
   2.9486577e+00  -2.4625635e+01  -4.7192664e+01
   2.9799086e+00  -2.8621928e+01  -5.0390055e+01
   3.0111596e+00  -2.8049230e+01  -5.4363461e+01
   3.0424106e+00  -2.7712240e+01  -5.4869623e+01
   3.0736615e+00  -3.1559663e+01  -5.4899290e+01
   3.1049125e+00  -3.5462595e+01  -5.4883494e+01
   3.1361634e+00  -3.4012352e+01  -5.5460540e+01
   3.1674144e+00  -3.5450677e+01  -5.6749944e+01
   3.1986653e+00  -3.9229831e+01  -5.8272816e+01
   3.2299163e+00  -4.3188364e+01  -5.9944380e+01
   3.2611672e+00  -4.3311385e+01  -5.9473971e+01
   3.2924182e+00  -4.4126632e+01  -5.9825260e+01
   3.3236691e+00  -4.9604083e+01  -6.0566537e+01
   3.3549201e+00  -5.4328841e+01  -6.0431478e+01
   3.3861710e+00  -5.5475820e+01  -6.0963606e+01
   3.4174220e+00  -5.7711498e+01  -6.1532880e+01
   3.4486730e+00  -6.1433668e+01  -6.1351924e+01
   3.4799239e+00  -6.3212002e+01  -6.1471350e+01
   3.5111749e+00  -6.3919993e+01  -6.2125801e+01
   3.5424258e+00  -6.3995390e+01  -6.2341801e+01
   3.5736768e+00  -6.4116099e+01  -6.2639512e+01
   3.6049277e+00  -6.4255596e+01  -6.2677519e+01
   3.6361787e+00  -6.4451741e+01  -6.2671320e+01
   3.6674296e+00  -6.4650155e+01  -6.2990570e+01
   3.6986806e+00  -6.4725054e+01  -6.3090225e+01
   3.7299315e+00  -6.4850227e+01  -6.3592854e+01
   3.7611825e+00  -6.4950968e+01  -6.3588326e+01
   3.7924334e+00  -6.5063583e+01  -6.3523603e+01
   3.8236844e+00  -6.5225316e+01  -6.4044407e+01
   3.8549354e+00  -6.5219673e+01  -6.3833865e+01
   3.8861863e+00  -6.5408329e+01  -6.4068764e+01
   3.9174373e+00  -6.5615844e+01  -6.4325491e+01
   3.9486882e+00  -6.5662076e+01  -6.4386699e+01
   3.9799392e+00  -6.5768468e+01  -6.4531599e+01
   4.0111901e+00  -6.5855159e+01  -6.4665343e+01
   4.0424411e+00  -6.5871881e+01  -6.4785040e+01
   4.0736920e+00  -6.6043104e+01  -6.4841654e+01
   4.1049430e+00  -6.6162448e+01  -6.4969543e+01
   4.1361939e+00  -6.6262683e+01  -6.5062725e+01
   4.1674449e+00  -6.6251097e+01  -6.5242350e+01
   4.1986958e+00  -6.6511110e+01  -6.5295554e+01
   4.2299468e+00  -6.6522168e+01  -6.5567291e+01
   4.2611977e+00  -6.6636408e+01  -6.5617468e+01
   4.2924487e+00  -6.6751087e+01  -6.5598635e+01
   4.3236997e+00  -6.6831699e+01  -6.5834848e+01
   4.3549506e+00  -6.6914756e+01  -6.5802447e+01
   4.3862016e+00  -6.7023980e+01  -6.5935248e+01
   4.4174525e+00  -6.7163246e+01  -6.6085244e+01
   4.4487035e+00  -6.7132301e+01  -6.6158375e+01
   4.4799544e+00  -6.7262277e+01  -6.6317704e+01
   4.5112054e+00  -6.7334677e+01  -6.6351182e+01
   4.5424563e+00  -6.7380860e+01  -6.6438939e+01
   4.5737073e+00  -6.7470828e+01  -6.6442262e+01
   4.6049582e+00  -6.7563347e+01  -6.6588775e+01
   4.6362092e+00  -6.7659854e+01  -6.6707269e+01
   4.6674601e+00  -6.7737453e+01  -6.6769792e+01
   4.6987111e+00  -6.7805836e+01  -6.6856957e+01
   4.7299621e+00  -6.7867778e+01  -6.7015466e+01
   4.7612130e+00  -6.7943132e+01  -6.7063390e+01
   4.7924640e+00  -6.8023777e+01  -6.7110089e+01
   4.8237149e+00  -6.8085027e+01  -6.7206963e+01
   4.8549659e+00  -6.8192946e+01  -6.7262021e+01
   4.8862168e+00  -6.8195518e+01  -6.7347816e+01
   4.9174678e+00  -6.8414587e+01  -6.7452794e+01
   4.9487187e+00  -6.8428159e+01  -6.7485327e+01
   4.9799697e+00  -6.8449666e+01  -6.7627699e+01
   5.0112206e+00  -6.8537193e+01  -6.7662257e+01
   5.0424716e+00  -6.8596768e+01  -6.7732819e+01
   5.0737225e+00  -6.8668686e+01  -6.7746292e+01
   5.1049735e+00  -6.8749484e+01  -6.7876021e+01
   5.1362245e+00  -6.8797891e+01  -6.7972440e+01
   5.1674754e+00  -6.8818916e+01  -6.7992484e+01
   5.1987264e+00  -6.8944453e+01  -6.8087264e+01
   5.2299773e+00  -6.8901984e+01  -6.8184532e+01
   5.2612283e+00  -6.9003669e+01  -6.8226445e+01
   5.2924792e+00  -6.9126627e+01  -6.8298083e+01
   5.3237302e+00  -6.9169908e+01  -6.8351428e+01
   5.3549811e+00  -6.9241891e+01  -6.8424931e+01
   5.3862321e+00  -6.9298579e+01  -6.8490694e+01
   5.4174830e+00  -6.9367000e+01  -6.8571565e+01
   5.4487340e+00  -6.9413238e+01  -6.8580312e+01
   5.4799849e+00  -6.9469771e+01  -6.8693204e+01
   5.5112359e+00  -6.9530006e+01  -6.8742283e+01
   5.5424869e+00  -6.9622740e+01  -6.8804556e+01
   5.5737378e+00  -6.9657214e+01  -6.8836616e+01
   5.6049888e+00  -6.9687144e+01  -6.8936275e+01
   5.6362397e+00  -6.9702900e+01  -6.8998965e+01
   5.6674907e+00  -6.9760218e+01  -6.9025779e+01
   5.6987416e+00  -6.9889600e+01  -6.9104807e+01
   5.7299926e+00  -6.9911200e+01  -6.9174458e+01
   5.7612435e+00  -7.0062694e+01  -6.9212600e+01
   5.7924945e+00  -7.0031003e+01  -6.9278996e+01
   5.8237454e+00  -7.0062657e+01  -6.9331485e+01
   5.8549964e+00  -7.0140903e+01  -6.9391651e+01
   5.8862473e+00  -7.0190140e+01  -6.9448414e+01
   5.9174983e+00  -7.0215670e+01  -6.9513573e+01
   5.9487492e+00  -7.0239247e+01  -6.9524419e+01
   5.9800002e+00  -7.0361671e+01  -6.9608837e+01
   6.0112512e+00  -7.0319214e+01  -6.9661207e+01
   6.0425021e+00  -7.0426852e+01  -6.9718571e+01
   6.0737531e+00  -7.0408621e+01  -6.9759418e+01
   6.1050040e+00  -7.0428674e+01  -6.9831801e+01
   6.1362550e+00  -7.0571714e+01  -6.9871628e+01
   6.1675059e+00  -7.0667199e+01  -6.9915953e+01
   6.1987569e+00  -7.0683608e+01  -6.9974841e+01
   6.2300078e+00  -7.0748054e+01  -7.0033621e+01
   6.2612588e+00  -7.0768629e+01  -7.0069727e+01
   6.2925097e+00  -7.0822855e+01  -7.0121387e+01
   6.3237607e+00  -7.0878093e+01  -7.0179723e+01
   6.3550116e+00  -7.0936886e+01  -7.0222806e+01
   6.3862626e+00  -7.1001674e+01  -7.0273097e+01
   6.4175136e+00  -7.1028722e+01  -7.0327275e+01
   6.4487645e+00  -7.1013321e+01  -7.0351190e+01
   6.4800155e+00  -7.1112007e+01  -7.0414771e+01
   6.5112664e+00  -7.1081656e+01  -7.0461083e+01
   6.5425174e+00  -7.1167282e+01  -7.0513019e+01
   6.5737683e+00  -7.1323960e+01  -7.0553510e+01
   6.6050193e+00  -7.1237665e+01  -7.0607835e+01
   6.6362702e+00  -7.1281893e+01  -7.0640012e+01
   6.6675212e+00  -7.1396635e+01  -7.0691385e+01
   6.6987721e+00  -7.1423968e+01  -7.0737120e+01
   6.7300231e+00  -7.1460875e+01  -7.0789267e+01
   6.7612740e+00  -7.1500185e+01  -7.0824547e+01
   6.7925250e+00  -7.1506947e+01  -7.0864823e+01
   6.8237760e+00  -7.1549978e+01  -7.0921352e+01
   6.8550269e+00  -7.1620404e+01  -7.0955434e+01
   6.8862779e+00  -7.1592020e+01  -7.0999515e+01
   6.9175288e+00  -7.1659628e+01  -7.1045957e+01
   6.9487798e+00  -7.1754669e+01  -7.1079454e+01
   6.9800307e+00  -7.1804432e+01  -7.1130125e+01
   7.0112817e+00  -7.1787833e+01  -7.1169147e+01
   7.0425326e+00  -7.1953011e+01  -7.1214572e+01
   7.0737836e+00  -7.1924265e+01  -7.1251575e+01
   7.1050345e+00  -7.1942827e+01  -7.1295893e+01
   7.1362855e+00  -7.1975768e+01  -7.1328791e+01
   7.1675364e+00  -7.2032889e+01  -7.1375794e+01
   7.1987874e+00  -7.2061675e+01  -7.1415729e+01
   7.2300384e+00  -7.2111363e+01  -7.1460830e+01
   7.2612893e+00  -7.2126912e+01  -7.1495726e+01
   7.2925403e+00  -7.2161793e+01  -7.1530624e+01
   7.3237912e+00  -7.2246867e+01  -7.1578908e+01
   7.3550422e+00  -7.2199628e+01  -7.1611078e+01
   7.3862931e+00  -7.2329518e+01  -7.1649775e+01
   7.4175441e+00  -7.2333361e+01  -7.1690533e+01
   7.4487950e+00  -7.2427423e+01  -7.1726066e+01
   7.4800460e+00  -7.2376531e+01  -7.1768863e+01
   7.5112969e+00  -7.2451715e+01  -7.1803457e+01
   7.5425479e+00  -7.2498875e+01  -7.1842670e+01
   7.5737988e+00  -7.2523383e+01  -7.1876696e+01
   7.6050498e+00  -7.2551534e+01  -7.1915372e+01
   7.6363007e+00  -7.2575658e+01  -7.1949691e+01
   7.6675517e+00  -7.2547750e+01  -7.1988668e+01
   7.6988027e+00  -7.2660530e+01  -7.2025766e+01
   7.7300536e+00  -7.2622779e+01  -7.2064118e+01
   7.7613046e+00  -7.2668342e+01  -7.2098098e+01
   7.7925555e+00  -7.2674957e+01  -7.2130953e+01
   7.8238065e+00  -7.2771718e+01  -7.2170430e+01
   7.8550574e+00  -7.2845447e+01  -7.2202670e+01
   7.8863084e+00  -7.2857166e+01  -7.2237312e+01
   7.9175593e+00  -7.2939375e+01  -7.2273524e+01
   7.9488103e+00  -7.2908407e+01  -7.2306794e+01
   7.9800612e+00  -7.2967848e+01  -7.2344042e+01
   8.0113122e+00  -7.2995697e+01  -7.2376441e+01
   8.0425631e+00  -7.3053842e+01  -7.2410839e+01
   8.0738141e+00  -7.3038985e+01  -7.2442771e+01
   8.1050651e+00  -7.3091021e+01  -7.2477460e+01
   8.1363160e+00  -7.3112507e+01  -7.2510840e+01
   8.1675670e+00  -7.3123899e+01  -7.2543756e+01
   8.1988179e+00  -7.3114424e+01  -7.2577953e+01
   8.2300689e+00  -7.3175191e+01  -7.2611277e+01
   8.2613198e+00  -7.3247145e+01  -7.2643402e+01
   8.2925708e+00  -7.3268207e+01  -7.2674736e+01
   8.3238217e+00  -7.3311445e+01  -7.2708069e+01
   8.3550727e+00  -7.3344453e+01  -7.2739366e+01
   8.3863236e+00  -7.3400505e+01  -7.2770970e+01
   8.4175746e+00  -7.3410909e+01  -7.2803361e+01
   8.4488255e+00  -7.3443251e+01  -7.2833794e+01
   8.4800765e+00  -7.3470033e+01  -7.2866608e+01
   8.5113275e+00  -7.3450979e+01  -7.2897211e+01
   8.5425784e+00  -7.3537200e+01  -7.2928174e+01
   8.5738294e+00  -7.3617947e+01  -7.2958185e+01
   8.6050803e+00  -7.3609137e+01  -7.2989487e+01
   8.6363313e+00  -7.3548531e+01  -7.3020289e+01
   8.6675822e+00  -7.3586992e+01  -7.3049837e+01
   8.6988332e+00  -7.3684693e+01  -7.3080729e+01
   8.7300841e+00  -7.3699443e+01  -7.3110720e+01
   8.7613351e+00  -7.3725119e+01  -7.3140416e+01
   8.7925860e+00  -7.3764020e+01  -7.3169772e+01
   8.8238370e+00  -7.3798102e+01  -7.3199394e+01
   8.8550879e+00  -7.3819922e+01  -7.3228628e+01
   8.8863389e+00  -7.3856358e+01  -7.3257680e+01
   8.9175899e+00  -7.3872419e+01  -7.3286905e+01
   8.9488408e+00  -7.3900436e+01  -7.3315116e+01
   8.9800918e+00  -7.3943075e+01  -7.3344376e+01
   9.0113427e+00  -7.3968322e+01  -7.3372846e+01
   9.0425937e+00  -7.4006659e+01  -7.3401173e+01
   9.0738446e+00  -7.3995835e+01  -7.3429120e+01
   9.1050956e+00  -7.4025510e+01  -7.3457480e+01
   9.1363465e+00  -7.4071843e+01  -7.3485510e+01
   9.1675975e+00  -7.4062645e+01  -7.3512914e+01
   9.1988484e+00  -7.4223319e+01  -7.3540781e+01
   9.2300994e+00  -7.4121121e+01  -7.3568284e+01
   9.2613503e+00  -7.4190276e+01  -7.3595548e+01
   9.2926013e+00  -7.4201352e+01  -7.3622674e+01
   9.3238522e+00  -7.4234872e+01  -7.3649722e+01
   9.3551032e+00  -7.4275033e+01  -7.3676621e+01
   9.3863542e+00  -7.4293360e+01  -7.3703346e+01
   9.4176051e+00  -7.4294848e+01  -7.3729996e+01
   9.4488561e+00  -7.4353405e+01  -7.3756272e+01
   9.4801070e+00  -7.4363847e+01  -7.3782760e+01
   9.5113580e+00  -7.4498994e+01  -7.3808969e+01
   9.5426089e+00  -7.4300604e+01  -7.3835024e+01
   9.5738599e+00  -7.4442903e+01  -7.3860871e+01
   9.6051108e+00  -7.4472328e+01  -7.3886741e+01
   9.6363618e+00  -7.4520683e+01  -7.3912397e+01
   9.6676127e+00  -7.4505481e+01  -7.3937846e+01
   9.6988637e+00  -7.4546102e+01  -7.3963261e+01
   9.7301146e+00  -7.4560168e+01  -7.3988564e+01
   9.7613656e+00  -7.4592380e+01  -7.4013651e+01
   9.7926166e+00  -7.4611262e+01  -7.4038635e+01
   9.8238675e+00  -7.4645421e+01  -7.4063506e+01
   9.8551185e+00  -7.4639192e+01  -7.4088251e+01
   9.8863694e+00  -7.4729331e+01  -7.4112853e+01
   9.9176204e+00  -7.4603165e+01  -7.4137344e+01
   9.9488713e+00  -7.4690576e+01  -7.4161687e+01
   9.9801223e+00  -7.4710385e+01  -7.4185949e+01
   1.0011373e+01  -7.4744832e+01  -7.4210064e+01
   1.0042624e+01  -7.4774938e+01  -7.4234062e+01
   1.0073875e+01  -7.4788252e+01  -7.4257917e+01
   1.0105126e+01  -7.4884104e+01  -7.4281676e+01
   1.0136377e+01  -7.4852682e+01  -7.4305300e+01
   1.0167628e+01  -7.4896224e+01  -7.4328810e+01
   1.0198879e+01  -7.4918879e+01  -7.4352195e+01
   1.0230130e+01  -7.4963338e+01  -7.4375484e+01
   1.0261381e+01  -7.4941514e+01  -7.4398629e+01
   1.0292632e+01  -7.4986400e+01  -7.4421664e+01
   1.0323883e+01  -7.5006936e+01  -7.4444584e+01
   1.0355134e+01  -7.5018070e+01  -7.4467395e+01
   1.0386385e+01  -7.5092649e+01  -7.4490083e+01
   1.0417636e+01  -7.5105209e+01  -7.4512665e+01
   1.0448887e+01  -7.4999783e+01  -7.4535134e+01
   1.0480138e+01  -7.5157921e+01  -7.4557488e+01
   1.0511388e+01  -7.5116205e+01  -7.4579728e+01
   1.0542639e+01  -7.5192802e+01  -7.4601860e+01
   1.0573890e+01  -7.5195029e+01  -7.4623879e+01
   1.0605141e+01  -7.5208082e+01  -7.4645788e+01
   1.0636392e+01  -7.5231651e+01  -7.4667589e+01
   1.0667643e+01  -7.5252173e+01  -7.4689283e+01
   1.0698894e+01  -7.5274486e+01  -7.4710867e+01
   1.0730145e+01  -7.5316275e+01  -7.4732345e+01
   1.0761396e+01  -7.5281974e+01  -7.4753715e+01
   1.0792647e+01  -7.5374795e+01  -7.4774980e+01
   1.0823898e+01  -7.5332292e+01  -7.4796138e+01
   1.0855149e+01  -7.5399277e+01  -7.4817192e+01
   1.0886400e+01  -7.5393353e+01  -7.4838142e+01
   1.0917651e+01  -7.5424712e+01  -7.4858988e+01
   1.0948902e+01  -7.5363656e+01  -7.4879730e+01
   1.0980153e+01  -7.5469350e+01  -7.4900370e+01
   1.1011404e+01  -7.5499207e+01  -7.4920908e+01
   1.1042655e+01  -7.5494165e+01  -7.4941345e+01
   1.1073906e+01  -7.5518054e+01  -7.4961680e+01
   1.1105157e+01  -7.5548158e+01  -7.4981915e+01
   1.1136408e+01  -7.5574896e+01  -7.5002050e+01
   1.1167659e+01  -7.5595330e+01  -7.5022086e+01
   1.1198909e+01  -7.5601249e+01  -7.5042022e+01
   1.1230160e+01  -7.5577671e+01  -7.5061861e+01
   1.1261411e+01  -7.5636893e+01  -7.5081601e+01
   1.1292662e+01  -7.5681117e+01  -7.5101244e+01
   1.1323913e+01  -7.5679409e+01  -7.5120791e+01
   1.1355164e+01  -7.5670185e+01  -7.5140240e+01
   1.1386415e+01  -7.5708725e+01  -7.5159594e+01
   1.1417666e+01  -7.5736762e+01  -7.5178853e+01
   1.1448917e+01  -7.5771612e+01  -7.5198016e+01
   1.1480168e+01  -7.5777915e+01  -7.5217086e+01
   1.1511419e+01  -7.5788912e+01  -7.5236061e+01
   1.1542670e+01  -7.5808564e+01  -7.5254943e+01
   1.1573921e+01  -7.5830662e+01  -7.5273731e+01
   1.1605172e+01  -7.5826935e+01  -7.5292428e+01
   1.1636423e+01  -7.5878609e+01  -7.5311032e+01
   1.1667674e+01  -7.5838767e+01  -7.5329544e+01
   1.1698925e+01  -7.5912926e+01  -7.5347965e+01
   1.1730176e+01  -7.5926581e+01  -7.5366295e+01
   1.1761427e+01  -7.5874587e+01  -7.5384535e+01
   1.1792678e+01  -7.5961851e+01  -7.5402685e+01
   1.1823929e+01  -7.5999482e+01  -7.5420746e+01
   1.1855179e+01  -7.5995037e+01  -7.5438717e+01
   1.1886430e+01  -7.6008045e+01  -7.5456599e+01
   1.1917681e+01  -7.6027529e+01  -7.5474394e+01
   1.1948932e+01  -7.6036462e+01  -7.5492101e+01
   1.1980183e+01  -7.6064628e+01  -7.5509719e+01
   1.2011434e+01  -7.6118099e+01  -7.5527251e+01
   1.2042685e+01  -7.6119095e+01  -7.5544696e+01
   1.2073936e+01  -7.6109902e+01  -7.5562055e+01
   1.2105187e+01  -7.6129208e+01  -7.5579328e+01
   1.2136438e+01  -7.6221043e+01  -7.5596516e+01
   1.2167689e+01  -7.6113532e+01  -7.5613618e+01
   1.2198940e+01  -7.6084371e+01  -7.5630635e+01
   1.2230191e+01  -7.6197693e+01  -7.5647568e+01
   1.2261442e+01  -7.6234363e+01  -7.5664418e+01
   1.2292693e+01  -7.6247382e+01  -7.5681184e+01
   1.2323944e+01  -7.6244227e+01  -7.5697866e+01
   1.2355195e+01  -7.6261730e+01  -7.5714465e+01
   1.2386446e+01  -7.6270755e+01  -7.5730981e+01
   1.2417697e+01  -7.6266077e+01  -7.5747415e+01
   1.2448948e+01  -7.6303249e+01  -7.5763769e+01
   1.2480199e+01  -7.6299788e+01  -7.5780039e+01
   1.2511450e+01  -7.6334636e+01  -7.5796229e+01
   1.2542700e+01  -7.6387574e+01  -7.5812338e+01
   1.2573951e+01  -7.6247843e+01  -7.5828366e+01
   1.2605202e+01  -7.6459264e+01  -7.5844315e+01
   1.2636453e+01  -7.6442740e+01  -7.5860183e+01
   1.2667704e+01  -7.6487540e+01  -7.5875972e+01
   1.2698955e+01  -7.6454314e+01  -7.5891681e+01
   1.2730206e+01  -7.6439672e+01  -7.5907312e+01
   1.2761457e+01  -7.6457718e+01  -7.5922864e+01
   1.2792708e+01  -7.6482690e+01  -7.5938338e+01
   1.2823959e+01  -7.6496242e+01  -7.5953734e+01
   1.2855210e+01  -7.6510438e+01  -7.5969052e+01
   1.2886461e+01  -7.6450632e+01  -7.5984293e+01
   1.2917712e+01  -7.6485945e+01  -7.5999457e+01
   1.2948963e+01  -7.6502562e+01  -7.6014544e+01
   1.2980214e+01  -7.6496142e+01  -7.6029555e+01
   1.3011465e+01  -7.6632085e+01  -7.6044489e+01
   1.3042716e+01  -7.6547505e+01  -7.6059348e+01
   1.3073967e+01  -7.6583213e+01  -7.6074131e+01
   1.3105218e+01  -7.6603137e+01  -7.6088838e+01
   1.3136469e+01  -7.6673931e+01  -7.6103470e+01
   1.3167720e+01  -7.6649006e+01  -7.6118029e+01
   1.3198971e+01  -7.6665275e+01  -7.6132514e+01
   1.3230221e+01  -7.6686467e+01  -7.6146922e+01
   1.3261472e+01  -7.6694642e+01  -7.6161258e+01
   1.3292723e+01  -7.6744354e+01  -7.6175519e+01
   1.3323974e+01  -7.6728156e+01  -7.6189708e+01
   1.3355225e+01  -7.6782053e+01  -7.6203823e+01
   1.3386476e+01  -7.6798035e+01  -7.6217867e+01
   1.3417727e+01  -7.6694949e+01  -7.6231837e+01
   1.3448978e+01  -7.6856401e+01  -7.6245734e+01
   1.3480229e+01  -7.6774011e+01  -7.6259561e+01
   1.3511480e+01  -7.6787774e+01  -7.6273313e+01
   1.3542731e+01  -7.6847059e+01  -7.6286996e+01
   1.3573982e+01  -7.6817729e+01  -7.6300607e+01
   1.3605233e+01  -7.6869044e+01  -7.6314148e+01
   1.3636484e+01  -7.6865542e+01  -7.6327615e+01
   1.3667735e+01  -7.6878606e+01  -7.6341015e+01
   1.3698986e+01  -7.6879870e+01  -7.6354344e+01
   1.3730237e+01  -7.6896658e+01  -7.6367602e+01
   1.3761488e+01  -7.6899760e+01  -7.6380789e+01
   1.3792739e+01  -7.6937190e+01  -7.6393908e+01
   1.3823990e+01  -7.6899894e+01  -7.6406958e+01
   1.3855241e+01  -7.6897976e+01  -7.6419938e+01
   1.3886491e+01  -7.6932648e+01  -7.6432850e+01
   1.3917742e+01  -7.6917162e+01  -7.6445692e+01
   1.3948993e+01  -7.6985177e+01  -7.6458466e+01
   1.3980244e+01  -7.6961490e+01  -7.6471172e+01
   1.4011495e+01  -7.7009257e+01  -7.6483809e+01
   1.4042746e+01  -7.7075866e+01  -7.6496379e+01
   1.4073997e+01  -7.7054525e+01  -7.6508882e+01
   1.4105248e+01  -7.7057911e+01  -7.6521317e+01
   1.4136499e+01  -7.7075724e+01  -7.6533685e+01
   1.4167750e+01  -7.7068781e+01  -7.6545985e+01
   1.4199001e+01  -7.7105724e+01  -7.6558220e+01
   1.4230252e+01  -7.7045300e+01  -7.6570387e+01
   1.4261503e+01  -7.7054070e+01  -7.6582489e+01
   1.4292754e+01  -7.7098264e+01  -7.6594524e+01
   1.4324005e+01  -7.7125949e+01  -7.6606492e+01
   1.4355256e+01  -7.7104935e+01  -7.6618396e+01
   1.4386507e+01  -7.7150994e+01  -7.6630234e+01
   1.4417758e+01  -7.7229432e+01  -7.6642007e+01
   1.4449009e+01  -7.7148964e+01  -7.6653714e+01
   1.4480260e+01  -7.7187711e+01  -7.6665356e+01
   1.4511511e+01  -7.7205947e+01  -7.6676934e+01
   1.4542762e+01  -7.7220376e+01  -7.6688448e+01
   1.4574012e+01  -7.7243387e+01  -7.6699896e+01
   1.4605263e+01  -7.7241867e+01  -7.6711280e+01
   1.4636514e+01  -7.7213120e+01  -7.6722602e+01
   1.4667765e+01  -7.7235939e+01  -7.6733857e+01
   1.4699016e+01  -7.7235131e+01  -7.6745050e+01
   1.4730267e+01  -7.7226825e+01  -7.6756178e+01
   1.4761518e+01  -7.7263926e+01  -7.6767247e+01
   1.4792769e+01  -7.7306821e+01  -7.6778251e+01
   1.4824020e+01  -7.7280931e+01  -7.6789189e+01
   1.4855271e+01  -7.7338671e+01  -7.6800068e+01
   1.4886522e+01  -7.7299534e+01  -7.6810882e+01
   1.4917773e+01  -7.7309140e+01  -7.6821636e+01
   1.4949024e+01  -7.7360603e+01  -7.6832326e+01
   1.4980275e+01  -7.7375143e+01  -7.6842952e+01
   1.5011526e+01  -7.7376566e+01  -7.6853520e+01
   1.5042777e+01  -7.7433280e+01  -7.6864026e+01
   1.5074028e+01  -7.7380623e+01  -7.6874468e+01
   1.5105279e+01  -7.7382268e+01  -7.6884849e+01
   1.5136530e+01  -7.7427646e+01  -7.6895169e+01
   1.5167781e+01  -7.7410497e+01  -7.6905427e+01
   1.5199032e+01  -7.7428981e+01  -7.6915625e+01
   1.5230282e+01  -7.7489680e+01  -7.6925761e+01
   1.5261533e+01  -7.7528000e+01  -7.6935840e+01
   1.5292784e+01  -7.7448284e+01  -7.6945858e+01
   1.5324035e+01  -7.7500329e+01  -7.6955812e+01
   1.5355286e+01  -7.7479801e+01  -7.6965708e+01
   1.5386537e+01  -7.7510060e+01  -7.6975543e+01
   1.5417788e+01  -7.7511455e+01  -7.6985319e+01
   1.5449039e+01  -7.7512937e+01  -7.6995036e+01
   1.5480290e+01  -7.7542076e+01  -7.7004691e+01
   1.5511541e+01  -7.7558584e+01  -7.7014289e+01
   1.5542792e+01  -7.7549763e+01  -7.7023827e+01
   1.5574043e+01  -7.7549937e+01  -7.7033305e+01
   1.5605294e+01  -7.7516306e+01  -7.7042725e+01
   1.5636545e+01  -7.7574995e+01  -7.7052085e+01
   1.5667796e+01  -7.7646300e+01  -7.7061387e+01
   1.5699047e+01  -7.7609335e+01  -7.7070631e+01
   1.5730298e+01  -7.7572910e+01  -7.7079816e+01
   1.5761549e+01  -7.7603035e+01  -7.7088942e+01
   1.5792800e+01  -7.7596597e+01  -7.7098009e+01
   1.5824051e+01  -7.7630303e+01  -7.7107020e+01
   1.5855302e+01  -7.7645174e+01  -7.7115972e+01
   1.5886553e+01  -7.7645408e+01  -7.7124867e+01
   1.5917803e+01  -7.7633175e+01  -7.7133705e+01
   1.5949054e+01  -7.7681187e+01  -7.7142482e+01
   1.5980305e+01  -7.7699030e+01  -7.7151208e+01
   1.6011556e+01  -7.7695214e+01  -7.7159869e+01
   1.6042807e+01  -7.7695610e+01  -7.7168476e+01
   1.6074058e+01  -7.7685247e+01  -7.7177027e+01
   1.6105309e+01  -7.7753719e+01  -7.7185517e+01
   1.6136560e+01  -7.7710538e+01  -7.7193955e+01
   1.6167811e+01  -7.7686360e+01  -7.7202338e+01
   1.6199062e+01  -7.7687188e+01  -7.7210666e+01
   1.6230313e+01  -7.7747065e+01  -7.7218930e+01
   1.6261564e+01  -7.7752017e+01  -7.7227139e+01
   1.6292815e+01  -7.7766737e+01  -7.7235289e+01
   1.6324066e+01  -7.7761081e+01  -7.7243388e+01
   1.6355317e+01  -7.7773344e+01  -7.7251430e+01
   1.6386568e+01  -7.7808012e+01  -7.7259421e+01
   1.6417819e+01  -7.7740943e+01  -7.7267355e+01
   1.6449070e+01  -7.7873510e+01  -7.7275223e+01
   1.6480321e+01  -7.7782670e+01  -7.7283053e+01
   1.6511572e+01  -7.7803923e+01  -7.7290807e+01
   1.6542823e+01  -7.7848878e+01  -7.7298519e+01
   1.6574074e+01  -7.7885277e+01  -7.7306172e+01
   1.6605324e+01  -7.7818957e+01  -7.7313765e+01
   1.6636575e+01  -7.7858528e+01  -7.7321308e+01
   1.6667826e+01  -7.7851420e+01  -7.7328800e+01
   1.6699077e+01  -7.7856940e+01  -7.7336245e+01
   1.6730328e+01  -7.7869687e+01  -7.7343618e+01
   1.6761579e+01  -7.7875870e+01  -7.7350941e+01
   1.6792830e+01  -7.7879774e+01  -7.7358207e+01
   1.6824081e+01  -7.7942333e+01  -7.7365421e+01
   1.6855332e+01  -7.7940477e+01  -7.7372580e+01
   1.6886583e+01  -7.7838313e+01  -7.7379696e+01
   1.6917834e+01  -7.7901687e+01  -7.7386749e+01
   1.6949085e+01  -7.7866953e+01  -7.7393744e+01
   1.6980336e+01  -7.7926385e+01  -7.7400698e+01
   1.7011587e+01  -7.7946887e+01  -7.7407581e+01
   1.7042838e+01  -7.7890379e+01  -7.7414421e+01
   1.7074089e+01  -7.7991312e+01  -7.7421203e+01
   1.7105340e+01  -7.7960670e+01  -7.7427934e+01
   1.7136591e+01  -7.7950051e+01  -7.7434608e+01
   1.7167842e+01  -7.7969618e+01  -7.7441232e+01
   1.7199093e+01  -7.7986435e+01  -7.7447806e+01
   1.7230344e+01  -7.7996075e+01  -7.7454321e+01
   1.7261594e+01  -7.7967094e+01  -7.7460785e+01
   1.7292845e+01  -7.8079940e+01  -7.7467196e+01
   1.7324096e+01  -7.7970684e+01  -7.7473555e+01
   1.7355347e+01  -7.7987633e+01  -7.7479862e+01
   1.7386598e+01  -7.7949896e+01  -7.7486108e+01
   1.7417849e+01  -7.7906672e+01  -7.7492312e+01
   1.7449100e+01  -7.7953170e+01  -7.7498458e+01
   1.7480351e+01  -7.8081794e+01  -7.7504541e+01
   1.7511602e+01  -7.8027208e+01  -7.7510594e+01
   1.7542853e+01  -7.8026044e+01  -7.7516582e+01
   1.7574104e+01  -7.8062285e+01  -7.7522523e+01
   1.7605355e+01  -7.8052929e+01  -7.7528395e+01
   1.7636606e+01  -7.8072054e+01  -7.7534253e+01
   1.7667857e+01  -7.8037129e+01  -7.7540033e+01
   1.7699108e+01  -7.8079088e+01  -7.7545738e+01
   1.7730359e+01  -7.8064643e+01  -7.7551388e+01
   1.7761610e+01  -7.8047321e+01  -7.7557046e+01
   1.7792861e+01  -7.8050209e+01  -7.7562619e+01
   1.7824112e+01  -7.8051170e+01  -7.7568145e+01
   1.7855363e+01  -7.8063220e+01  -7.7573643e+01
   1.7886614e+01  -7.8070956e+01  -7.7579007e+01
   1.7917865e+01  -7.8135108e+01  -7.7584453e+01
   1.7949115e+01  -7.8133339e+01  -7.7589711e+01
   1.7980366e+01  -7.8106961e+01  -7.7594921e+01
   1.8011617e+01  -7.8115982e+01  -7.7600184e+01
   1.8042868e+01  -7.8128437e+01  -7.7605391e+01
   1.8074119e+01  -7.8135486e+01  -7.7610492e+01
   1.8105370e+01  -7.8149513e+01  -7.7615470e+01
   1.8136621e+01  -7.8139779e+01  -7.7620675e+01
   1.8167872e+01  -7.8131737e+01  -7.7625515e+01
   1.8199123e+01  -7.8171184e+01  -7.7630464e+01
   1.8230374e+01  -7.8146848e+01  -7.7634920e+01
   1.8261625e+01  -7.8187611e+01  -7.7640027e+01
   1.8292876e+01  -7.8112978e+01  -7.7644862e+01
   1.8324127e+01  -7.8148842e+01  -7.7649413e+01
   1.8355378e+01  -7.8178536e+01  -7.7654195e+01
   1.8386629e+01  -7.8099730e+01  -7.7658691e+01
   1.8417880e+01  -7.8159053e+01  -7.7663900e+01
   1.8449131e+01  -7.8172343e+01  -7.7667048e+01
   1.8480382e+01  -7.8195821e+01  -7.7671859e+01
   1.8511633e+01  -7.8204984e+01  -7.7676473e+01
   1.8542884e+01  -7.8204299e+01  -7.7681664e+01
   1.8574135e+01  -7.8261138e+01  -7.7685812e+01
   1.8605385e+01  -7.8221486e+01  -7.7695933e+01
   1.8636636e+01  -7.8173326e+01  -7.7689975e+01
   1.8667887e+01  -7.8212252e+01  -7.7696506e+01
   1.8699138e+01  -7.8233840e+01  -7.7672397e+01
   1.8730389e+01  -7.8214959e+01  -7.7697426e+01
   1.8761640e+01  -7.8163811e+01  -7.7698046e+01
   1.8792891e+01  -7.8257505e+01  -7.7735494e+01
   1.8824142e+01  -7.8171022e+01  -7.7723786e+01
   1.8855393e+01  -7.8221450e+01  -7.7721413e+01
   1.8886644e+01  -7.8239455e+01  -7.7724472e+01
   1.8917895e+01  -7.8251384e+01  -7.7728238e+01
   1.8949146e+01  -7.8248543e+01  -7.7743245e+01
   1.8980397e+01  -7.8279940e+01  -7.7745261e+01
   1.9011648e+01  -7.8225930e+01  -7.7746799e+01
   1.9042899e+01  -7.8203701e+01  -7.7713748e+01
   1.9074150e+01  -7.8235958e+01  -7.7733925e+01
   1.9105401e+01  -7.8333266e+01  -7.7740642e+01
   1.9136652e+01  -7.8250567e+01  -7.7703432e+01
   1.9167903e+01  -7.8257461e+01  -7.7757582e+01
   1.9199154e+01  -7.8257111e+01  -7.7713580e+01
   1.9230405e+01  -7.8261219e+01  -7.7788139e+01
   1.9261656e+01  -7.8260059e+01  -7.7731793e+01
   1.9292906e+01  -7.8329635e+01  -7.7774108e+01
   1.9324157e+01  -7.8302578e+01  -7.7826674e+01
   1.9355408e+01  -7.8300986e+01  -7.7736912e+01
   1.9386659e+01  -7.8305044e+01  -7.7657448e+01
   1.9417910e+01  -7.8346928e+01  -7.7789950e+01
   1.9449161e+01  -7.8301496e+01  -7.7660507e+01
   1.9480412e+01  -7.8328447e+01  -7.7745826e+01
   1.9511663e+01  -7.8320580e+01  -7.7697365e+01
   1.9542914e+01  -7.8304571e+01  -7.7656844e+01
   1.9574165e+01  -7.8329131e+01  -7.7678338e+01
   1.9605416e+01  -7.8342583e+01  -7.7859975e+01
   1.9636667e+01  -7.8296493e+01  -7.7775608e+01
   1.9667918e+01  -7.8401067e+01  -7.7711839e+01
   1.9699169e+01  -7.8332899e+01  -7.7728721e+01
   1.9730420e+01  -7.8326450e+01  -7.7730741e+01
   1.9761671e+01  -7.8333466e+01  -7.7669356e+01
   1.9792922e+01  -7.8337926e+01  -7.7625195e+01
   1.9824173e+01  -7.8350216e+01  -7.7703155e+01
   1.9855424e+01  -7.8331866e+01  -7.7740746e+01
   1.9886675e+01  -7.8307991e+01  -7.7657973e+01
   1.9917926e+01  -7.8338987e+01  -7.7831213e+01
   1.9949177e+01  -7.8347282e+01  -7.7727806e+01
   1.9980427e+01  -7.8339887e+01  -7.7948125e+01
   2.0011678e+01  -7.8244157e+01  -7.7717255e+01
   2.0042929e+01  -7.8361670e+01  -7.7798170e+01
   2.0074180e+01  -7.8321377e+01  -7.7914305e+01
   2.0105431e+01  -7.8297369e+01  -7.7866805e+01
   2.0136682e+01  -7.8301922e+01  -7.7813603e+01
   2.0167933e+01  -7.8340253e+01  -7.7833918e+01
   2.0199184e+01  -7.8358598e+01  -7.7912987e+01
   2.0230435e+01  -7.8369543e+01  -7.7849302e+01
   2.0261686e+01  -7.8361922e+01  -7.7801396e+01
   2.0292937e+01  -7.8353066e+01  -7.7780070e+01
   2.0324188e+01  -7.8407383e+01  -7.7803091e+01
   2.0355439e+01  -7.8383856e+01  -7.7850285e+01
   2.0386690e+01  -7.8322764e+01  -7.7848353e+01
   2.0417941e+01  -7.8315262e+01  -7.7827705e+01
   2.0449192e+01  -7.8382372e+01  -7.7854813e+01
   2.0480443e+01  -7.8347301e+01  -7.7859559e+01
   2.0511694e+01  -7.8354870e+01  -7.7856397e+01
   2.0542945e+01  -7.8346643e+01  -7.7855452e+01
   2.0574196e+01  -7.8378029e+01  -7.7855634e+01
   2.0605447e+01  -7.8404573e+01  -7.7849427e+01
   2.0636697e+01  -7.8392971e+01  -7.7859689e+01
   2.0667948e+01  -7.8385725e+01  -7.7828840e+01
   2.0699199e+01  -7.8382018e+01  -7.7875512e+01
   2.0730450e+01  -7.8393213e+01  -7.7883507e+01
   2.0761701e+01  -7.8365446e+01  -7.7860066e+01
   2.0792952e+01  -7.8362999e+01  -7.7824893e+01
   2.0824203e+01  -7.8359521e+01  -7.7860224e+01
   2.0855454e+01  -7.8348527e+01  -7.7883417e+01
   2.0886705e+01  -7.8413046e+01  -7.7769067e+01
   2.0917956e+01  -7.8343274e+01  -7.7792028e+01
   2.0949207e+01  -7.8397331e+01  -7.7817741e+01
   2.0980458e+01  -7.8363505e+01  -7.7856238e+01
   2.1011709e+01  -7.8335431e+01  -7.7645908e+01
   2.1042960e+01  -7.8397327e+01  -7.7865575e+01
   2.1074211e+01  -7.8388116e+01  -7.7754589e+01
   2.1105462e+01  -7.8400753e+01  -7.7752199e+01
   2.1136713e+01  -7.8388012e+01  -7.7854883e+01
   2.1167964e+01  -7.8411091e+01  -7.7684984e+01
   2.1199215e+01  -7.8424584e+01  -7.7767917e+01
   2.1230466e+01  -7.8376954e+01  -7.7807455e+01
   2.1261717e+01  -7.8412866e+01  -7.7869649e+01
   2.1292968e+01  -7.8381509e+01  -7.7873799e+01
   2.1324218e+01  -7.8394975e+01  -7.7879129e+01
