  -2.1333333e+01  -7.9193683e+01  -7.8288644e+01
  -2.1302082e+01  -7.9181996e+01  -7.8330078e+01
  -2.1270831e+01  -7.9168500e+01  -7.8175318e+01
  -2.1239580e+01  -7.9177771e+01  -7.8234883e+01
  -2.1208330e+01  -7.9120722e+01  -7.8102292e+01
  -2.1177079e+01  -7.9176119e+01  -7.8159656e+01
  -2.1145828e+01  -7.9197014e+01  -7.8199764e+01
  -2.1114577e+01  -7.9182042e+01  -7.8236567e+01
  -2.1083326e+01  -7.9176922e+01  -7.8089852e+01
  -2.1052075e+01  -7.9143775e+01  -7.8278620e+01
  -2.1020824e+01  -7.9205790e+01  -7.8400925e+01
  -2.0989573e+01  -7.9197034e+01  -7.8164331e+01
  -2.0958322e+01  -7.9166387e+01  -7.8123577e+01
  -2.0927071e+01  -7.9148698e+01  -7.8243996e+01
  -2.0895820e+01  -7.9102670e+01  -7.8235682e+01
  -2.0864569e+01  -7.9203883e+01  -7.8235097e+01
  -2.0833318e+01  -7.9201626e+01  -7.8312925e+01
  -2.0802067e+01  -7.9219604e+01  -7.8308074e+01
  -2.0770816e+01  -7.9163684e+01  -7.8260458e+01
  -2.0739565e+01  -7.9188459e+01  -7.8292383e+01
  -2.0708314e+01  -7.9155585e+01  -7.8153918e+01
  -2.0677063e+01  -7.9172915e+01  -7.8322326e+01
  -2.0645812e+01  -7.9181071e+01  -7.8233636e+01
  -2.0614561e+01  -7.9184992e+01  -7.8305842e+01
  -2.0583310e+01  -7.9142120e+01  -7.8293192e+01
  -2.0552059e+01  -7.9139107e+01  -7.8280436e+01
  -2.0520809e+01  -7.9140076e+01  -7.8285790e+01
  -2.0489558e+01  -7.9091027e+01  -7.8287323e+01
  -2.0458307e+01  -7.9137605e+01  -7.8291300e+01
  -2.0427056e+01  -7.9113363e+01  -7.8288858e+01
  -2.0395805e+01  -7.9148553e+01  -7.8280112e+01
  -2.0364554e+01  -7.9212978e+01  -7.8274390e+01
  -2.0333303e+01  -7.9152558e+01  -7.8277208e+01
  -2.0302052e+01  -7.9155628e+01  -7.8268866e+01
  -2.0270801e+01  -7.9153518e+01  -7.8309395e+01
  -2.0239550e+01  -7.9152943e+01  -7.8307192e+01
  -2.0208299e+01  -7.9152232e+01  -7.8143286e+01
  -2.0177048e+01  -7.9154252e+01  -7.8190936e+01
  -2.0145797e+01  -7.9151693e+01  -7.8296113e+01
  -2.0114546e+01  -7.9117082e+01  -7.8165285e+01
  -2.0083295e+01  -7.9003603e+01  -7.8133778e+01
  -2.0052044e+01  -7.9047659e+01  -7.8264542e+01
  -2.0020793e+01  -7.9105926e+01  -7.8141199e+01
  -1.9989542e+01  -7.9056508e+01  -7.8181325e+01
  -1.9958291e+01  -7.9149094e+01  -7.8291799e+01
  -1.9927040e+01  -7.9168941e+01  -7.8114650e+01
  -1.9895789e+01  -7.9080707e+01  -7.8300792e+01
  -1.9864539e+01  -7.9117621e+01  -7.8013857e+01
  -1.9833288e+01  -7.9123359e+01  -7.8144756e+01
  -1.9802037e+01  -7.9124816e+01  -7.8016474e+01
  -1.9770786e+01  -7.9125055e+01  -7.8198679e+01
  -1.9739535e+01  -7.9157589e+01  -7.8136391e+01
  -1.9708284e+01  -7.9096517e+01  -7.7996875e+01
  -1.9677033e+01  -7.9128260e+01  -7.8148937e+01
  -1.9645782e+01  -7.9071945e+01  -7.8171961e+01
  -1.9614531e+01  -7.9099465e+01  -7.8172144e+01
  -1.9583280e+01  -7.8986884e+01  -7.8055111e+01
  -1.9552029e+01  -7.8981717e+01  -7.8149414e+01
  -1.9520778e+01  -7.9042611e+01  -7.8022857e+01
  -1.9489527e+01  -7.9100498e+01  -7.8132491e+01
  -1.9458276e+01  -7.9051018e+01  -7.8044607e+01
  -1.9427025e+01  -7.9039240e+01  -7.8099185e+01
  -1.9395774e+01  -7.9089632e+01  -7.8066661e+01
  -1.9364523e+01  -7.9085620e+01  -7.8199529e+01
  -1.9333272e+01  -7.9078715e+01  -7.8219142e+01
  -1.9302021e+01  -7.9081179e+01  -7.8198042e+01
  -1.9270770e+01  -7.9075757e+01  -7.8200544e+01
  -1.9239519e+01  -7.9074043e+01  -7.8189124e+01
  -1.9208268e+01  -7.9070637e+01  -7.8186592e+01
  -1.9177018e+01  -7.9066646e+01  -7.8184225e+01
  -1.9145767e+01  -7.9062703e+01  -7.8181564e+01
  -1.9114516e+01  -7.9057266e+01  -7.8177448e+01
  -1.9083265e+01  -7.9060476e+01  -7.8174079e+01
  -1.9052014e+01  -7.9052603e+01  -7.8170421e+01
  -1.9020763e+01  -7.9049761e+01  -7.8166318e+01
  -1.8989512e+01  -7.9048385e+01  -7.8162577e+01
  -1.8958261e+01  -7.9042265e+01  -7.8158766e+01
  -1.8927010e+01  -7.9038468e+01  -7.8154932e+01
  -1.8895759e+01  -7.9035080e+01  -7.8151092e+01
  -1.8864508e+01  -7.9030883e+01  -7.8147177e+01
  -1.8833257e+01  -7.9028939e+01  -7.8143224e+01
  -1.8802006e+01  -7.9024500e+01  -7.8139216e+01
  -1.8770755e+01  -7.9019418e+01  -7.8135129e+01
  -1.8739504e+01  -7.9014133e+01  -7.8131050e+01
  -1.8708253e+01  -7.9012588e+01  -7.8126839e+01
  -1.8677002e+01  -7.9011025e+01  -7.8122679e+01
  -1.8645751e+01  -7.9001183e+01  -7.8118385e+01
  -1.8614500e+01  -7.8997033e+01  -7.8114088e+01
  -1.8583249e+01  -7.8997256e+01  -7.8109773e+01
  -1.8551998e+01  -7.8991073e+01  -7.8105327e+01
  -1.8520748e+01  -7.8986761e+01  -7.8100901e+01
  -1.8489497e+01  -7.8981762e+01  -7.8096401e+01
  -1.8458246e+01  -7.8977126e+01  -7.8091842e+01
  -1.8426995e+01  -7.8973836e+01  -7.8087259e+01
  -1.8395744e+01  -7.8970589e+01  -7.8082608e+01
  -1.8364493e+01  -7.8963513e+01  -7.8077915e+01
  -1.8333242e+01  -7.8965259e+01  -7.8073208e+01
  -1.8301991e+01  -7.8950339e+01  -7.8068389e+01
  -1.8270740e+01  -7.8950291e+01  -7.8063511e+01
  -1.8239489e+01  -7.8946982e+01  -7.8058652e+01
  -1.8208238e+01  -7.8943524e+01  -7.8053644e+01
  -1.8176987e+01  -7.8941002e+01  -7.8048693e+01
  -1.8145736e+01  -7.8930796e+01  -7.8043648e+01
  -1.8114485e+01  -7.8922806e+01  -7.8038539e+01
  -1.8083234e+01  -7.8921286e+01  -7.8033425e+01
  -1.8051983e+01  -7.8915556e+01  -7.8028214e+01
  -1.8020732e+01  -7.8909381e+01  -7.8022976e+01
  -1.7989481e+01  -7.8901965e+01  -7.8017678e+01
  -1.7958230e+01  -7.8952496e+01  -7.8012321e+01
  -1.7926979e+01  -7.8861935e+01  -7.8006924e+01
  -1.7895728e+01  -7.8889474e+01  -7.8001483e+01
  -1.7864477e+01  -7.8886769e+01  -7.7996000e+01
  -1.7833227e+01  -7.8681168e+01  -7.7990462e+01
  -1.7801976e+01  -7.8855172e+01  -7.7984849e+01
  -1.7770725e+01  -7.8791808e+01  -7.7979193e+01
  -1.7739474e+01  -7.8798911e+01  -7.7973507e+01
  -1.7708223e+01  -7.8914736e+01  -7.7967737e+01
  -1.7676972e+01  -7.8853219e+01  -7.7961948e+01
  -1.7645721e+01  -7.8847186e+01  -7.7956101e+01
  -1.7614470e+01  -7.8836766e+01  -7.7950192e+01
  -1.7583219e+01  -7.8827367e+01  -7.7944241e+01
  -1.7551968e+01  -7.8796597e+01  -7.7938236e+01
  -1.7520717e+01  -7.8809893e+01  -7.7932181e+01
  -1.7489466e+01  -7.8752327e+01  -7.7926071e+01
  -1.7458215e+01  -7.8669727e+01  -7.7919909e+01
  -1.7426964e+01  -7.8812454e+01  -7.7913696e+01
  -1.7395713e+01  -7.8806335e+01  -7.7907436e+01
  -1.7364462e+01  -7.8799574e+01  -7.7901123e+01
  -1.7333211e+01  -7.8792267e+01  -7.7894757e+01
  -1.7301960e+01  -7.8762706e+01  -7.7888338e+01
  -1.7270709e+01  -7.8790488e+01  -7.7881868e+01
  -1.7239458e+01  -7.8755252e+01  -7.7875346e+01
  -1.7208207e+01  -7.8748317e+01  -7.7868772e+01
  -1.7176956e+01  -7.8751786e+01  -7.7862146e+01
  -1.7145706e+01  -7.8743636e+01  -7.7855467e+01
  -1.7114455e+01  -7.8731802e+01  -7.7848736e+01
  -1.7083204e+01  -7.8666782e+01  -7.7841954e+01
  -1.7051953e+01  -7.8713091e+01  -7.7835117e+01
  -1.7020702e+01  -7.8717768e+01  -7.7828227e+01
  -1.6989451e+01  -7.8705989e+01  -7.7821287e+01
  -1.6958200e+01  -7.8687489e+01  -7.7814296e+01
  -1.6926949e+01  -7.8623244e+01  -7.7807250e+01
  -1.6895698e+01  -7.8738331e+01  -7.7800148e+01
  -1.6864447e+01  -7.8730893e+01  -7.7792996e+01
  -1.6833196e+01  -7.8667078e+01  -7.7785790e+01
  -1.6801945e+01  -7.8656020e+01  -7.7778532e+01
  -1.6770694e+01  -7.8654705e+01  -7.7771221e+01
  -1.6739443e+01  -7.8656270e+01  -7.7763852e+01
  -1.6708192e+01  -7.8635513e+01  -7.7756433e+01
  -1.6676941e+01  -7.8622105e+01  -7.7748961e+01
  -1.6645690e+01  -7.8662495e+01  -7.7741436e+01
  -1.6614439e+01  -7.8637895e+01  -7.7733854e+01
  -1.6583188e+01  -7.8594125e+01  -7.7726225e+01
  -1.6551937e+01  -7.8540118e+01  -7.7718533e+01
  -1.6520686e+01  -7.8586452e+01  -7.7710788e+01
  -1.6489436e+01  -7.8586520e+01  -7.7702994e+01
  -1.6458185e+01  -7.8476081e+01  -7.7695145e+01
  -1.6426934e+01  -7.8524462e+01  -7.7687241e+01
  -1.6395683e+01  -7.8577885e+01  -7.7679278e+01
  -1.6364432e+01  -7.8585200e+01  -7.7671268e+01
  -1.6333181e+01  -7.8558859e+01  -7.7663197e+01
  -1.6301930e+01  -7.8552783e+01  -7.7655073e+01
  -1.6270679e+01  -7.8522151e+01  -7.7646896e+01
  -1.6239428e+01  -7.8515289e+01  -7.7638660e+01
  -1.6208177e+01  -7.8515033e+01  -7.7630370e+01
  -1.6176926e+01  -7.8466060e+01  -7.7622027e+01
  -1.6145675e+01  -7.8519198e+01  -7.7613630e+01
  -1.6114424e+01  -7.8466177e+01  -7.7605173e+01
  -1.6083173e+01  -7.8388627e+01  -7.7596665e+01
  -1.6051922e+01  -7.8500061e+01  -7.7588098e+01
  -1.6020671e+01  -7.8471690e+01  -7.7579475e+01
  -1.5989420e+01  -7.8470922e+01  -7.7570797e+01
  -1.5958169e+01  -7.8468368e+01  -7.7562064e+01
  -1.5926918e+01  -7.8461962e+01  -7.7553273e+01
  -1.5895667e+01  -7.8434385e+01  -7.7544426e+01
  -1.5864416e+01  -7.8430848e+01  -7.7535525e+01
  -1.5833165e+01  -7.8430829e+01  -7.7526565e+01
  -1.5801915e+01  -7.8402236e+01  -7.7517548e+01
  -1.5770664e+01  -7.8370057e+01  -7.7508476e+01
  -1.5739413e+01  -7.8382848e+01  -7.7499346e+01
  -1.5708162e+01  -7.8331259e+01  -7.7490159e+01
  -1.5676911e+01  -7.8361688e+01  -7.7480915e+01
  -1.5645660e+01  -7.8348890e+01  -7.7471614e+01
  -1.5614409e+01  -7.8334694e+01  -7.7462255e+01
  -1.5583158e+01  -7.8324171e+01  -7.7452839e+01
  -1.5551907e+01  -7.8340811e+01  -7.7443365e+01
  -1.5520656e+01  -7.8353080e+01  -7.7433834e+01
  -1.5489405e+01  -7.8293265e+01  -7.7424244e+01
  -1.5458154e+01  -7.8333319e+01  -7.7414596e+01
  -1.5426903e+01  -7.8301484e+01  -7.7404890e+01
  -1.5395652e+01  -7.8303899e+01  -7.7395126e+01
  -1.5364401e+01  -7.8281519e+01  -7.7385303e+01
  -1.5333150e+01  -7.8212955e+01  -7.7375423e+01
  -1.5301899e+01  -7.8201132e+01  -7.7365482e+01
  -1.5270648e+01  -7.8239426e+01  -7.7355483e+01
  -1.5239397e+01  -7.8202270e+01  -7.7345426e+01
  -1.5208146e+01  -7.8223822e+01  -7.7335307e+01
  -1.5176895e+01  -7.8215375e+01  -7.7325132e+01
  -1.5145645e+01  -7.8198876e+01  -7.7314895e+01
  -1.5114394e+01  -7.8166612e+01  -7.7304599e+01
  -1.5083143e+01  -7.8282684e+01  -7.7294244e+01
  -1.5051892e+01  -7.8201265e+01  -7.7283829e+01
  -1.5020641e+01  -7.8175541e+01  -7.7273353e+01
  -1.4989390e+01  -7.8159980e+01  -7.7262817e+01
  -1.4958139e+01  -7.8123837e+01  -7.7252222e+01
  -1.4926888e+01  -7.8130478e+01  -7.7241564e+01
  -1.4895637e+01  -7.8136887e+01  -7.7230847e+01
  -1.4864386e+01  -7.8124332e+01  -7.7220070e+01
  -1.4833135e+01  -7.7962331e+01  -7.7209231e+01
  -1.4801884e+01  -7.8034317e+01  -7.7198329e+01
  -1.4770633e+01  -7.8064127e+01  -7.7187368e+01
  -1.4739382e+01  -7.8064419e+01  -7.7176346e+01
  -1.4708131e+01  -7.8143364e+01  -7.7165259e+01
  -1.4676880e+01  -7.8023568e+01  -7.7154114e+01
  -1.4645629e+01  -7.8043012e+01  -7.7142905e+01
  -1.4614378e+01  -7.8034194e+01  -7.7131634e+01
  -1.4583127e+01  -7.8037159e+01  -7.7120302e+01
  -1.4551876e+01  -7.8014426e+01  -7.7108906e+01
  -1.4520625e+01  -7.7990419e+01  -7.7097448e+01
  -1.4489374e+01  -7.7969980e+01  -7.7085926e+01
  -1.4458124e+01  -7.7949841e+01  -7.7074342e+01
  -1.4426873e+01  -7.7957140e+01  -7.7062694e+01
  -1.4395622e+01  -7.7992551e+01  -7.7050984e+01
  -1.4364371e+01  -7.7838705e+01  -7.7039210e+01
  -1.4333120e+01  -7.7858499e+01  -7.7027372e+01
  -1.4301869e+01  -7.7860727e+01  -7.7015469e+01
  -1.4270618e+01  -7.7919135e+01  -7.7003504e+01
  -1.4239367e+01  -7.7882968e+01  -7.6991473e+01
  -1.4208116e+01  -7.7889872e+01  -7.6979378e+01
  -1.4176865e+01  -7.7865870e+01  -7.6967219e+01
  -1.4145614e+01  -7.7850620e+01  -7.6954995e+01
  -1.4114363e+01  -7.7844895e+01  -7.6942705e+01
  -1.4083112e+01  -7.7831611e+01  -7.6930350e+01
  -1.4051861e+01  -7.7790175e+01  -7.6917930e+01
  -1.4020610e+01  -7.7801108e+01  -7.6905444e+01
  -1.3989359e+01  -7.7793955e+01  -7.6892893e+01
  -1.3958108e+01  -7.7776489e+01  -7.6880275e+01
  -1.3926857e+01  -7.7779806e+01  -7.6867592e+01
  -1.3895606e+01  -7.7760465e+01  -7.6854841e+01
  -1.3864355e+01  -7.7747852e+01  -7.6842023e+01
  -1.3833104e+01  -7.7737060e+01  -7.6829140e+01
  -1.3801853e+01  -7.7724684e+01  -7.6816190e+01
  -1.3770603e+01  -7.7711567e+01  -7.6803171e+01
  -1.3739352e+01  -7.7696255e+01  -7.6790085e+01
  -1.3708101e+01  -7.7684557e+01  -7.6776933e+01
  -1.3676850e+01  -7.7672141e+01  -7.6763711e+01
  -1.3645599e+01  -7.7658882e+01  -7.6750421e+01
  -1.3614348e+01  -7.7645776e+01  -7.6737063e+01
  -1.3583097e+01  -7.7631356e+01  -7.6723637e+01
  -1.3551846e+01  -7.7618411e+01  -7.6710141e+01
  -1.3520595e+01  -7.7604165e+01  -7.6696576e+01
  -1.3489344e+01  -7.7594676e+01  -7.6682943e+01
  -1.3458093e+01  -7.7577069e+01  -7.6669241e+01
  -1.3426842e+01  -7.7567231e+01  -7.6655468e+01
  -1.3395591e+01  -7.7551195e+01  -7.6641625e+01
  -1.3364340e+01  -7.7537028e+01  -7.6627712e+01
  -1.3333089e+01  -7.7524461e+01  -7.6613729e+01
  -1.3301838e+01  -7.7508892e+01  -7.6599675e+01
  -1.3270587e+01  -7.7496699e+01  -7.6585549e+01
  -1.3239336e+01  -7.7482435e+01  -7.6571353e+01
  -1.3208085e+01  -7.7468598e+01  -7.6557086e+01
  -1.3176834e+01  -7.7454120e+01  -7.6542747e+01
  -1.3145583e+01  -7.7438367e+01  -7.6528336e+01
  -1.3114333e+01  -7.7426549e+01  -7.6513852e+01
  -1.3083082e+01  -7.7412195e+01  -7.6499297e+01
  -1.3051831e+01  -7.7394570e+01  -7.6484668e+01
  -1.3020580e+01  -7.7381018e+01  -7.6469966e+01
  -1.2989329e+01  -7.7371405e+01  -7.6455192e+01
  -1.2958078e+01  -7.7353678e+01  -7.6440345e+01
  -1.2926827e+01  -7.7337981e+01  -7.6425423e+01
  -1.2895576e+01  -7.7322136e+01  -7.6410427e+01
  -1.2864325e+01  -7.7308282e+01  -7.6395357e+01
  -1.2833074e+01  -7.7291408e+01  -7.6380213e+01
  -1.2801823e+01  -7.7278933e+01  -7.6364993e+01
  -1.2770572e+01  -7.7264577e+01  -7.6349699e+01
  -1.2739321e+01  -7.7247260e+01  -7.6334329e+01
  -1.2708070e+01  -7.7237576e+01  -7.6318884e+01
  -1.2676819e+01  -7.7216646e+01  -7.6303362e+01
  -1.2645568e+01  -7.7198558e+01  -7.6287765e+01
  -1.2614317e+01  -7.7225259e+01  -7.6272091e+01
  -1.2583066e+01  -7.7058499e+01  -7.6256340e+01
  -1.2551815e+01  -7.7148759e+01  -7.6240512e+01
  -1.2520564e+01  -7.7137386e+01  -7.6224606e+01
  -1.2489313e+01  -7.7049759e+01  -7.6208623e+01
  -1.2458062e+01  -7.7123502e+01  -7.6192562e+01
  -1.2426812e+01  -7.7080234e+01  -7.6176422e+01
  -1.2395561e+01  -7.7101425e+01  -7.6160204e+01
  -1.2364310e+01  -7.7059507e+01  -7.6143907e+01
  -1.2333059e+01  -7.7042957e+01  -7.6127531e+01
  -1.2301808e+01  -7.7033497e+01  -7.6111075e+01
  -1.2270557e+01  -7.6991389e+01  -7.6094539e+01
  -1.2239306e+01  -7.6986676e+01  -7.6077923e+01
  -1.2208055e+01  -7.6932354e+01  -7.6061227e+01
  -1.2176804e+01  -7.6932476e+01  -7.6044449e+01
  -1.2145553e+01  -7.6905379e+01  -7.6027590e+01
  -1.2114302e+01  -7.6849005e+01  -7.6010650e+01
  -1.2083051e+01  -7.6839654e+01  -7.5993627e+01
  -1.2051800e+01  -7.6820187e+01  -7.5976523e+01
  -1.2020549e+01  -7.6897515e+01  -7.5959336e+01
  -1.1989298e+01  -7.6863942e+01  -7.5942066e+01
  -1.1958047e+01  -7.6823683e+01  -7.5924713e+01
  -1.1926796e+01  -7.6828912e+01  -7.5907276e+01
  -1.1895545e+01  -7.6804978e+01  -7.5889755e+01
  -1.1864294e+01  -7.6766411e+01  -7.5872151e+01
  -1.1833043e+01  -7.6746440e+01  -7.5854461e+01
  -1.1801792e+01  -7.6740295e+01  -7.5836686e+01
  -1.1770542e+01  -7.6685952e+01  -7.5818825e+01
  -1.1739291e+01  -7.6708247e+01  -7.5800879e+01
  -1.1708040e+01  -7.6601884e+01  -7.5782847e+01
  -1.1676789e+01  -7.6681598e+01  -7.5764728e+01
  -1.1645538e+01  -7.6670909e+01  -7.5746521e+01
  -1.1614287e+01  -7.6611183e+01  -7.5728228e+01
  -1.1583036e+01  -7.6519309e+01  -7.5709847e+01
  -1.1551785e+01  -7.6584926e+01  -7.5691378e+01
  -1.1520534e+01  -7.6599502e+01  -7.5672820e+01
  -1.1489283e+01  -7.6577281e+01  -7.5654173e+01
  -1.1458032e+01  -7.6576560e+01  -7.5635436e+01
  -1.1426781e+01  -7.6548286e+01  -7.5616610e+01
  -1.1395530e+01  -7.6514687e+01  -7.5597694e+01
  -1.1364279e+01  -7.6450946e+01  -7.5578687e+01
  -1.1333028e+01  -7.6539583e+01  -7.5559589e+01
  -1.1301777e+01  -7.6422135e+01  -7.5540400e+01
  -1.1270526e+01  -7.6472619e+01  -7.5521118e+01
  -1.1239275e+01  -7.6385771e+01  -7.5501744e+01
  -1.1208024e+01  -7.6337053e+01  -7.5482278e+01
  -1.1176773e+01  -7.6389082e+01  -7.5462718e+01
  -1.1145522e+01  -7.6385866e+01  -7.5443065e+01
  -1.1114271e+01  -7.6344000e+01  -7.5423317e+01
  -1.1083021e+01  -7.6330355e+01  -7.5403475e+01
  -1.1051770e+01  -7.6312532e+01  -7.5383537e+01
  -1.1020519e+01  -7.6305103e+01  -7.5363504e+01
  -1.0989268e+01  -7.6227002e+01  -7.5343376e+01
  -1.0958017e+01  -7.6230754e+01  -7.5323150e+01
  -1.0926766e+01  -7.6237981e+01  -7.5302828e+01
  -1.0895515e+01  -7.6195771e+01  -7.5282408e+01
  -1.0864264e+01  -7.6175318e+01  -7.5261890e+01
  -1.0833013e+01  -7.6113489e+01  -7.5241274e+01
  -1.0801762e+01  -7.6159178e+01  -7.5220558e+01
  -1.0770511e+01  -7.6091254e+01  -7.5199744e+01
  -1.0739260e+01  -7.6082928e+01  -7.5178829e+01
  -1.0708009e+01  -7.6093432e+01  -7.5157812e+01
  -1.0676758e+01  -7.6064204e+01  -7.5136697e+01
  -1.0645507e+01  -7.6048098e+01  -7.5115479e+01
  -1.0614256e+01  -7.6026074e+01  -7.5094161e+01
  -1.0583005e+01  -7.5999410e+01  -7.5072737e+01
  -1.0551754e+01  -7.5982983e+01  -7.5051210e+01
  -1.0520503e+01  -7.5975012e+01  -7.5029586e+01
  -1.0489252e+01  -7.5922928e+01  -7.5007843e+01
  -1.0458001e+01  -7.5786645e+01  -7.4986010e+01
  -1.0426750e+01  -7.5934305e+01  -7.4964065e+01
  -1.0395500e+01  -7.5860650e+01  -7.4942011e+01
  -1.0364249e+01  -7.5787300e+01  -7.4919854e+01
  -1.0332998e+01  -7.5776665e+01  -7.4897594e+01
  -1.0301747e+01  -7.5819319e+01  -7.4875220e+01
  -1.0270496e+01  -7.5740371e+01  -7.4852750e+01
  -1.0239245e+01  -7.5727345e+01  -7.4830146e+01
  -1.0207994e+01  -7.5720374e+01  -7.4807443e+01
  -1.0176743e+01  -7.5722673e+01  -7.4784646e+01
  -1.0145492e+01  -7.5702429e+01  -7.4761721e+01
  -1.0114241e+01  -7.5647573e+01  -7.4738705e+01
  -1.0082990e+01  -7.5665904e+01  -7.4715552e+01
  -1.0051739e+01  -7.5603145e+01  -7.4692295e+01
  -1.0020488e+01  -7.5640745e+01  -7.4668947e+01
  -9.9892371e+00  -7.5553100e+01  -7.4645420e+01
  -9.9579862e+00  -7.5419894e+01  -7.4621839e+01
  -9.9267352e+00  -7.5532819e+01  -7.4598121e+01
  -9.8954843e+00  -7.5447331e+01  -7.4574290e+01
  -9.8642333e+00  -7.5440419e+01  -7.4550331e+01
  -9.8329824e+00  -7.5440804e+01  -7.4526284e+01
  -9.8017314e+00  -7.5416943e+01  -7.4502107e+01
  -9.7704805e+00  -7.5424169e+01  -7.4477826e+01
  -9.7392295e+00  -7.5394798e+01  -7.4453341e+01
  -9.7079786e+00  -7.5367617e+01  -7.4428820e+01
  -9.6767276e+00  -7.5314008e+01  -7.4404174e+01
  -9.6454766e+00  -7.5326471e+01  -7.4379395e+01
  -9.6142257e+00  -7.5318138e+01  -7.4354495e+01
  -9.5829747e+00  -7.5160565e+01  -7.4329462e+01
  -9.5517238e+00  -7.5277247e+01  -7.4304319e+01
  -9.5204728e+00  -7.5114481e+01  -7.4279078e+01
  -9.4892219e+00  -7.5265190e+01  -7.4253578e+01
  -9.4579709e+00  -7.5121704e+01  -7.4228031e+01
  -9.4267200e+00  -7.5098800e+01  -7.4202373e+01
  -9.3954690e+00  -7.5132083e+01  -7.4176595e+01
  -9.3642181e+00  -7.5082578e+01  -7.4150712e+01
  -9.3329671e+00  -7.5067181e+01  -7.4124620e+01
  -9.3017162e+00  -7.5049967e+01  -7.4098539e+01
  -9.2704652e+00  -7.5018465e+01  -7.4072196e+01
  -9.2392143e+00  -7.4971558e+01  -7.4045659e+01
  -9.2079633e+00  -7.4957301e+01  -7.4019164e+01
  -9.1767123e+00  -7.4901689e+01  -7.3992388e+01
  -9.1454614e+00  -7.4849781e+01  -7.3965698e+01
  -9.1142104e+00  -7.4864052e+01  -7.3938587e+01
  -9.0829595e+00  -7.4735550e+01  -7.3911543e+01
  -9.0517085e+00  -7.4786632e+01  -7.3884322e+01
  -9.0204576e+00  -7.4798869e+01  -7.3857009e+01
  -8.9892066e+00  -7.4752847e+01  -7.3829325e+01
  -8.9579557e+00  -7.4686144e+01  -7.3801468e+01
  -8.9267047e+00  -7.4730949e+01  -7.3773727e+01
  -8.8954538e+00  -7.4694747e+01  -7.3745750e+01
  -8.8642028e+00  -7.4662277e+01  -7.3717944e+01
  -8.8329519e+00  -7.4661497e+01  -7.3689307e+01
  -8.8017009e+00  -7.4583419e+01  -7.3661405e+01
  -8.7704499e+00  -7.4615589e+01  -7.3632518e+01
  -8.7391990e+00  -7.4548062e+01  -7.3603944e+01
  -8.7079480e+00  -7.4497756e+01  -7.3575069e+01
  -8.6766971e+00  -7.4498912e+01  -7.3545750e+01
  -8.6454461e+00  -7.4478686e+01  -7.3517230e+01
  -8.6141952e+00  -7.4441685e+01  -7.3487496e+01
  -8.5829442e+00  -7.4418561e+01  -7.3458222e+01
  -8.5516933e+00  -7.4387444e+01  -7.3428596e+01
  -8.5204423e+00  -7.4358465e+01  -7.3399237e+01
  -8.4891914e+00  -7.4331811e+01  -7.3368926e+01
  -8.4579404e+00  -7.4298755e+01  -7.3338440e+01
  -8.4266895e+00  -7.4269241e+01  -7.3308528e+01
  -8.3954385e+00  -7.4239988e+01  -7.3278032e+01
  -8.3641875e+00  -7.4208934e+01  -7.3248036e+01
  -8.3329366e+00  -7.4179034e+01  -7.3216428e+01
  -8.3016856e+00  -7.4151634e+01  -7.3186994e+01
  -8.2704347e+00  -7.4117218e+01  -7.3154778e+01
  -8.2391837e+00  -7.4086791e+01  -7.3124391e+01
  -8.2079328e+00  -7.4058176e+01  -7.3092179e+01
  -8.1766818e+00  -7.4027734e+01  -7.3060047e+01
  -8.1454309e+00  -7.3992939e+01  -7.3029573e+01
  -8.1141799e+00  -7.3962219e+01  -7.2997096e+01
  -8.0829290e+00  -7.3933756e+01  -7.2965043e+01
  -8.0516780e+00  -7.3899982e+01  -7.2932390e+01
  -8.0204271e+00  -7.3868325e+01  -7.2901424e+01
  -7.9891761e+00  -7.3835654e+01  -7.2867457e+01
  -7.9579251e+00  -7.3803833e+01  -7.2834544e+01
  -7.9266742e+00  -7.3773172e+01  -7.2802198e+01
  -7.8954232e+00  -7.3741270e+01  -7.2769025e+01
  -7.8641723e+00  -7.3706052e+01  -7.2735313e+01
  -7.8329213e+00  -7.3680162e+01  -7.2701376e+01
  -7.8016704e+00  -7.3639992e+01  -7.2670414e+01
  -7.7704194e+00  -7.3607942e+01  -7.2634135e+01
  -7.7391685e+00  -7.3574067e+01  -7.2601827e+01
  -7.7079175e+00  -7.3542358e+01  -7.2565017e+01
  -7.6766666e+00  -7.3510708e+01  -7.2530432e+01
  -7.6454156e+00  -7.3471316e+01  -7.2496948e+01
  -7.6141647e+00  -7.3436969e+01  -7.2462352e+01
  -7.5829137e+00  -7.3403683e+01  -7.2426566e+01
  -7.5516628e+00  -7.3368386e+01  -7.2389972e+01
  -7.5204118e+00  -7.3332801e+01  -7.2357969e+01
  -7.4891608e+00  -7.3296381e+01  -7.2318761e+01
  -7.4579099e+00  -7.3264290e+01  -7.2284459e+01
  -7.4266589e+00  -7.3230941e+01  -7.2248590e+01
  -7.3954080e+00  -7.3206350e+01  -7.2213004e+01
  -7.3641570e+00  -7.3157835e+01  -7.2172562e+01
  -7.3329061e+00  -7.3143342e+01  -7.2138420e+01
  -7.3016551e+00  -7.2964647e+01  -7.2104768e+01
  -7.2704042e+00  -7.3041247e+01  -7.2064622e+01
  -7.2391532e+00  -7.2970621e+01  -7.2028860e+01
  -7.2079023e+00  -7.2966317e+01  -7.1987166e+01
  -7.1766513e+00  -7.2940555e+01  -7.1951044e+01
  -7.1454004e+00  -7.2900373e+01  -7.1912481e+01
  -7.1141494e+00  -7.2845434e+01  -7.1876924e+01
  -7.0828984e+00  -7.2844781e+01  -7.1836414e+01
  -7.0516475e+00  -7.2815541e+01  -7.1795103e+01
  -7.0203965e+00  -7.2697492e+01  -7.1761879e+01
  -6.9891456e+00  -7.2747179e+01  -7.1716123e+01
  -6.9578946e+00  -7.2673647e+01  -7.1681298e+01
  -6.9266437e+00  -7.2603549e+01  -7.1639508e+01
  -6.8953927e+00  -7.2582428e+01  -7.1602024e+01
  -6.8641418e+00  -7.2475514e+01  -7.1552720e+01
  -6.8328908e+00  -7.2572172e+01  -7.1519642e+01
  -6.8016399e+00  -7.2481224e+01  -7.1481141e+01
  -6.7703889e+00  -7.2431125e+01  -7.1438655e+01
  -6.7391380e+00  -7.2397783e+01  -7.1395899e+01
  -6.7078870e+00  -7.2344715e+01  -7.1351343e+01
  -6.6766360e+00  -7.2319511e+01  -7.1313656e+01
  -6.6453851e+00  -7.2263736e+01  -7.1268822e+01
  -6.6141341e+00  -7.2202015e+01  -7.1232430e+01
  -6.5828832e+00  -7.2150218e+01  -7.1186746e+01
  -6.5516322e+00  -7.2096422e+01  -7.1140818e+01
  -6.5203813e+00  -7.2020597e+01  -7.1104897e+01
  -6.4891303e+00  -7.1954980e+01  -7.1052439e+01
  -6.4578794e+00  -7.1987834e+01  -7.1015254e+01
  -6.4266284e+00  -7.2002628e+01  -7.0964785e+01
  -6.3953775e+00  -7.1907971e+01  -7.0925316e+01
  -6.3641265e+00  -7.1889695e+01  -7.0869968e+01
  -6.3328756e+00  -7.1853675e+01  -7.0833819e+01
  -6.3016246e+00  -7.1795095e+01  -7.0789803e+01
  -6.2703736e+00  -7.1755958e+01  -7.0746028e+01
  -6.2391227e+00  -7.1678372e+01  -7.0692418e+01
  -6.2078717e+00  -7.1698841e+01  -7.0648198e+01
  -6.1766208e+00  -7.1606907e+01  -7.0605723e+01
  -6.1453698e+00  -7.1491671e+01  -7.0557558e+01
  -6.1141189e+00  -7.1549211e+01  -7.0516768e+01
  -6.0828679e+00  -7.1500038e+01  -7.0466220e+01
  -6.0516170e+00  -7.1367478e+01  -7.0416950e+01
  -6.0203660e+00  -7.1355164e+01  -7.0376484e+01
  -5.9891151e+00  -7.1238657e+01  -7.0317499e+01
  -5.9578641e+00  -7.1259946e+01  -7.0271891e+01
  -5.9266132e+00  -7.1189396e+01  -7.0212239e+01
  -5.8953622e+00  -7.1206392e+01  -7.0169190e+01
  -5.8641113e+00  -7.1151227e+01  -7.0116475e+01
  -5.8328603e+00  -7.1090967e+01  -7.0066238e+01
  -5.8016093e+00  -7.1046684e+01  -7.0020631e+01
  -5.7703584e+00  -7.0964652e+01  -6.9972003e+01
  -5.7391074e+00  -7.0961153e+01  -6.9907763e+01
  -5.7078565e+00  -7.0762716e+01  -6.9863204e+01
  -5.6766055e+00  -7.0919956e+01  -6.9809347e+01
  -5.6453546e+00  -7.0807691e+01  -6.9765816e+01
  -5.6141036e+00  -7.0700680e+01  -6.9711634e+01
  -5.5828527e+00  -7.0655383e+01  -6.9656764e+01
  -5.5516017e+00  -7.0631729e+01  -6.9605679e+01
  -5.5203508e+00  -7.0614073e+01  -6.9560253e+01
  -5.4890998e+00  -7.0518774e+01  -6.9492210e+01
  -5.4578489e+00  -7.0478393e+01  -6.9431139e+01
  -5.4265979e+00  -7.0440727e+01  -6.9365967e+01
  -5.3953469e+00  -7.0391448e+01  -6.9316419e+01
  -5.3640960e+00  -7.0322708e+01  -6.9274085e+01
  -5.3328450e+00  -7.0264224e+01  -6.9199033e+01
  -5.3015941e+00  -7.0212933e+01  -6.9159242e+01
  -5.2703431e+00  -7.0128395e+01  -6.9094585e+01
  -5.2390922e+00  -7.0113334e+01  -6.9028379e+01
  -5.2078412e+00  -7.0019474e+01  -6.8972808e+01
  -5.1765903e+00  -6.9931921e+01  -6.8902144e+01
  -5.1453393e+00  -6.9888060e+01  -6.8870219e+01
  -5.1140884e+00  -6.9882433e+01  -6.8791033e+01
  -5.0828374e+00  -6.9801861e+01  -6.8731134e+01
  -5.0515865e+00  -6.9739483e+01  -6.8677851e+01
  -5.0203355e+00  -6.9669284e+01  -6.8628634e+01
  -4.9890845e+00  -6.9607256e+01  -6.8543541e+01
  -4.9578336e+00  -6.9521624e+01  -6.8467236e+01
  -4.9265826e+00  -6.9419419e+01  -6.8401841e+01
  -4.8953317e+00  -6.9445397e+01  -6.8343454e+01
  -4.8640807e+00  -6.9293039e+01  -6.8305593e+01
  -4.8328298e+00  -6.9247748e+01  -6.8208966e+01
  -4.8015788e+00  -6.9149430e+01  -6.8177742e+01
  -4.7703279e+00  -6.9149223e+01  -6.8081361e+01
  -4.7390769e+00  -6.9020934e+01  -6.8029674e+01
  -4.7078260e+00  -6.9046614e+01  -6.7941669e+01
  -4.6765750e+00  -6.8959376e+01  -6.7857820e+01
  -4.6453241e+00  -6.8887511e+01  -6.7829850e+01
  -4.6140731e+00  -6.8797486e+01  -6.7722175e+01
  -4.5828221e+00  -6.8713821e+01  -6.7652147e+01
  -4.5515712e+00  -6.8640480e+01  -6.7592104e+01
  -4.5203202e+00  -6.8638835e+01  -6.7538222e+01
  -4.4890693e+00  -6.8585157e+01  -6.7424170e+01
  -4.4578183e+00  -6.8396725e+01  -6.7346699e+01
  -4.4265674e+00  -6.8404220e+01  -6.7279589e+01
  -4.3953164e+00  -6.8330962e+01  -6.7213666e+01
  -4.3640655e+00  -6.8217201e+01  -6.7150842e+01
  -4.3328145e+00  -6.8156998e+01  -6.7057872e+01
  -4.3015636e+00  -6.8112973e+01  -6.7022291e+01
  -4.2703126e+00  -6.8033673e+01  -6.6884314e+01
  -4.2390617e+00  -6.7984428e+01  -6.6862770e+01
  -4.2078107e+00  -6.7873206e+01  -6.6719202e+01
  -4.1765598e+00  -6.7824680e+01  -6.6640294e+01
  -4.1453088e+00  -6.7615713e+01  -6.6578279e+01
  -4.1140578e+00  -6.7493569e+01  -6.6464542e+01
  -4.0828069e+00  -6.7518828e+01  -6.6369075e+01
  -4.0515559e+00  -6.7418308e+01  -6.6292787e+01
  -4.0203050e+00  -6.7348029e+01  -6.6224889e+01
  -3.9890540e+00  -6.7308723e+01  -6.6073417e+01
  -3.9578031e+00  -6.7216704e+01  -6.6016612e+01
  -3.9265521e+00  -6.7134066e+01  -6.5927473e+01
  -3.8953012e+00  -6.6972160e+01  -6.5862380e+01
  -3.8640502e+00  -6.6801985e+01  -6.5724300e+01
  -3.8327993e+00  -6.6741016e+01  -6.5669165e+01
  -3.8015483e+00  -6.6633036e+01  -6.5595651e+01
  -3.7702974e+00  -6.6699407e+01  -6.5422474e+01
  -3.7390464e+00  -6.6459895e+01  -6.5431604e+01
  -3.7077954e+00  -6.6436689e+01  -6.5223424e+01
  -3.6765445e+00  -6.6371200e+01  -6.5180126e+01
  -3.6452935e+00  -6.6229651e+01  -6.5006671e+01
  -3.6140426e+00  -6.6212445e+01  -6.4952248e+01
  -3.5827916e+00  -6.5747365e+01  -6.4795614e+01
  -3.5515407e+00  -6.5794482e+01  -6.4691586e+01
  -3.5202897e+00  -6.5843610e+01  -6.4586352e+01
  -3.4890388e+00  -6.5625827e+01  -6.4401917e+01
  -3.4577878e+00  -6.4790452e+01  -6.4362654e+01
  -3.4265369e+00  -6.3139496e+01  -6.4196835e+01
  -3.3952859e+00  -6.1201553e+01  -6.4154688e+01
  -3.3640350e+00  -5.5396735e+01  -6.3889231e+01
  -3.3327840e+00  -6.1212298e+01  -6.3867182e+01
  -3.3015330e+00  -6.2203756e+01  -6.3702749e+01
  -3.2702821e+00  -6.1833438e+01  -6.3502624e+01
  -3.2390311e+00  -6.0452833e+01  -6.3511266e+01
  -3.2077802e+00  -5.9790134e+01  -6.3257674e+01
  -3.1765292e+00  -5.9904772e+01  -6.3285849e+01
  -3.1452783e+00  -5.7892029e+01  -6.2894546e+01
  -3.1140273e+00  -5.6405955e+01  -6.3007089e+01
  -3.0827764e+00  -5.4976640e+01  -6.2703047e+01
  -3.0515254e+00  -5.3623805e+01  -6.2576983e+01
  -3.0202745e+00  -5.2155247e+01  -6.2393821e+01
  -2.9890235e+00  -5.1516005e+01  -6.2200815e+01
  -2.9577726e+00  -5.0366223e+01  -6.2012931e+01
  -2.9265216e+00  -4.8940825e+01  -6.1619905e+01
  -2.8952706e+00  -4.7868682e+01  -6.1668882e+01
  -2.8640197e+00  -4.7604589e+01  -6.1268665e+01
  -2.8327687e+00  -4.6801542e+01  -6.1115983e+01
  -2.8015178e+00  -4.6015657e+01  -6.0703037e+01
  -2.7702668e+00  -4.4671430e+01  -6.0211526e+01
  -2.7390159e+00  -4.3485604e+01  -5.9968480e+01
  -2.7077649e+00  -4.3145361e+01  -5.9701050e+01
  -2.6765140e+00  -4.1589102e+01  -5.9812154e+01
  -2.6452630e+00  -4.0903925e+01  -5.9290027e+01
  -2.6140121e+00  -3.9689817e+01  -5.9584596e+01
  -2.5827611e+00  -3.8696479e+01  -5.8712733e+01
  -2.5515102e+00  -3.8621108e+01  -5.8693780e+01
  -2.5202592e+00  -3.7612735e+01  -5.8287607e+01
  -2.4890083e+00  -3.6607729e+01  -5.8137474e+01
  -2.4577573e+00  -3.6208652e+01  -5.6034158e+01
  -2.4265063e+00  -3.5888180e+01  -5.4136902e+01
  -2.3952554e+00  -3.4194253e+01  -5.3813149e+01
  -2.3640044e+00  -3.3313238e+01  -5.3207669e+01
  -2.3327535e+00  -3.1995992e+01  -5.2993918e+01
  -2.3015025e+00  -3.0942495e+01  -4.9983266e+01
  -2.2702516e+00  -2.9574841e+01  -4.4452669e+01
  -2.2390006e+00  -2.8629496e+01  -3.9801791e+01
  -2.2077497e+00  -2.8129331e+01  -3.6596787e+01
  -2.1764987e+00  -2.6380428e+01  -3.3180265e+01
  -2.1452478e+00  -2.5547075e+01  -3.0388382e+01
  -2.1139968e+00  -2.4579965e+01  -2.8574591e+01
  -2.0827459e+00  -2.3302187e+01  -2.6656608e+01
  -2.0514949e+00  -2.2325842e+01  -2.4433356e+01
  -2.0202439e+00  -2.1395404e+01  -2.1583464e+01
  -1.9889930e+00  -1.9123883e+01  -1.9512195e+01
  -1.9577420e+00  -3.3587651e+00  -1.8919642e+00
  -1.9264911e+00  -3.9464853e+00  -2.6270485e+00
  -1.8952401e+00  -5.5836411e+00  -4.5060928e+00
  -1.8639892e+00  -3.3664692e+00  -2.3901902e+00
  -1.8327382e+00  -1.6431279e+00  -1.1558946e+00
  -1.8014873e+00  -3.2576465e+00  -2.6946717e+00
  -1.7702363e+00  -5.5017327e+00  -5.1322606e+00
  -1.7389854e+00  -3.0286204e+00  -2.5634860e+00
  -1.7077344e+00  -1.1335371e+00  -9.2749863e-01
  -1.6764835e+00  -2.9328715e+00  -2.6266357e+00
  -1.6452325e+00  -5.0737262e+00  -4.9332019e+00
  -1.6139815e+00  -3.2129474e+00  -2.8160681e+00
  -1.5827306e+00  -2.3320880e+00  -2.1457210e+00
  -1.5514796e+00  -3.3171732e+00  -3.1616627e+00
  -1.5202287e+00  -4.7434123e+00  -4.7106422e+00
  -1.4889777e+00  -2.4775969e+00  -2.2096824e+00
  -1.4577268e+00  -1.0009031e+00  -8.2674992e-01
  -1.4264758e+00  -3.8137006e+00  -3.5692237e+00
  -1.3952249e+00  -4.4582302e+00  -4.8044513e+00
  -1.3639739e+00  -2.6424061e+00  -2.7170119e+00
  -1.3327230e+00  -1.6062627e+00  -1.1667960e+00
  -1.3014720e+00  -2.5131169e+00  -2.5907766e+00
  -1.2702211e+00  -4.5720001e+00  -4.8048307e+00
  -1.2389701e+00  -2.2967509e+00  -2.0915418e+00
  -1.2077191e+00  -7.0303106e-01  -6.2800807e-01
  -1.1764682e+00  -2.7758627e+00  -2.7839628e+00
  -1.1452172e+00  -4.7756625e+00  -5.1518128e+00
  -1.1139663e+00  -2.3547413e+00  -2.5098432e+00
  -1.0827153e+00  -7.5953779e-01  -7.3499412e-01
  -1.0514644e+00  -2.6010953e+00  -2.6368687e+00
  -1.0202134e+00  -4.5472533e+00  -4.5317855e+00
  -9.8896247e-01  -2.3940604e+00  -2.1528743e+00
  -9.5771152e-01  -7.2054658e-01  -7.9394485e-01
  -9.2646056e-01  -2.7590916e+00  -2.6190331e+00
  -8.9520961e-01  -4.8358846e+00  -4.8524552e+00
  -8.6395866e-01  -3.0060602e+00  -2.9608947e+00
  -8.3270770e-01  -1.1089822e+00  -9.4757874e-01
  -8.0145675e-01  -2.2933681e+00  -2.3916395e+00
  -7.7020580e-01  -5.2664857e+00  -5.5806934e+00
  -7.3895484e-01  -3.1897902e+00  -3.1026574e+00
  -7.0770389e-01  -1.1844317e+00  -1.0368503e+00
  -6.7645294e-01  -2.8709882e+00  -2.6838914e+00
  -6.4520198e-01  -4.5353875e+00  -4.4237528e+00
  -6.1395103e-01  -3.0075860e+00  -3.0997117e+00
  -5.8270007e-01   0.0000000e+00   0.0000000e+00
  -5.5144912e-01  -2.5474227e+00  -2.4578046e+00
  -5.2019817e-01  -4.9067137e+00  -4.8761823e+00
  -4.8894721e-01  -3.1291842e+00  -2.8245884e+00
  -4.5769626e-01  -6.9792974e-01  -7.1119379e-01
  -4.2644531e-01  -2.1405499e+00  -2.2319749e+00
  -3.9519435e-01  -5.1813422e+00  -5.6831578e+00
  -3.6394340e-01  -2.2936038e+00  -2.0954087e+00
  -3.3269244e-01  -1.8541153e+00  -1.3279061e+00
  -3.0144149e-01  -2.6434915e+00  -2.6554655e+00
  -2.7019054e-01  -4.1268596e+00  -4.1894909e+00
  -2.3893958e-01  -1.9161710e+00  -1.7946349e+00
  -2.0768863e-01  -6.2429640e-01  -6.8264875e-01
  -1.7643768e-01  -2.5917396e+00  -2.6657124e+00
  -1.4518672e-01  -4.2257901e+00  -4.5356440e+00
  -1.1393577e-01  -2.8029262e+00  -2.5337366e+00
  -8.2684815e-02  -1.3247023e+00  -1.1513809e+00
  -5.1433861e-02  -1.5750592e+01  -1.8667583e+01
  -2.0182908e-02  -1.5663827e+01  -2.0364349e+01
   1.1068046e-02  -1.5341915e+01  -1.8671074e+01
   4.2319000e-02  -1.2661704e+01  -1.3904225e+01
   7.3569954e-02  -3.0867359e+00  -2.9389685e+00
   1.0482091e-01  -5.2521415e+00  -5.2314558e+00
   1.3607186e-01  -2.3623633e+00  -2.3296252e+00
   1.6732281e-01  -1.7096276e+00  -1.6694399e+00
   1.9857377e-01  -3.3116347e+00  -3.1292940e+00
   2.2982472e-01  -5.3558808e+00  -5.4141864e+00
   2.6107568e-01  -2.8658617e+00  -2.8054241e+00
   2.9232663e-01  -8.8693686e-01  -8.8383047e-01
   3.2357758e-01  -2.2510849e+00  -2.2356714e+00
   3.5482854e-01  -4.0483671e+00  -4.2742973e+00
   3.8607949e-01  -2.7250353e+00  -2.7401758e+00
   4.1733044e-01  -3.3161118e-01  -9.3016241e-02
   4.4858140e-01  -3.1048888e+00  -3.0467476e+00
   4.7983235e-01  -4.9693734e+00  -5.0831412e+00
   5.1108331e-01  -2.9992288e+00  -3.1054822e+00
   5.4233426e-01  -1.5167482e+00  -1.3330677e+00
   5.7358521e-01  -2.8316030e+00  -2.8209051e+00
   6.0483617e-01  -3.8971674e+00  -4.1377484e+00
   6.3608712e-01  -2.7465344e+00  -2.8921302e+00
   6.6733807e-01  -8.4359117e-01  -7.9560984e-01
   6.9858903e-01  -2.6990227e+00  -2.6656652e+00
   7.2983998e-01  -3.8108712e+00  -3.9186206e+00
   7.6109093e-01  -2.3419270e+00  -2.5251752e+00
   7.9234189e-01  -9.5800533e-01  -8.4937524e-01
   8.2359284e-01  -2.4157473e+00  -2.5168287e+00
   8.5484380e-01  -4.5618940e+00  -4.5796579e+00
   8.8609475e-01  -1.6290542e+00  -1.5423873e+00
   9.1734570e-01  -9.2388237e-01  -8.6746416e-01
   9.4859666e-01  -3.1864846e+00  -3.2233628e+00
   9.7984761e-01  -4.9025454e+00  -4.9450907e+00
   1.0110986e+00  -2.2758005e+00  -2.2832715e+00
   1.0423495e+00  -5.8857992e-01  -5.6374620e-01
   1.0736005e+00  -3.4577081e+00  -3.1216257e+00
   1.1048514e+00  -4.2377715e+00  -4.1448362e+00
   1.1361024e+00  -2.9365393e+00  -3.0945565e+00
   1.1673533e+00  -3.2424748e-01  -2.7787725e-01
   1.1986043e+00  -3.3650567e+00  -3.4167484e+00
   1.2298552e+00  -5.2871858e+00  -5.4643417e+00
   1.2611062e+00  -3.2629510e+00  -3.0152201e+00
   1.2923571e+00  -1.4217063e+00  -1.2187898e+00
   1.3236081e+00  -2.7371888e+00  -3.0945375e+00
   1.3548591e+00  -5.1413298e+00  -5.2024723e+00
   1.3861100e+00  -3.1265150e+00  -2.9736951e+00
   1.4173610e+00  -5.8944428e-01  -6.5801218e-01
   1.4486119e+00  -2.4972766e+00  -2.1775282e+00
   1.4798629e+00  -4.2042781e+00  -4.5472206e+00
   1.5111138e+00  -3.2326015e+00  -2.9812477e+00
   1.5423648e+00  -1.7759273e+00  -1.4037487e+00
   1.5736157e+00  -2.8394251e+00  -2.6752342e+00
   1.6048667e+00  -4.7635382e+00  -4.5607427e+00
   1.6361176e+00  -3.4055624e+00  -3.0896327e+00
   1.6673686e+00  -2.1957230e+00  -1.6748104e+00
   1.6986195e+00  -2.9289896e+00  -2.5843972e+00
   1.7298705e+00  -5.4037388e+00  -4.9025539e+00
   1.7611215e+00  -3.2245741e+00  -2.4721396e+00
   1.7923724e+00  -2.2045851e+00  -1.7456753e+00
   1.8236234e+00  -3.5473624e+00  -2.9064570e+00
   1.8548743e+00  -5.6373564e+00  -4.8211974e+00
   1.8861253e+00  -4.0018897e+00  -3.0881909e+00
   1.9173762e+00  -2.3473371e+00  -1.2625244e+00
   1.9486272e+00  -5.0320864e+00  -3.4493860e+00
   1.9798781e+00  -8.8056671e+00  -7.5078838e+00
   2.0111291e+00  -1.6680615e+01  -1.5357314e+01
   2.0423800e+00  -1.8783111e+01  -1.8953962e+01
   2.0736310e+00  -2.1201354e+01  -2.2323627e+01
   2.1048819e+00  -2.2972336e+01  -2.5805757e+01
   2.1361329e+00  -2.4797000e+01  -2.8493817e+01
   2.1673839e+00  -2.6536824e+01  -3.3232225e+01
   2.1986348e+00  -2.8304653e+01  -3.6943679e+01
   2.2298858e+00  -2.9699626e+01  -4.3592809e+01
   2.2611367e+00  -3.0152426e+01  -4.9281709e+01
   2.2923877e+00  -3.1382845e+01  -5.4129850e+01
   2.3236386e+00  -3.2652403e+01  -5.3938461e+01
   2.3548896e+00  -3.3047948e+01  -5.3542826e+01
   2.3861405e+00  -3.3487201e+01  -5.5464438e+01
   2.4173915e+00  -3.4224147e+01  -5.4597707e+01
   2.4486424e+00  -3.5440017e+01  -5.5582453e+01
   2.4798934e+00  -3.5801564e+01  -5.5340349e+01
   2.5111443e+00  -3.6999075e+01  -5.6617785e+01
   2.5423953e+00  -3.8024085e+01  -5.7753920e+01
   2.5736462e+00  -3.8938180e+01  -5.8834823e+01
   2.6048972e+00  -3.9426311e+01  -6.0424585e+01
   2.6361482e+00  -4.0838425e+01  -6.0086901e+01
   2.6673991e+00  -4.1814260e+01  -5.9492851e+01
   2.6986501e+00  -4.2621132e+01  -5.9639896e+01
   2.7299010e+00  -4.3129675e+01  -6.0986450e+01
   2.7611520e+00  -4.3980375e+01  -6.1080542e+01
   2.7924029e+00  -4.5474554e+01  -6.1881813e+01
   2.8236539e+00  -4.5537938e+01  -6.1895254e+01
   2.8549048e+00  -4.7194626e+01  -6.1970060e+01
   2.8861558e+00  -4.7934998e+01  -6.2467840e+01
   2.9174067e+00  -4.8586078e+01  -6.2398359e+01
   2.9486577e+00  -5.0515185e+01  -6.2552628e+01
   2.9799086e+00  -5.1692167e+01  -6.2700223e+01
   3.0111596e+00  -5.2441446e+01  -6.2780481e+01
   3.0424106e+00  -5.4001446e+01  -6.3012064e+01
   3.0736615e+00  -5.5890458e+01  -6.3276464e+01
   3.1049125e+00  -5.6596946e+01  -6.3633422e+01
   3.1361634e+00  -5.7167407e+01  -6.3646772e+01
   3.1674144e+00  -5.8660168e+01  -6.3601529e+01
   3.1986653e+00  -5.8350411e+01  -6.3702388e+01
   3.2299163e+00  -5.9507920e+01  -6.4080713e+01
   3.2611672e+00  -6.0300691e+01  -6.4040284e+01
   3.2924182e+00  -6.1709377e+01  -6.4293002e+01
   3.3236691e+00  -6.1350653e+01  -6.4393404e+01
   3.3549201e+00  -5.8491340e+01  -6.4482715e+01
   3.3861710e+00  -5.8241616e+01  -6.4692927e+01
   3.4174220e+00  -6.0995112e+01  -6.4895809e+01
   3.4486730e+00  -6.4840021e+01  -6.4911602e+01
   3.4799239e+00  -6.5960108e+01  -6.5010604e+01
   3.5111749e+00  -6.6060377e+01  -6.5072013e+01
   3.5424258e+00  -6.6110333e+01  -6.5211688e+01
   3.5736768e+00  -6.6167951e+01  -6.5334288e+01
   3.6049277e+00  -6.6205915e+01  -6.5457650e+01
   3.6361787e+00  -6.6511091e+01  -6.5604719e+01
   3.6674296e+00  -6.6588233e+01  -6.5633434e+01
   3.6986806e+00  -6.6700517e+01  -6.5681744e+01
   3.7299315e+00  -6.6823345e+01  -6.5898200e+01
   3.7611825e+00  -6.6851583e+01  -6.5879247e+01
   3.7924334e+00  -6.6979660e+01  -6.5999306e+01
   3.8236844e+00  -6.7028904e+01  -6.6104784e+01
   3.8549354e+00  -6.7146568e+01  -6.6220737e+01
   3.8861863e+00  -6.7258905e+01  -6.6312521e+01
   3.9174373e+00  -6.7353055e+01  -6.6502663e+01
   3.9486882e+00  -6.7410298e+01  -6.6539825e+01
   3.9799392e+00  -6.7513662e+01  -6.6597853e+01
   4.0111901e+00  -6.7690289e+01  -6.6668386e+01
   4.0424411e+00  -6.7496882e+01  -6.6768713e+01
   4.0736920e+00  -6.7603903e+01  -6.6835917e+01
   4.1049430e+00  -6.7877428e+01  -6.6896754e+01
   4.1361939e+00  -6.7846189e+01  -6.7062086e+01
   4.1674449e+00  -6.7987505e+01  -6.7096355e+01
   4.1986958e+00  -6.8052942e+01  -6.7123621e+01
   4.2299468e+00  -6.8125541e+01  -6.7286571e+01
   4.2611977e+00  -6.8172443e+01  -6.7286680e+01
   4.2924487e+00  -6.8292915e+01  -6.7378797e+01
   4.3236997e+00  -6.8325928e+01  -6.7458409e+01
   4.3549506e+00  -6.8448801e+01  -6.7574276e+01
   4.3862016e+00  -6.8511091e+01  -6.7630860e+01
   4.4174525e+00  -6.8415403e+01  -6.7751134e+01
   4.4487035e+00  -6.8630951e+01  -6.7817012e+01
   4.4799544e+00  -6.8672441e+01  -6.7863670e+01
   4.5112054e+00  -6.8744914e+01  -6.7930104e+01
   4.5424563e+00  -6.8795633e+01  -6.8004985e+01
   4.5737073e+00  -6.8923551e+01  -6.8059855e+01
   4.6049582e+00  -6.8968636e+01  -6.8108454e+01
   4.6362092e+00  -6.9078720e+01  -6.8231550e+01
   4.6674601e+00  -6.9136640e+01  -6.8267984e+01
   4.6987111e+00  -6.9172437e+01  -6.8303492e+01
   4.7299621e+00  -6.9285034e+01  -6.8424240e+01
   4.7612130e+00  -6.9261192e+01  -6.8441126e+01
   4.7924640e+00  -6.9388983e+01  -6.8534547e+01
   4.8237149e+00  -6.9386157e+01  -6.8585364e+01
   4.8549659e+00  -6.9462262e+01  -6.8677464e+01
   4.8862168e+00  -6.9457345e+01  -6.8734100e+01
   4.9174678e+00  -6.9636997e+01  -6.8798441e+01
   4.9487187e+00  -6.9746536e+01  -6.8873167e+01
   4.9799697e+00  -6.9747735e+01  -6.8919825e+01
   5.0112206e+00  -6.9814441e+01  -6.8977284e+01
   5.0424716e+00  -6.9885301e+01  -6.9037014e+01
   5.0737225e+00  -6.9965604e+01  -6.9094097e+01
   5.1049735e+00  -7.0013478e+01  -6.9144091e+01
   5.1362245e+00  -7.0045099e+01  -6.9216164e+01
   5.1674754e+00  -7.0109831e+01  -6.9258601e+01
   5.1987264e+00  -7.0151384e+01  -6.9308988e+01
   5.2299773e+00  -7.0246105e+01  -6.9391108e+01
   5.2612283e+00  -7.0284734e+01  -6.9421463e+01
   5.2924792e+00  -7.0326496e+01  -6.9514091e+01
   5.3237302e+00  -7.0400139e+01  -6.9547090e+01
   5.3549811e+00  -7.0461980e+01  -6.9611004e+01
   5.3862321e+00  -7.0517767e+01  -6.9671114e+01
   5.4174830e+00  -7.0584924e+01  -6.9710631e+01
   5.4487340e+00  -7.0606665e+01  -6.9777943e+01
   5.4799849e+00  -7.0662313e+01  -6.9824173e+01
   5.5112359e+00  -7.0692761e+01  -6.9874461e+01
   5.5424869e+00  -7.0679943e+01  -6.9926974e+01
   5.5737378e+00  -7.0845566e+01  -6.9984371e+01
   5.6049888e+00  -7.0791074e+01  -7.0034104e+01
   5.6362397e+00  -7.0799980e+01  -7.0075452e+01
   5.6674907e+00  -7.0867818e+01  -7.0122903e+01
   5.6987416e+00  -7.0961301e+01  -7.0179447e+01
   5.7299926e+00  -7.1016272e+01  -7.0233828e+01
   5.7612435e+00  -7.0995264e+01  -7.0272568e+01
   5.7924945e+00  -7.1126041e+01  -7.0353702e+01
   5.8237454e+00  -7.1237592e+01  -7.0381950e+01
   5.8549964e+00  -7.1270175e+01  -7.0427036e+01
   5.8862473e+00  -7.1311754e+01  -7.0482661e+01
   5.9174983e+00  -7.1382300e+01  -7.0519673e+01
   5.9487492e+00  -7.1413860e+01  -7.0573971e+01
   5.9800002e+00  -7.1394627e+01  -7.0616779e+01
   6.0112512e+00  -7.1395441e+01  -7.0662815e+01
   6.0425021e+00  -7.1374642e+01  -7.0711816e+01
   6.0737531e+00  -7.1623205e+01  -7.0763780e+01
   6.1050040e+00  -7.1573114e+01  -7.0808669e+01
   6.1362550e+00  -7.1627347e+01  -7.0842269e+01
   6.1675059e+00  -7.1745496e+01  -7.0889643e+01
   6.1987569e+00  -7.1710233e+01  -7.0941852e+01
   6.2300078e+00  -7.1817893e+01  -7.0982189e+01
   6.2612588e+00  -7.1887170e+01  -7.1023680e+01
   6.2925097e+00  -7.1907369e+01  -7.1087394e+01
   6.3237607e+00  -7.1945462e+01  -7.1118338e+01
   6.3550116e+00  -7.1999878e+01  -7.1155942e+01
   6.3862626e+00  -7.2038362e+01  -7.1202246e+01
   6.4175136e+00  -7.2032617e+01  -7.1243297e+01
   6.4487645e+00  -7.2087205e+01  -7.1286756e+01
   6.4800155e+00  -7.2095089e+01  -7.1325274e+01
   6.5112664e+00  -7.2215628e+01  -7.1368146e+01
   6.5425174e+00  -7.2221325e+01  -7.1413645e+01
   6.5737683e+00  -7.2269240e+01  -7.1457774e+01
   6.6050193e+00  -7.2312993e+01  -7.1496401e+01
   6.6362702e+00  -7.2364300e+01  -7.1532985e+01
   6.6675212e+00  -7.2384519e+01  -7.1575802e+01
   6.6987721e+00  -7.2453696e+01  -7.1619450e+01
   6.7300231e+00  -7.2499798e+01  -7.1655249e+01
   6.7612740e+00  -7.2509317e+01  -7.1695137e+01
   6.7925250e+00  -7.2558105e+01  -7.1743254e+01
   6.8237760e+00  -7.2579802e+01  -7.1777547e+01
   6.8550269e+00  -7.2585659e+01  -7.1813705e+01
   6.8862779e+00  -7.2604993e+01  -7.1852019e+01
   6.9175288e+00  -7.2633000e+01  -7.1893855e+01
   6.9487798e+00  -7.2652458e+01  -7.1930892e+01
   6.9800307e+00  -7.2757795e+01  -7.1966171e+01
   7.0112817e+00  -7.2910043e+01  -7.2005485e+01
   7.0425326e+00  -7.2783175e+01  -7.2046327e+01
   7.0737836e+00  -7.2934417e+01  -7.2084018e+01
   7.1050345e+00  -7.2945047e+01  -7.2118093e+01
   7.1362855e+00  -7.3006249e+01  -7.2156757e+01
   7.1675364e+00  -7.3033550e+01  -7.2193936e+01
   7.1987874e+00  -7.3049909e+01  -7.2230583e+01
   7.2300384e+00  -7.3159333e+01  -7.2265128e+01
   7.2612893e+00  -7.3116153e+01  -7.2301401e+01
   7.2925403e+00  -7.3143361e+01  -7.2339570e+01
   7.3237912e+00  -7.3212281e+01  -7.2374436e+01
   7.3550422e+00  -7.3243539e+01  -7.2409774e+01
   7.3862931e+00  -7.3278379e+01  -7.2443644e+01
   7.4175441e+00  -7.3327362e+01  -7.2481937e+01
   7.4487950e+00  -7.3351059e+01  -7.2515612e+01
   7.4800460e+00  -7.3388122e+01  -7.2548714e+01
   7.5112969e+00  -7.3424177e+01  -7.2584124e+01
   7.5425479e+00  -7.3456713e+01  -7.2620021e+01
   7.5737988e+00  -7.3489851e+01  -7.2653681e+01
   7.6050498e+00  -7.3524021e+01  -7.2685348e+01
   7.6363007e+00  -7.3557755e+01  -7.2721717e+01
   7.6675517e+00  -7.3592805e+01  -7.2754655e+01
   7.6988027e+00  -7.3625355e+01  -7.2787304e+01
   7.7300536e+00  -7.3658781e+01  -7.2820210e+01
   7.7613046e+00  -7.3687619e+01  -7.2852850e+01
   7.7925555e+00  -7.3723135e+01  -7.2885911e+01
   7.8238065e+00  -7.3759889e+01  -7.2918801e+01
   7.8550574e+00  -7.3787949e+01  -7.2951975e+01
   7.8863084e+00  -7.3819338e+01  -7.2983510e+01
   7.9175593e+00  -7.3855688e+01  -7.3016984e+01
   7.9488103e+00  -7.3886431e+01  -7.3048399e+01
   7.9800612e+00  -7.3917685e+01  -7.3079526e+01
   8.0113122e+00  -7.3948541e+01  -7.3111414e+01
   8.0425631e+00  -7.3979621e+01  -7.3143180e+01
   8.0738141e+00  -7.4012211e+01  -7.3174208e+01
   8.1050651e+00  -7.4042666e+01  -7.3204338e+01
   8.1363160e+00  -7.4072832e+01  -7.3236386e+01
   8.1675670e+00  -7.4106443e+01  -7.3266624e+01
   8.1988179e+00  -7.4129952e+01  -7.3296909e+01
   8.2300689e+00  -7.4166075e+01  -7.3327306e+01
   8.2613198e+00  -7.4194921e+01  -7.3357101e+01
   8.2925708e+00  -7.4225709e+01  -7.3387344e+01
   8.3238217e+00  -7.4257143e+01  -7.3417352e+01
   8.3550727e+00  -7.4287061e+01  -7.3447614e+01
   8.3863236e+00  -7.4313320e+01  -7.3477117e+01
   8.4175746e+00  -7.4344342e+01  -7.3506768e+01
   8.4488255e+00  -7.4373442e+01  -7.3536009e+01
   8.4800765e+00  -7.4401936e+01  -7.3564953e+01
   8.5113275e+00  -7.4432698e+01  -7.3594028e+01
   8.5425784e+00  -7.4461787e+01  -7.3622747e+01
   8.5738294e+00  -7.4488536e+01  -7.3651490e+01
   8.6050803e+00  -7.4516018e+01  -7.3679896e+01
   8.6363313e+00  -7.4544290e+01  -7.3708270e+01
   8.6675822e+00  -7.4554295e+01  -7.3736403e+01
   8.6988332e+00  -7.4512091e+01  -7.3764597e+01
   8.7300841e+00  -7.4669811e+01  -7.3792395e+01
   8.7613351e+00  -7.4581658e+01  -7.3819976e+01
   8.7925860e+00  -7.4721599e+01  -7.3847925e+01
   8.8238370e+00  -7.4688961e+01  -7.3875292e+01
   8.8550879e+00  -7.4749505e+01  -7.3902830e+01
   8.8863389e+00  -7.4764387e+01  -7.3930104e+01
   8.9175899e+00  -7.4766612e+01  -7.3957133e+01
   8.9488408e+00  -7.4824244e+01  -7.3984155e+01
   8.9800918e+00  -7.4837283e+01  -7.4010875e+01
   9.0113427e+00  -7.4938239e+01  -7.4037644e+01
   9.0425937e+00  -7.4978304e+01  -7.4064052e+01
   9.0738446e+00  -7.4835557e+01  -7.4090555e+01
   9.1050956e+00  -7.4917349e+01  -7.4116918e+01
   9.1363465e+00  -7.4934848e+01  -7.4142829e+01
   9.1675975e+00  -7.5057724e+01  -7.4168890e+01
   9.1988484e+00  -7.5013617e+01  -7.4194926e+01
   9.2300994e+00  -7.5027565e+01  -7.4220504e+01
   9.2613503e+00  -7.5075642e+01  -7.4246113e+01
   9.2926013e+00  -7.5117945e+01  -7.4271820e+01
   9.3238522e+00  -7.5132292e+01  -7.4297033e+01
   9.3551032e+00  -7.5130854e+01  -7.4322308e+01
   9.3863542e+00  -7.5183778e+01  -7.4347418e+01
   9.4176051e+00  -7.5194276e+01  -7.4372394e+01
   9.4488561e+00  -7.5230631e+01  -7.4397306e+01
   9.4801070e+00  -7.5237713e+01  -7.4421986e+01
   9.5113580e+00  -7.5182623e+01  -7.4446689e+01
   9.5426089e+00  -7.5327521e+01  -7.4471131e+01
   9.5738599e+00  -7.5334198e+01  -7.4495544e+01
   9.6051108e+00  -7.5338565e+01  -7.4519854e+01
   9.6363618e+00  -7.5344987e+01  -7.4543896e+01
   9.6676127e+00  -7.5451030e+01  -7.4567946e+01
   9.6988637e+00  -7.5433514e+01  -7.4591921e+01
   9.7301146e+00  -7.5456498e+01  -7.4615614e+01
   9.7613656e+00  -7.5477323e+01  -7.4639323e+01
   9.7926166e+00  -7.5505727e+01  -7.4662953e+01
   9.8238675e+00  -7.5509315e+01  -7.4686320e+01
   9.8551185e+00  -7.5481360e+01  -7.4709655e+01
   9.8863694e+00  -7.5630064e+01  -7.4732847e+01
   9.9176204e+00  -7.5539451e+01  -7.4755957e+01
   9.9488713e+00  -7.5532360e+01  -7.4778954e+01
   9.9801223e+00  -7.5646707e+01  -7.4801803e+01
   1.0011373e+01  -7.5671749e+01  -7.4824603e+01
   1.0042624e+01  -7.5679505e+01  -7.4847245e+01
   1.0073875e+01  -7.5687681e+01  -7.4869790e+01
   1.0105126e+01  -7.5750852e+01  -7.4892234e+01
   1.0136377e+01  -7.5751661e+01  -7.4914546e+01
   1.0167628e+01  -7.5780502e+01  -7.4936765e+01
   1.0198879e+01  -7.5798930e+01  -7.4958892e+01
   1.0230130e+01  -7.5807278e+01  -7.4980870e+01
   1.0261381e+01  -7.5853248e+01  -7.5002785e+01
   1.0292632e+01  -7.5835841e+01  -7.5024588e+01
   1.0323883e+01  -7.5959215e+01  -7.5046258e+01
   1.0355134e+01  -7.5870257e+01  -7.5067843e+01
   1.0386385e+01  -7.5910157e+01  -7.5089316e+01
   1.0417636e+01  -7.5946956e+01  -7.5110695e+01
   1.0448887e+01  -7.5935641e+01  -7.5131967e+01
   1.0480138e+01  -7.6024113e+01  -7.5153133e+01
   1.0511388e+01  -7.6007933e+01  -7.5174208e+01
   1.0542639e+01  -7.6067971e+01  -7.5195175e+01
   1.0573890e+01  -7.6049724e+01  -7.5216039e+01
   1.0605141e+01  -7.6075790e+01  -7.5236805e+01
   1.0636392e+01  -7.6099047e+01  -7.5257472e+01
   1.0667643e+01  -7.6127046e+01  -7.5278039e+01
   1.0698894e+01  -7.6148584e+01  -7.5298508e+01
   1.0730145e+01  -7.6144704e+01  -7.5318877e+01
   1.0761396e+01  -7.6204686e+01  -7.5339152e+01
   1.0792647e+01  -7.6129035e+01  -7.5359328e+01
   1.0823898e+01  -7.6178890e+01  -7.5379406e+01
   1.0855149e+01  -7.6279299e+01  -7.5399389e+01
   1.0886400e+01  -7.6286919e+01  -7.5419277e+01
   1.0917651e+01  -7.6298013e+01  -7.5439069e+01
   1.0948902e+01  -7.6316697e+01  -7.5458767e+01
   1.0980153e+01  -7.6301433e+01  -7.5478370e+01
   1.1011404e+01  -7.6333819e+01  -7.5497879e+01
   1.1042655e+01  -7.6362297e+01  -7.5517295e+01
   1.1073906e+01  -7.6372734e+01  -7.5536619e+01
   1.1105157e+01  -7.6377505e+01  -7.5555849e+01
   1.1136408e+01  -7.6433730e+01  -7.5574988e+01
   1.1167659e+01  -7.6471191e+01  -7.5594035e+01
   1.1198909e+01  -7.6478890e+01  -7.5612992e+01
   1.1230160e+01  -7.6454948e+01  -7.5631857e+01
   1.1261411e+01  -7.6453197e+01  -7.5650632e+01
   1.1292662e+01  -7.6426177e+01  -7.5669317e+01
   1.1323913e+01  -7.6554527e+01  -7.5687913e+01
   1.1355164e+01  -7.6566793e+01  -7.5706420e+01
   1.1386415e+01  -7.6565842e+01  -7.5724838e+01
   1.1417666e+01  -7.6608493e+01  -7.5743168e+01
   1.1448917e+01  -7.6612024e+01  -7.5761410e+01
   1.1480168e+01  -7.6622640e+01  -7.5779565e+01
   1.1511419e+01  -7.6640670e+01  -7.5797632e+01
   1.1542670e+01  -7.6655510e+01  -7.5815613e+01
   1.1573921e+01  -7.6667471e+01  -7.5833508e+01
   1.1605172e+01  -7.6695986e+01  -7.5851317e+01
   1.1636423e+01  -7.6746353e+01  -7.5869040e+01
   1.1667674e+01  -7.6692322e+01  -7.5886678e+01
   1.1698925e+01  -7.6733014e+01  -7.5904232e+01
   1.1730176e+01  -7.6762143e+01  -7.5921701e+01
   1.1761427e+01  -7.6775218e+01  -7.5939086e+01
   1.1792678e+01  -7.6734486e+01  -7.5956387e+01
   1.1823929e+01  -7.6775152e+01  -7.5973606e+01
   1.1855179e+01  -7.6841370e+01  -7.5990740e+01
   1.1886430e+01  -7.6872854e+01  -7.6007793e+01
   1.1917681e+01  -7.6876638e+01  -7.6024764e+01
   1.1948932e+01  -7.6877201e+01  -7.6041652e+01
   1.1980183e+01  -7.6887572e+01  -7.6058459e+01
   1.2011434e+01  -7.6903709e+01  -7.6075184e+01
   1.2042685e+01  -7.6968958e+01  -7.6091830e+01
   1.2073936e+01  -7.6952135e+01  -7.6108393e+01
   1.2105187e+01  -7.6940620e+01  -7.6124877e+01
   1.2136438e+01  -7.7010205e+01  -7.6141281e+01
   1.2167689e+01  -7.6983603e+01  -7.6157606e+01
   1.2198940e+01  -7.7030395e+01  -7.6173850e+01
   1.2230191e+01  -7.6967735e+01  -7.6190017e+01
   1.2261442e+01  -7.6992118e+01  -7.6206104e+01
   1.2292693e+01  -7.7062404e+01  -7.6222114e+01
   1.2323944e+01  -7.7065136e+01  -7.6238046e+01
   1.2355195e+01  -7.7101642e+01  -7.6253899e+01
   1.2386446e+01  -7.7111928e+01  -7.6269675e+01
   1.2417697e+01  -7.7132088e+01  -7.6285374e+01
   1.2448948e+01  -7.7112536e+01  -7.6300997e+01
   1.2480199e+01  -7.7127328e+01  -7.6316542e+01
   1.2511450e+01  -7.7186635e+01  -7.6332012e+01
   1.2542700e+01  -7.7170412e+01  -7.6347405e+01
   1.2573951e+01  -7.7149345e+01  -7.6362723e+01
   1.2605202e+01  -7.7224955e+01  -7.6377966e+01
   1.2636453e+01  -7.7211903e+01  -7.6393133e+01
   1.2667704e+01  -7.7266401e+01  -7.6408226e+01
   1.2698955e+01  -7.7273457e+01  -7.6423244e+01
   1.2730206e+01  -7.7287936e+01  -7.6438188e+01
   1.2761457e+01  -7.7301213e+01  -7.6453058e+01
   1.2792708e+01  -7.7317308e+01  -7.6467854e+01
   1.2823959e+01  -7.7331681e+01  -7.6482577e+01
   1.2855210e+01  -7.7346947e+01  -7.6497226e+01
   1.2886461e+01  -7.7360170e+01  -7.6511803e+01
   1.2917712e+01  -7.7376733e+01  -7.6526307e+01
   1.2948963e+01  -7.7390378e+01  -7.6540739e+01
   1.2980214e+01  -7.7404571e+01  -7.6555099e+01
   1.3011465e+01  -7.7424807e+01  -7.6569386e+01
   1.3042716e+01  -7.7431829e+01  -7.6583602e+01
   1.3073967e+01  -7.7448102e+01  -7.6597747e+01
   1.3105218e+01  -7.7460468e+01  -7.6611820e+01
   1.3136469e+01  -7.7476052e+01  -7.6625822e+01
   1.3167720e+01  -7.7489873e+01  -7.6639755e+01
   1.3198971e+01  -7.7503586e+01  -7.6653617e+01
   1.3230221e+01  -7.7518228e+01  -7.6667408e+01
   1.3261472e+01  -7.7532019e+01  -7.6681129e+01
   1.3292723e+01  -7.7546429e+01  -7.6694780e+01
   1.3323974e+01  -7.7560727e+01  -7.6708363e+01
   1.3355225e+01  -7.7570495e+01  -7.6721876e+01
   1.3386476e+01  -7.7585353e+01  -7.6735320e+01
   1.3417727e+01  -7.7603172e+01  -7.6748695e+01
   1.3448978e+01  -7.7612780e+01  -7.6762001e+01
   1.3480229e+01  -7.7627863e+01  -7.6775241e+01
   1.3511480e+01  -7.7643863e+01  -7.6788410e+01
   1.3542731e+01  -7.7653785e+01  -7.6801513e+01
   1.3573982e+01  -7.7665080e+01  -7.6814548e+01
   1.3605233e+01  -7.7677349e+01  -7.6827515e+01
   1.3636484e+01  -7.7692145e+01  -7.6840414e+01
   1.3667735e+01  -7.7705037e+01  -7.6853248e+01
   1.3698986e+01  -7.7718091e+01  -7.6866014e+01
   1.3730237e+01  -7.7731172e+01  -7.6878713e+01
   1.3761488e+01  -7.7743548e+01  -7.6891346e+01
   1.3792739e+01  -7.7760269e+01  -7.6903913e+01
   1.3823990e+01  -7.7776378e+01  -7.6916414e+01
   1.3855241e+01  -7.7778254e+01  -7.6928849e+01
   1.3886491e+01  -7.7787962e+01  -7.6941219e+01
   1.3917742e+01  -7.7812189e+01  -7.6953523e+01
   1.3948993e+01  -7.7821022e+01  -7.6965761e+01
   1.3980244e+01  -7.7832759e+01  -7.6977935e+01
   1.4011495e+01  -7.7849801e+01  -7.6990044e+01
   1.4042746e+01  -7.7799411e+01  -7.7002089e+01
   1.4073997e+01  -7.7872183e+01  -7.7014068e+01
   1.4105248e+01  -7.7879456e+01  -7.7025984e+01
   1.4136499e+01  -7.7892689e+01  -7.7037836e+01
   1.4167750e+01  -7.7837294e+01  -7.7049623e+01
   1.4199001e+01  -7.7922654e+01  -7.7061347e+01
   1.4230252e+01  -7.7880553e+01  -7.7073008e+01
   1.4261503e+01  -7.7896813e+01  -7.7084605e+01
   1.4292754e+01  -7.8082593e+01  -7.7096139e+01
   1.4324005e+01  -7.8005574e+01  -7.7107610e+01
   1.4355256e+01  -7.7949380e+01  -7.7119018e+01
   1.4386507e+01  -7.7929688e+01  -7.7130364e+01
   1.4417758e+01  -7.8059793e+01  -7.7141647e+01
   1.4449009e+01  -7.8045751e+01  -7.7152868e+01
   1.4480260e+01  -7.8036439e+01  -7.7164026e+01
   1.4511511e+01  -7.8037872e+01  -7.7175123e+01
   1.4542762e+01  -7.8046612e+01  -7.7186158e+01
   1.4574012e+01  -7.8053711e+01  -7.7197132e+01
   1.4605263e+01  -7.8049863e+01  -7.7208044e+01
   1.4636514e+01  -7.8125713e+01  -7.7218894e+01
   1.4667765e+01  -7.8086567e+01  -7.7229683e+01
   1.4699016e+01  -7.8096552e+01  -7.7240412e+01
   1.4730267e+01  -7.8126869e+01  -7.7251080e+01
   1.4761518e+01  -7.8121683e+01  -7.7261687e+01
   1.4792769e+01  -7.8074323e+01  -7.7272233e+01
   1.4824020e+01  -7.8071306e+01  -7.7282719e+01
   1.4855271e+01  -7.8143411e+01  -7.7293145e+01
   1.4886522e+01  -7.8134699e+01  -7.7303511e+01
   1.4917773e+01  -7.8175791e+01  -7.7313817e+01
   1.4949024e+01  -7.8186325e+01  -7.7324063e+01
   1.4980275e+01  -7.8189786e+01  -7.7334250e+01
   1.5011526e+01  -7.8190450e+01  -7.7344378e+01
   1.5042777e+01  -7.8215171e+01  -7.7354447e+01
   1.5074028e+01  -7.8170380e+01  -7.7364455e+01
   1.5105279e+01  -7.8246229e+01  -7.7374405e+01
   1.5136530e+01  -7.8230173e+01  -7.7384295e+01
   1.5167781e+01  -7.8227474e+01  -7.7394128e+01
   1.5199032e+01  -7.8234368e+01  -7.7403901e+01
   1.5230282e+01  -7.8184805e+01  -7.7413618e+01
   1.5261533e+01  -7.8283809e+01  -7.7423274e+01
   1.5292784e+01  -7.8260598e+01  -7.7432873e+01
   1.5324035e+01  -7.8295076e+01  -7.7442414e+01
   1.5355286e+01  -7.8291996e+01  -7.7451895e+01
   1.5386537e+01  -7.8319940e+01  -7.7461321e+01
   1.5417788e+01  -7.8327217e+01  -7.7470689e+01
   1.5449039e+01  -7.8326748e+01  -7.7479999e+01
   1.5480290e+01  -7.8326461e+01  -7.7489251e+01
   1.5511541e+01  -7.8350556e+01  -7.7498447e+01
   1.5542792e+01  -7.8264842e+01  -7.7507585e+01
   1.5574043e+01  -7.8285080e+01  -7.7516666e+01
   1.5605294e+01  -7.8349935e+01  -7.7525691e+01
   1.5636545e+01  -7.8369184e+01  -7.7534658e+01
   1.5667796e+01  -7.8348074e+01  -7.7543569e+01
   1.5699047e+01  -7.8435323e+01  -7.7552424e+01
   1.5730298e+01  -7.8484166e+01  -7.7561222e+01
   1.5761549e+01  -7.8476261e+01  -7.7569964e+01
   1.5792800e+01  -7.8429607e+01  -7.7578649e+01
   1.5824051e+01  -7.8451387e+01  -7.7587278e+01
   1.5855302e+01  -7.8453010e+01  -7.7595853e+01
   1.5886553e+01  -7.8451809e+01  -7.7604371e+01
   1.5917803e+01  -7.8430889e+01  -7.7612833e+01
   1.5949054e+01  -7.8482840e+01  -7.7621239e+01
   1.5980305e+01  -7.8487531e+01  -7.7629592e+01
   1.6011556e+01  -7.8490109e+01  -7.7637886e+01
   1.6042807e+01  -7.8518714e+01  -7.7646127e+01
   1.6074058e+01  -7.8533139e+01  -7.7654314e+01
   1.6105309e+01  -7.8495165e+01  -7.7662445e+01
   1.6136560e+01  -7.8518942e+01  -7.7670521e+01
   1.6167811e+01  -7.8487822e+01  -7.7678541e+01
   1.6199062e+01  -7.8541982e+01  -7.7686510e+01
   1.6230313e+01  -7.8567469e+01  -7.7694417e+01
   1.6261564e+01  -7.8558925e+01  -7.7702279e+01
   1.6292815e+01  -7.8572247e+01  -7.7710078e+01
   1.6324066e+01  -7.8574390e+01  -7.7717826e+01
   1.6355317e+01  -7.8581284e+01  -7.7725523e+01
   1.6386568e+01  -7.8608191e+01  -7.7733162e+01
   1.6417819e+01  -7.8546637e+01  -7.7740748e+01
   1.6449070e+01  -7.8585540e+01  -7.7748279e+01
   1.6480321e+01  -7.8674933e+01  -7.7755761e+01
   1.6511572e+01  -7.8548453e+01  -7.7763181e+01
   1.6542823e+01  -7.8703264e+01  -7.7770556e+01
   1.6574074e+01  -7.8626143e+01  -7.7777875e+01
   1.6605324e+01  -7.8618775e+01  -7.7785141e+01
   1.6636575e+01  -7.8654673e+01  -7.7792349e+01
   1.6667826e+01  -7.8657399e+01  -7.7799510e+01
   1.6699077e+01  -7.8682589e+01  -7.7806617e+01
   1.6730328e+01  -7.8675867e+01  -7.7813665e+01
   1.6761579e+01  -7.8686278e+01  -7.7820669e+01
   1.6792830e+01  -7.8701203e+01  -7.7827610e+01
   1.6824081e+01  -7.8673217e+01  -7.7834506e+01
   1.6855332e+01  -7.8650817e+01  -7.7841346e+01
   1.6886583e+01  -7.8663753e+01  -7.7848136e+01
   1.6917834e+01  -7.8838026e+01  -7.7854871e+01
   1.6949085e+01  -7.8720092e+01  -7.7861553e+01
   1.6980336e+01  -7.8701595e+01  -7.7868186e+01
   1.7011587e+01  -7.8681250e+01  -7.7874763e+01
   1.7042838e+01  -7.8777961e+01  -7.7881293e+01
   1.7074089e+01  -7.8782907e+01  -7.7887766e+01
   1.7105340e+01  -7.8737995e+01  -7.7894190e+01
   1.7136591e+01  -7.8747534e+01  -7.7900559e+01
   1.7167842e+01  -7.8770960e+01  -7.7906880e+01
   1.7199093e+01  -7.8767039e+01  -7.7913147e+01
   1.7230344e+01  -7.8786561e+01  -7.7919363e+01
   1.7261594e+01  -7.8810315e+01  -7.7925527e+01
   1.7292845e+01  -7.8831619e+01  -7.7931640e+01
   1.7324096e+01  -7.8745861e+01  -7.7937700e+01
   1.7355347e+01  -7.8836664e+01  -7.7943711e+01
   1.7386598e+01  -7.8806187e+01  -7.7949667e+01
   1.7417849e+01  -7.8848530e+01  -7.7955575e+01
   1.7449100e+01  -7.8851866e+01  -7.7961434e+01
   1.7480351e+01  -7.8850415e+01  -7.7967237e+01
   1.7511602e+01  -7.8850908e+01  -7.7972993e+01
   1.7542853e+01  -7.8844841e+01  -7.7978692e+01
   1.7574104e+01  -7.8832304e+01  -7.7984350e+01
   1.7605355e+01  -7.8852898e+01  -7.7989950e+01
   1.7636606e+01  -7.8841444e+01  -7.7995507e+01
   1.7667857e+01  -7.8850931e+01  -7.8001000e+01
   1.7699108e+01  -7.8843031e+01  -7.8006457e+01
   1.7730359e+01  -7.8872210e+01  -7.8011848e+01
   1.7761610e+01  -7.8877230e+01  -7.8017203e+01
   1.7792861e+01  -7.8879319e+01  -7.8022497e+01
   1.7824112e+01  -7.8933250e+01  -7.8027735e+01
   1.7855363e+01  -7.8846643e+01  -7.8032941e+01
   1.7886614e+01  -7.8833228e+01  -7.8038073e+01
   1.7917865e+01  -7.8855729e+01  -7.8043176e+01
   1.7949115e+01  -7.8937865e+01  -7.8048235e+01
   1.7980366e+01  -7.8929658e+01  -7.8053219e+01
   1.8011617e+01  -7.8927527e+01  -7.8058170e+01
   1.8042868e+01  -7.8928211e+01  -7.8063070e+01
   1.8074119e+01  -7.8933399e+01  -7.8067936e+01
   1.8105370e+01  -7.8938620e+01  -7.8072732e+01
   1.8136621e+01  -7.8942193e+01  -7.8077474e+01
   1.8167872e+01  -7.8946110e+01  -7.8082180e+01
   1.8199123e+01  -7.8955725e+01  -7.8086842e+01
   1.8230374e+01  -7.8956963e+01  -7.8091419e+01
   1.8261625e+01  -7.8958952e+01  -7.8095987e+01
   1.8292876e+01  -7.8965484e+01  -7.8100465e+01
   1.8324127e+01  -7.8973509e+01  -7.8104915e+01
   1.8355378e+01  -7.8974291e+01  -7.8109296e+01
   1.8386629e+01  -7.8978688e+01  -7.8113659e+01
   1.8417880e+01  -7.8986291e+01  -7.8117965e+01
   1.8449131e+01  -7.8988746e+01  -7.8122235e+01
   1.8480382e+01  -7.8992943e+01  -7.8126406e+01
   1.8511633e+01  -7.8996841e+01  -7.8130574e+01
   1.8542884e+01  -7.9000665e+01  -7.8134717e+01
   1.8574135e+01  -7.9007202e+01  -7.8138785e+01
   1.8605385e+01  -7.9010299e+01  -7.8142794e+01
   1.8636636e+01  -7.9013056e+01  -7.8146716e+01
   1.8667887e+01  -7.9021336e+01  -7.8150667e+01
   1.8699138e+01  -7.9019785e+01  -7.8154529e+01
   1.8730389e+01  -7.9026557e+01  -7.8158342e+01
   1.8761640e+01  -7.9028471e+01  -7.8162102e+01
   1.8792891e+01  -7.9033645e+01  -7.8165812e+01
   1.8824142e+01  -7.9039373e+01  -7.8169492e+01
   1.8855393e+01  -7.9040831e+01  -7.8173098e+01
   1.8886644e+01  -7.9043441e+01  -7.8176671e+01
   1.8917895e+01  -7.9047973e+01  -7.8180192e+01
   1.8949146e+01  -7.9050850e+01  -7.8183663e+01
   1.8980397e+01  -7.9053679e+01  -7.8187153e+01
   1.9011648e+01  -7.9058756e+01  -7.8190483e+01
   1.9042899e+01  -7.9061879e+01  -7.8193686e+01
   1.9074150e+01  -7.9066354e+01  -7.8196966e+01
   1.9105401e+01  -7.9070810e+01  -7.8200115e+01
   1.9136652e+01  -7.9070669e+01  -7.8203651e+01
   1.9167903e+01  -7.9074428e+01  -7.8206478e+01
   1.9199154e+01  -7.9068327e+01  -7.8208585e+01
   1.9230405e+01  -7.9080021e+01  -7.8209114e+01
   1.9261656e+01  -7.9091035e+01  -7.8232336e+01
   1.9292906e+01  -7.9089001e+01  -7.8212177e+01
   1.9324157e+01  -7.9093293e+01  -7.8236409e+01
   1.9355408e+01  -7.9093255e+01  -7.8177966e+01
   1.9386659e+01  -7.9106816e+01  -7.8053841e+01
   1.9417910e+01  -7.9058843e+01  -7.8103601e+01
   1.9449161e+01  -7.9084555e+01  -7.8279744e+01
   1.9480412e+01  -7.9071101e+01  -7.8160241e+01
   1.9511663e+01  -7.9125354e+01  -7.8084209e+01
   1.9542914e+01  -7.9107279e+01  -7.8004092e+01
   1.9574165e+01  -7.9081235e+01  -7.8157122e+01
   1.9605416e+01  -7.9118274e+01  -7.8202951e+01
   1.9636667e+01  -7.9111374e+01  -7.8280112e+01
   1.9667918e+01  -7.9102337e+01  -7.7763184e+01
   1.9699169e+01  -7.9080020e+01  -7.8137477e+01
   1.9730420e+01  -7.9111910e+01  -7.8087902e+01
   1.9761671e+01  -7.9114201e+01  -7.8094039e+01
   1.9792922e+01  -7.9127826e+01  -7.8232335e+01
   1.9824173e+01  -7.9136537e+01  -7.8107457e+01
   1.9855424e+01  -7.9126588e+01  -7.8225503e+01
   1.9886675e+01  -7.9114687e+01  -7.8093647e+01
   1.9917926e+01  -7.9123756e+01  -7.8052337e+01
   1.9949177e+01  -7.9112146e+01  -7.8138076e+01
   1.9980427e+01  -7.9132284e+01  -7.8218264e+01
   2.0011678e+01  -7.9025084e+01  -7.8136231e+01
   2.0042929e+01  -7.9095354e+01  -7.8280391e+01
   2.0074180e+01  -7.9172822e+01  -7.8331724e+01
   2.0105431e+01  -7.9130562e+01  -7.8344492e+01
   2.0136682e+01  -7.9174475e+01  -7.8175542e+01
   2.0167933e+01  -7.9146791e+01  -7.8275067e+01
   2.0199184e+01  -7.9150548e+01  -7.8227269e+01
   2.0230435e+01  -7.9158717e+01  -7.8245667e+01
   2.0261686e+01  -7.9142176e+01  -7.8308244e+01
   2.0292937e+01  -7.9129533e+01  -7.8308508e+01
   2.0324188e+01  -7.9195841e+01  -7.8297899e+01
   2.0355439e+01  -7.9157423e+01  -7.8291658e+01
   2.0386690e+01  -7.9116760e+01  -7.8251399e+01
   2.0417941e+01  -7.9042447e+01  -7.8313928e+01
   2.0449192e+01  -7.9086117e+01  -7.8280933e+01
   2.0480443e+01  -7.9192393e+01  -7.8294340e+01
   2.0511694e+01  -7.9137223e+01  -7.8297018e+01
   2.0542945e+01  -7.9088142e+01  -7.8292263e+01
   2.0574196e+01  -7.9145908e+01  -7.8308627e+01
   2.0605447e+01  -7.9183546e+01  -7.8325438e+01
   2.0636697e+01  -7.9173476e+01  -7.8309282e+01
   2.0667948e+01  -7.9172163e+01  -7.8276718e+01
   2.0699199e+01  -7.9177304e+01  -7.8289334e+01
   2.0730450e+01  -7.9172856e+01  -7.8294802e+01
   2.0761701e+01  -7.9175834e+01  -7.8353842e+01
   2.0792952e+01  -7.9106027e+01  -7.8237811e+01
   2.0824203e+01  -7.9191040e+01  -7.8246822e+01
   2.0855454e+01  -7.9207485e+01  -7.8401115e+01
   2.0886705e+01  -7.9201608e+01  -7.8216466e+01
   2.0917956e+01  -7.9090497e+01  -7.8175345e+01
   2.0949207e+01  -7.9131749e+01  -7.8216215e+01
   2.0980458e+01  -7.9125659e+01  -7.8226090e+01
   2.1011709e+01  -7.9224902e+01  -7.8231044e+01
   2.1042960e+01  -7.9180156e+01  -7.8198657e+01
   2.1074211e+01  -7.9197457e+01  -7.8347641e+01
   2.1105462e+01  -7.9185011e+01  -7.8206295e+01
   2.1136713e+01  -7.9183171e+01  -7.8196974e+01
   2.1167964e+01  -7.9168035e+01  -7.8083568e+01
   2.1199215e+01  -7.9191872e+01  -7.8036468e+01
   2.1230466e+01  -7.9128955e+01  -7.8238317e+01
   2.1261717e+01  -7.9128030e+01  -7.8168684e+01
   2.1292968e+01  -7.9199932e+01  -7.8263512e+01
   2.1324218e+01  -7.9171437e+01  -7.8310055e+01
