  -5.0000000e+00   7.1990000e+00   1.4818000e+01   4.0130000e+00   7.6670000e+00   4.8870000e+00   1.1701000e+01   1.3288000e+01   8.5350000e+00
  -4.0000000e+00   2.9720000e+00   7.4010000e+00   1.5510000e+00   3.4100000e+00   1.7800000e+00   5.0270000e+00   5.9020000e+00   3.1880000e+00
  -3.0000000e+00   1.0860000e+00   3.5300000e+00   6.1600000e-01   1.4630000e+00   6.4700000e-01   1.9740000e+00   2.2960000e+00   1.0090000e+00
  -2.0000000e+00   3.2600000e-01   1.7380000e+00   2.1900000e-01   6.7600000e-01   2.2200000e-01   8.7700000e-01   7.3700000e-01   3.2800000e-01
  -1.0000000e+00   1.3300000e-01   7.8000000e-01   1.0600000e-01   2.8200000e-01   1.0200000e-01   3.5800000e-01   2.6300000e-01   1.0900000e-01
   0.0000000e+00   3.9000000e-02   4.0400000e-01   3.9000000e-02   1.0100000e-01   3.9000000e-02   1.4000000e-01   6.5000000e-02   3.7000000e-02
   1.0000000e+00   1.5000000e-02   2.2000000e-01   1.5000000e-02   5.8000000e-02   1.5000000e-02   9.2000000e-02   1.9000000e-02   1.7000000e-02
   2.0000000e+00   6.0000000e-03   1.8200000e-01   6.0000000e-03   2.4000000e-02   6.0000000e-03   4.0000000e-02   6.0000000e-03   5.0000000e-03
   3.0000000e+00   1.0000000e-03   1.1600000e-01   1.0000000e-03   2.6000000e-02   1.0000000e-03   2.2000000e-02   1.0000000e-03   1.0000000e-03
   4.0000000e+00   0.0000000e+00   8.2000000e-02   0.0000000e+00   1.7000000e-02   0.0000000e+00   1.5000000e-02   0.0000000e+00   0.0000000e+00
   5.0000000e+00   0.0000000e+00   8.2000000e-02   0.0000000e+00   1.8000000e-02   0.0000000e+00   8.0000000e-03   0.0000000e+00   0.0000000e+00
   6.0000000e+00   0.0000000e+00   5.5000000e-02   0.0000000e+00   1.0000000e-02   0.0000000e+00   1.0000000e-03   0.0000000e+00   0.0000000e+00
   7.0000000e+00   0.0000000e+00   4.6000000e-02   0.0000000e+00   9.0000000e-03   0.0000000e+00   0.0000000e+00   0.0000000e+00   0.0000000e+00
   8.0000000e+00   0.0000000e+00   2.3000000e-02   0.0000000e+00   4.0000000e-03   0.0000000e+00   0.0000000e+00   0.0000000e+00   0.0000000e+00
   9.0000000e+00   0.0000000e+00   8.0000000e-03   0.0000000e+00   1.0000000e-03   0.0000000e+00   0.0000000e+00   0.0000000e+00   0.0000000e+00
   1.0000000e+01   0.0000000e+00   5.0000000e-03   0.0000000e+00   1.0000000e-03   0.0000000e+00   0.0000000e+00   0.0000000e+00   0.0000000e+00
