   0.0000000e+00  -4.2684325e+00   3.1707599e-02   0.0000000e+00   1.9286549e-15   0.0000000e+00  -9.6432747e-16  -1.9286549e-15
   7.8201369e-02  -4.2361187e+00   3.1417092e-02  -6.1445539e-04  -1.2330207e-03  -1.6029306e-03  -1.7662823e-03  -7.1557234e-04
   1.5640274e-01  -4.1402439e+00   3.0530411e-02  -2.4701985e-03  -4.9388968e-03  -6.4152161e-03  -7.0666885e-03  -2.8735251e-03
   2.3460411e-01  -3.9839140e+00   2.9002213e-02  -5.6042595e-03  -1.1138034e-02  -1.4447325e-02  -1.5905894e-02  -6.5074801e-03
   3.1280547e-01  -3.7720109e+00   2.6757383e-02  -1.0078023e-02  -1.9864327e-02  -2.5716665e-02  -2.8291679e-02  -1.1673189e-02
   3.9100684e-01  -3.5108039e+00   2.3691693e-02  -1.5976733e-02  -3.1164985e-02  -4.0247521e-02  -4.4234913e-02  -1.8448115e-02
   4.6920821e-01  -3.2074979e+00   1.9672726e-02  -2.3408823e-02  -4.5100293e-02  -5.8070968e-02  -6.3749534e-02  -2.6930852e-02
   5.4740958e-01  -2.8697802e+00   1.4541013e-02  -3.2505060e-02  -6.1743314e-02  -7.9224772e-02  -8.6852516e-02  -3.7240403e-02
   6.2561095e-01  -2.5054140e+00   8.1113769e-03  -4.3417553e-02  -8.1179526e-02  -1.0375325e-01  -1.1356384e-01  -4.9515323e-02
   7.0381232e-01  -2.1219116e+00   1.7446116e-04  -5.6318608e-02  -1.0350642e-01  -1.3170714e-01  -1.4390643e-01  -6.3912739e-02
   7.8201369e-01  -1.7262979e+00  -9.5016074e-03  -7.1399481e-02  -1.2883303e-01  -1.6314340e-01  -1.7790616e-01  -8.0607275e-02
   8.6021505e-01  -1.3249606e+00  -2.1169433e-02  -8.8869027e-02  -1.5727944e-01  -1.9812507e-01  -2.1559175e-01  -9.9789892e-02
   9.3841642e-01  -9.2357633e-01  -3.5100485e-02  -1.0895229e-01  -1.8897625e-01  -2.3672102e-01  -2.5699471e-01  -1.2166666e-01
   1.0166178e+00  -5.2709438e-01  -5.1583185e-02  -1.3188901e-01  -2.2406403e-01  -2.7900579e-01  -3.0214932e-01  -1.4645747e-01
   1.0948192e+00  -1.3976218e-01  -7.0920971e-02  -1.5793217e-01  -2.6269272e-01  -3.2505931e-01  -3.5109255e-01  -1.7439477e-01
   1.1730205e+00   2.3482323e-01  -9.3430371e-02  -1.8734647e-01  -3.0502104e-01  -3.7496673e-01  -4.0386395e-01  -2.0572222e-01
   1.2512219e+00   5.9364902e-01  -1.1943913e-01  -2.2040685e-01  -3.5121590e-01  -4.2881810e-01  -4.6050565e-01  -2.4069341e-01
   1.3294233e+00   9.3421475e-01  -1.4928437e-01  -2.5739704e-01  -4.0145178e-01  -4.8670819e-01  -5.2106221e-01  -2.7957056e-01
   1.4076246e+00   1.2544607e+00  -1.8331087e-01  -2.9860817e-01  -4.5591019e-01  -5.4873622e-01  -5.8558061e-01  -3.2262330e-01
   1.4858260e+00   1.5526999e+00  -2.2186943e-01  -3.4433740e-01  -5.1477902e-01  -6.1500559e-01  -6.5411013e-01  -3.7012750e-01
   1.5640274e+00   1.8275565e+00  -2.6531535e-01  -3.9488673e-01  -5.7825204e-01  -6.8562365e-01  -7.2670228e-01  -4.2236408e-01
   1.6422287e+00   2.0779104e+00  -3.1400703e-01  -4.5056177e-01  -6.4652834e-01  -7.6070144e-01  -8.0341070e-01  -4.7961803e-01
   1.7204301e+00   2.3028493e+00  -3.6830476e-01  -5.1167068e-01  -7.1981182e-01  -8.4035346e-01  -8.8429114e-01  -5.4217737e-01
   1.7986315e+00   2.5016268e+00  -4.2856958e-01  -5.7852321e-01  -7.9831074e-01  -9.2469742e-01  -9.6940129e-01  -6.1033231e-01
   1.8768328e+00   2.6736269e+00  -4.9516232e-01  -6.5142984e-01  -8.8223726e-01  -1.0138540e+00  -1.0588008e+00  -6.8437440e-01
   1.9550342e+00   2.8183337e+00  -5.6844283e-01  -7.3070099e-01  -9.7180704e-01  -1.1079467e+00  -1.1525510e+00  -7.6459585e-01
   2.0332356e+00   2.9353055e+00  -6.4876924e-01  -8.1664636e-01  -1.0672389e+00  -1.2071015e+00  -1.2507152e+00  -8.5128891e-01
   2.1114370e+00   3.0241530e+00  -7.3649751e-01  -9.0957443e-01  -1.1687546e+00  -1.3114468e+00  -1.3533581e+00  -9.4474532e-01
   2.1896383e+00   3.0845204e+00  -8.3198101e-01  -1.0097920e+00  -1.2765784e+00  -1.4211130e+00  -1.4605463e+00  -1.0452559e+00
   2.2678397e+00   3.1160696e+00  -9.3557023e-01  -1.1176038e+00  -1.3909369e+00  -1.5362328e+00  -1.5723475e+00  -1.1531102e+00
   2.3460411e+00   3.1184660e+00  -1.0476127e+00  -1.2333122e+00  -1.5120591e+00  -1.6569405e+00  -1.6888313e+00  -1.2685962e+00
   2.4242424e+00   3.0913662e+00  -1.1684530e+00  -1.3572174e+00  -1.6401758e+00  -1.7833722e+00  -1.8100684e+00  -1.3920002e+00
   2.5024438e+00   3.0344070e+00  -1.2984327e+00  -1.4896168e+00  -1.7755201e+00  -1.9156654e+00  -1.9361308e+00  -1.5236067e+00
   2.5806452e+00   2.9471949e+00  -1.4378909e+00  -1.6308056e+00  -1.9183270e+00  -2.0539592e+00  -2.0670918e+00  -1.6636984e+00
   2.6588465e+00   2.8292966e+00  -1.5871640e+00  -1.7810765e+00  -2.0688336e+00  -2.1983941e+00  -2.2030259e+00  -1.8125560e+00
   2.7370479e+00   2.6802296e+00  -1.7465868e+00  -1.9407199e+00  -2.2272791e+00  -2.3491118e+00  -2.3440087e+00  -1.9704589e+00
   2.8152493e+00   2.4994522e+00  -1.9164923e+00  -2.1100246e+00  -2.3939049e+00  -2.5062551e+00  -2.4901170e+00  -2.1376847e+00
   2.8934506e+00   2.2863535e+00  -2.0972127e+00  -2.2892773e+00  -2.5689550e+00  -2.6699680e+00  -2.6414284e+00  -2.3145100e+00
   2.9716520e+00   2.0402433e+00  -2.2890800e+00  -2.4787640e+00  -2.7526760e+00  -2.8403959e+00  -2.7980217e+00  -2.5012104e+00
   3.0498534e+00   1.7603395e+00  -2.4924265e+00  -2.6787695e+00  -2.9453177e+00  -3.0176849e+00  -2.9599766e+00  -2.6980608e+00
   3.1280547e+00   1.4457553e+00  -2.7075859e+00  -2.8895783e+00  -3.1471330e+00  -3.2019825e+00  -3.1273737e+00  -2.9053362e+00
   3.2062561e+00   1.0954837e+00  -2.9348939e+00  -3.1114754e+00  -3.3583786e+00  -3.3934371e+00  -3.3002944e+00  -3.1233118e+00
   3.2844575e+00   7.0837989e-01  -3.1746894e+00  -3.3447463e+00  -3.5793156e+00  -3.5921984e+00  -3.4788211e+00  -3.3522634e+00
   3.3626588e+00   2.8314041e-01  -3.4273155e+00  -3.5896783e+00  -3.8102096e+00  -3.7984174e+00  -3.6630371e+00  -3.5924685e+00
   3.4408602e+00  -1.8172227e-01  -3.6931203e+00  -3.8465607e+00  -4.0513317e+00  -4.0122462e+00  -3.8530264e+00  -3.8442064e+00
   3.5190616e+00  -6.8791003e-01  -3.9724585e+00  -4.1156860e+00  -4.3029589e+00  -4.2338382e+00  -4.0488738e+00  -4.1077591e+00
   3.5972630e+00  -1.2373765e+00  -4.2656926e+00  -4.3973502e+00  -4.5653747e+00  -4.4633484e+00  -4.2506650e+00  -4.3834117e+00
   3.6754643e+00  -1.8323732e+00  -4.5731940e+00  -4.6918542e+00  -4.8388705e+00  -4.7009333e+00  -4.4584867e+00  -4.6714537e+00
   3.7536657e+00  -2.4755079e+00  -4.8953449e+00  -4.9995046e+00  -5.1237456e+00  -4.9467510e+00  -4.6724260e+00  -4.9721792e+00
   3.8318671e+00  -3.1698182e+00  -5.2325396e+00  -5.3206145e+00  -5.4203090e+00  -5.2009615e+00  -4.8925712e+00  -5.2858881e+00
   3.9100684e+00  -3.9188668e+00  -5.5851867e+00  -5.6555048e+00  -5.7288798e+00  -5.4637268e+00  -5.1190114e+00  -5.6128870e+00
   3.9882698e+00  -4.7268660e+00  -5.9537104e+00  -6.0045055e+00  -6.0497890e+00  -5.7352109e+00  -5.3518364e+00  -5.9534900e+00
   4.0664712e+00  -5.5988429e+00  -6.3385531e+00  -6.3679567e+00  -6.3833802e+00  -6.0155803e+00  -5.5911371e+00  -6.3080200e+00
   4.1446725e+00  -6.5408636e+00  -6.7401776e+00  -6.7462101e+00  -6.7300113e+00  -6.3050038e+00  -5.8370051e+00  -6.6768094e+00
   4.2228739e+00  -7.5603435e+00  -7.1590694e+00  -7.1396308e+00  -7.0900564e+00  -6.6036532e+00  -6.0895333e+00  -7.0602018e+00
   4.3010753e+00  -8.6664861e+00  -7.5957399e+00  -7.5485983e+00  -7.4639071e+00  -6.9117031e+00  -6.3488152e+00  -7.4585531e+00
   4.3792766e+00  -9.8709237e+00  -8.0507293e+00  -7.9735091e+00  -7.8519747e+00  -7.2293314e+00  -6.6149457e+00  -7.8722327e+00
   4.4574780e+00  -1.1188680e+01  -8.5246100e+00  -8.4147779e+00  -8.2546922e+00  -7.5567194e+00  -6.8880205e+00  -8.3016254e+00
   4.5356794e+00  -1.2639678e+01  -9.0179908e+00  -8.8728406e+00  -8.6725173e+00  -7.8940525e+00  -7.1681367e+00  -8.7471327e+00
   4.6138807e+00  -1.4251207e+01  -9.5315211e+00  -9.3481562e+00  -9.1059345e+00  -8.2415198e+00  -7.4553925e+00  -9.2091749e+00
   4.6920821e+00  -1.6062207e+01  -1.0065896e+01  -9.8412096e+00  -9.5554589e+00  -8.5993151e+00  -7.7498874e+00  -9.6881929e+00
   4.7702835e+00  -1.8131255e+01  -1.0621862e+01  -1.0352515e+01  -1.0021639e+01  -8.9676368e+00  -8.0517221e+00  -1.0184650e+01
   4.8484848e+00  -2.0552938e+01  -1.1200224e+01  -1.0882619e+01  -1.0505062e+01  -9.3466887e+00  -8.3609990e+00  -1.0699036e+01
   4.9266862e+00  -2.3496137e+01  -1.1801852e+01  -1.1432104e+01  -1.1006356e+01  -9.7366797e+00  -8.6778218e+00  -1.1231868e+01
   5.0048876e+00  -2.7312817e+01  -1.2427690e+01  -1.2001594e+01  -1.1526200e+01  -1.0137825e+01  -9.0022958e+00  -1.1783693e+01
   5.0830890e+00  -3.2970986e+01  -1.3078768e+01  -1.2591760e+01  -1.2065323e+01  -1.0550347e+01  -9.3345281e+00  -1.2355093e+01
   5.1612903e+00  -4.6173415e+01  -1.3756212e+01  -1.3203323e+01  -1.2624518e+01  -1.0974473e+01  -9.6746274e+00  -1.2946689e+01
   5.2394917e+00  -4.0299926e+01  -1.4461258e+01  -1.3837064e+01  -1.3204648e+01  -1.1410439e+01  -1.0022704e+01  -1.3559141e+01
   5.3176931e+00  -3.3397874e+01  -1.5195271e+01  -1.4493829e+01  -1.3806652e+01  -1.1858490e+01  -1.0378872e+01  -1.4193161e+01
   5.3958944e+00  -3.0339620e+01  -1.5959763e+01  -1.5174541e+01  -1.4431564e+01  -1.2318877e+01  -1.0743244e+01  -1.4849507e+01
   5.4740958e+00  -2.8657707e+01  -1.6756420e+01  -1.5880210e+01  -1.5080519e+01  -1.2791863e+01  -1.1115939e+01  -1.5529001e+01
   5.5522972e+00  -2.7730431e+01  -1.7587129e+01  -1.6611946e+01  -1.5754774e+01  -1.3277718e+01  -1.1497075e+01  -1.6232527e+01
   5.6304985e+00  -2.7312817e+01  -1.8454018e+01  -1.7370972e+01  -1.6455728e+01  -1.3776726e+01  -1.1886774e+01  -1.6961043e+01
   5.7086999e+00  -2.7292129e+01  -1.9359501e+01  -1.8158646e+01  -1.7184943e+01  -1.4289179e+01  -1.2285162e+01  -1.7715592e+01
   5.7869013e+00  -2.7618515e+01  -2.0306331e+01  -1.8976483e+01  -1.7944176e+01  -1.4815383e+01  -1.2692364e+01  -1.8497308e+01
   5.8651026e+00  -2.8281850e+01  -2.1297682e+01  -1.9826180e+01  -1.8735415e+01  -1.5355658e+01  -1.3108512e+01  -1.9307433e+01
   5.9433040e+00  -2.9307340e+01  -2.2337237e+01  -2.0709655e+01  -1.9560923e+01  -1.5910336e+01  -1.3533738e+01  -2.0147332e+01
   6.0215054e+00  -3.0765617e+01  -2.3429313e+01  -2.1629083e+01  -2.0423299e+01  -1.6479766e+01  -1.3968180e+01  -2.1018508e+01
   6.0997067e+00  -3.2807543e+01  -2.4579027e+01  -2.2586956e+01  -2.1325546e+01  -1.7064312e+01  -1.4411978e+01  -2.1922626e+01
   6.1779081e+00  -3.5770954e+01  -2.5792523e+01  -2.3586148e+01  -2.2271174e+01  -1.7664357e+01  -1.4865274e+01  -2.2861538e+01
   6.2561095e+00  -4.0612440e+01  -2.7077273e+01  -2.4630003e+01  -2.3264320e+01  -1.8280301e+01  -1.5328218e+01  -2.3837315e+01
   6.3343109e+00  -5.3028139e+01  -2.8442526e+01  -2.5722454e+01  -2.4309917e+01  -1.8912567e+01  -1.5800962e+01  -2.4852284e+01
   6.4125122e+00  -4.6372268e+01  -2.9899943e+01  -2.6868178e+01  -2.5413927e+01  -1.9561598e+01  -1.6283660e+01  -2.5909078e+01
   6.4907136e+00  -3.8706182e+01  -3.1464568e+01  -2.8072804e+01  -2.6583660e+01  -2.0227862e+01  -1.6776475e+01  -2.7010690e+01
   6.5689150e+00  -3.4882309e+01  -3.3156337e+01  -2.9343208e+01  -2.7828229e+01  -2.0911853e+01  -1.7279572e+01  -2.8160558e+01
   6.6471163e+00  -3.2424655e+01  -3.5002568e+01  -3.0687927e+01  -2.9159222e+01  -2.1614092e+01  -1.7793123e+01  -2.9362649e+01
   6.7253177e+00  -3.0700796e+01  -3.7042276e+01  -3.2117765e+01  -3.0591726e+01  -2.2335130e+01  -1.8317303e+01  -3.0621596e+01
   6.8035191e+00  -2.9452628e+01  -3.9334244e+01  -3.3646705e+01  -3.2145929e+01  -2.3075552e+01  -1.8852296e+01  -3.1942855e+01
   6.8817204e+00  -2.8550518e+01  -4.1973606e+01  -3.5293333e+01  -3.3849797e+01  -2.3835979e+01  -1.9398289e+01  -3.3332930e+01
   6.9599218e+00  -2.7921649e+01  -4.5130736e+01  -3.7083172e+01  -3.5743748e+01  -2.4617069e+01  -1.9955478e+01  -3.4799681e+01
   7.0381232e+00  -2.7522836e+01  -4.9162265e+01  -3.9052709e+01  -3.7889532e+01  -2.5419524e+01  -2.0524064e+01  -3.6352750e+01
   7.1163245e+00  -2.7328516e+01  -5.5056603e+01  -4.1256875e+01  -4.0388769e+01  -2.6244090e+01  -2.1104258e+01  -3.8004184e+01
   7.1945259e+00  -2.7325033e+01  -6.8811524e+01  -4.3784243e+01  -4.3427489e+01  -2.7091566e+01  -2.1696276e+01  -3.9769356e+01
   7.2727273e+00  -2.7508019e+01  -6.2394686e+01  -4.6792101e+01  -4.7408104e+01  -2.7962804e+01  -2.2300343e+01  -4.1668403e+01
   7.3509286e+00  -2.7881662e+01  -5.5774218e+01  -5.0603988e+01  -5.3518921e+01  -2.8858716e+01  -2.2916695e+01  -4.3728539e+01
   7.4291300e+00  -2.8459567e+01  -5.2887954e+01  -5.6082073e+01  -7.1698710e+01  -2.9780282e+01  -2.3545574e+01  -4.5988032e+01
   7.5073314e+00  -2.9267571e+01  -5.1343338e+01  -6.7673005e+01  -5.7685178e+01  -3.0728552e+01  -2.4187234e+01  -4.8503496e+01
   7.5855327e+00  -3.0349841e+01  -5.0526602e+01  -6.5331722e+01  -5.1673484e+01  -3.1704657e+01  -2.4841939e+01  -5.1364573e+01
   7.6637341e+00  -3.1781768e+01  -5.0191259e+01  -5.7625357e+01  -4.8709994e+01  -3.2709816e+01  -2.5509964e+01  -5.4727400e+01
   7.7419355e+00  -3.3699525e+01  -5.0218844e+01  -5.4308787e+01  -4.6922048e+01  -3.3745344e+01  -2.6191598e+01  -5.8906263e+01
   7.8201369e+00  -3.6379559e+01  -5.0549521e+01  -5.2420097e+01  -4.5774815e+01  -3.4812662e+01  -2.6887141e+01  -6.4714657e+01
   7.8983382e+00  -4.0521231e+01  -5.1156824e+01  -5.1260719e+01  -4.5040534e+01  -3.5913309e+01  -2.7596906e+01  -7.6044618e+01
   7.9765396e+00  -4.9101533e+01  -5.2038362e+01  -5.0552946e+01  -4.4601868e+01  -3.7048954e+01  -2.8321222e+01  -7.6295506e+01
   8.0547410e+00  -5.2226935e+01  -5.3214812e+01  -5.0158279e+01  -4.4391361e+01  -3.8221407e+01  -2.9060435e+01  -6.8696222e+01
   8.1329423e+00  -4.1584645e+01  -5.4736445e+01  -4.9997991e+01  -4.4367658e+01  -3.9432638e+01  -2.9814905e+01  -6.6021579e+01
   8.2111437e+00  -3.7052580e+01  -5.6702299e+01  -5.0023397e+01  -4.4504633e+01  -4.0684787e+01  -3.0585012e+01  -6.4967918e+01
   8.2893451e+00  -3.4214065e+01  -5.9311223e+01  -5.0202638e+01  -4.4785942e+01  -4.1980184e+01  -3.1371154e+01  -6.4829792e+01
   8.3675464e+00  -3.2211007e+01  -6.3023292e+01  -5.0514078e+01  -4.5202132e+01  -4.3321365e+01  -3.2173752e+01  -6.5375624e+01
   8.4457478e+00  -3.0722402e+01  -6.9328935e+01  -5.0942722e+01  -4.5749144e+01  -4.4711084e+01  -3.2993249e+01  -6.6558673e+01
   8.5239492e+00  -2.9593569e+01  -1.1067654e+02  -5.1478148e+01  -4.6427690e+01  -4.6152329e+01  -3.3830110e+01  -6.8473916e+01
   8.6021505e+00  -2.8738984e+01  -6.9864694e+01  -5.2113273e+01  -4.7243290e+01  -4.7648331e+01  -3.4684828e+01  -7.1447294e+01
   8.6803519e+00  -2.8107411e+01  -6.4320720e+01  -5.2843612e+01  -4.8206990e+01  -4.9202552e+01  -3.5557925e+01  -7.6522224e+01
   8.7585533e+00  -2.7666881e+01  -6.1312412e+01  -5.3666847e+01  -4.9336999e+01  -5.0818675e+01  -3.6449953e+01  -9.1144768e+01
   8.8367546e+00  -2.7397457e+01  -5.9383459e+01  -5.4582627e+01  -5.0661791e+01  -5.2500541e+01  -3.7361496e+01  -8.0749967e+01
   8.9149560e+00  -2.7287514e+01  -5.8076504e+01  -5.5592549e+01  -5.2226014e+01  -5.4252051e+01  -3.8293177e+01  -7.3771453e+01
   8.9931574e+00  -2.7331857e+01  -5.7189029e+01  -5.6700339e+01  -5.4102321e+01  -5.6076978e+01  -3.9245656e+01  -7.0222575e+01
   9.0713587e+00  -2.7530964e+01  -5.6614908e+01  -5.7912258e+01  -5.6417666e+01  -5.7978641e+01  -4.0219636e+01  -6.7975215e+01
   9.1495601e+00  -2.7891073e+01  -5.6293222e+01  -5.9237823e+01  -5.9421728e+01  -5.9959369e+01  -4.1215870e+01  -6.6448072e+01
   9.2277615e+00  -2.8425170e+01  -5.6187665e+01  -6.0691041e+01  -6.3717871e+01  -6.2019613e+01  -4.2235158e+01  -6.5397261e+01
   9.3059629e+00  -2.9155206e+01  -5.6277147e+01  -6.2292494e+01  -7.1590891e+01  -6.4156539e+01  -4.3278360e+01  -6.4698373e+01
   9.3841642e+00  -3.0116424e+01  -5.6551291e+01  -6.4072995e+01  -8.0589326e+01  -6.6361833e+01  -4.4346396e+01  -6.4281009e+01
   9.4623656e+00  -3.1365878e+01  -5.7008474e+01  -6.6080378e+01  -6.7617535e+01  -6.8618458e+01  -4.5440255e+01  -6.4103540e+01
   9.5405670e+00  -3.3000497e+01  -5.7655576e+01  -6.8393189e+01  -6.3063788e+01  -7.0896210e+01  -4.6561000e+01  -6.4141898e+01
   9.6187683e+00  -3.5200541e+01  -5.8509305e+01  -7.1151741e+01  -6.0421603e+01  -7.3146551e+01  -4.7709780e+01  -6.4384333e+01
   9.6969697e+00  -3.8357888e+01  -5.9599688e+01  -7.4642003e+01  -5.8672173e+01  -7.5298665e+01  -4.8887834e+01  -6.4829242e+01
   9.7751711e+00  -4.3623329e+01  -6.0977434e+01  -7.9598762e+01  -5.7454173e+01  -7.7261149e+01  -5.0096504e+01  -6.5485054e+01
   9.8533724e+00  -6.0046423e+01  -6.2729676e+01  -8.9297573e+01  -5.6597862e+01  -7.8935465e+01  -5.1337247e+01  -6.6372138e+01
   9.9315738e+00  -4.6729221e+01  -6.5017227e+01  -9.1372777e+01  -5.6010549e+01  -8.0243320e+01  -5.2611646e+01  -6.7527656e+01
   1.0009775e+01  -3.9891265e+01  -6.8180525e+01  -8.1922691e+01  -5.5636813e+01  -8.1157793e+01  -5.3921428e+01  -6.9016042e+01
   1.0087977e+01  -3.6211952e+01  -7.3157952e+01  -7.7982308e+01  -5.5441687e+01  -8.1717594e+01  -5.5268480e+01  -7.0952557e+01
   1.0166178e+01  -3.3746710e+01  -8.5323940e+01  -7.5598300e+01  -5.5402590e+01  -8.2013135e+01  -5.6654864e+01  -7.3563778e+01
   1.0244379e+01  -3.1947378e+01  -7.9645565e+01  -7.3954043e+01  -5.5505127e+01  -8.2156015e+01  -5.8082848e+01  -7.7384660e+01
   1.0322581e+01  -3.0581320e+01  -7.1951430e+01  -7.2736393e+01  -5.5740814e+01  -8.2252612e+01  -5.9554923e+01  -8.4293596e+01
   1.0400782e+01  -2.9528657e+01  -6.8203803e+01  -7.1791215e+01  -5.6105883e+01  -8.2391997e+01  -6.1073835e+01  -9.9090959e+01
   1.0478983e+01  -2.8720281e+01  -6.5829745e+01  -7.1031330e+01  -5.6600779e+01  -8.2646178e+01  -6.2642614e+01  -8.1959069e+01
   1.0557185e+01  -2.8113595e+01  -6.4183426e+01  -7.0403100e+01  -5.7230208e+01  -8.3077126e+01  -6.4264609e+01  -7.6838302e+01
   1.0635386e+01  -2.7681465e+01  -6.3002857e+01  -6.9871855e+01  -5.8003743e+01  -8.3747299e+01  -6.5943525e+01  -7.3877362e+01
   1.0713587e+01  -2.7406671e+01  -6.2156567e+01  -6.9414658e+01  -5.8937172e+01  -8.4734369e+01  -6.7683455e+01  -7.1892733e+01
   1.0791789e+01  -2.7278970e+01  -6.1570276e+01  -6.9016350e+01  -6.0055033e+01  -8.6156473e+01  -6.9488914e+01  -7.0484730e+01
   1.0869990e+01  -2.7293567e+01  -6.1199125e+01  -6.8667188e+01  -6.1395297e+01  -8.8229191e+01  -7.1364857e+01  -6.9470104e+01
   1.0948192e+01  -2.7450458e+01  -6.1015329e+01  -6.8361328e+01  -6.3018491e+01  -9.1439225e+01  -7.3316678e+01  -6.8750468e+01
   1.1026393e+01  -2.7754436e+01  -6.1002126e+01  -6.8095796e+01  -6.5027041e+01  -9.7387374e+01  -7.5350156e+01  -6.8267984e+01
   1.1104594e+01  -2.8215774e+01  -6.1150711e+01  -6.7869758e+01  -6.7612370e+01  -1.2183725e+02  -7.7471311e+01  -6.7987011e+01
   1.1182796e+01  -2.8851783e+01  -6.1458801e+01  -6.7683989e+01  -7.1196860e+01  -9.5994637e+01  -7.9686101e+01  -6.7885489e+01
   1.1260997e+01  -2.9689802e+01  -6.1930290e+01  -6.7540494e+01  -7.7066989e+01  -9.0084446e+01  -8.1999820e+01  -6.7950597e+01
   1.1339198e+01  -3.0772864e+01  -6.2575880e+01  -6.7442243e+01  -9.8530895e+01  -8.6585037e+01  -8.4415983e+01  -6.8176583e+01
   1.1417400e+01  -3.2170986e+01  -6.3414912e+01  -6.7393006e+01  -7.9328248e+01  -8.4132025e+01  -8.6934303e+01  -6.8563880e+01
   1.1495601e+01  -3.4006077e+01  -6.4479104e+01  -6.7397279e+01  -7.3219463e+01  -8.2284756e+01  -8.9547150e+01  -6.9119207e+01
   1.1573803e+01  -3.6515936e+01  -6.5819949e+01  -6.7460293e+01  -6.9953710e+01  -8.0844107e+01  -9.2233602e+01  -6.9856685e+01
   1.1652004e+01  -4.0265747e+01  -6.7524167e+01  -6.7588107e+01  -6.7825757e+01  -7.9703048e+01  -9.4950173e+01  -7.0800371e+01
   1.1730205e+01  -4.7302525e+01  -6.9749860e+01  -6.7787806e+01  -6.6329905e+01  -7.8797597e+01  -9.7618492e+01  -7.1989280e+01
   1.1808407e+01  -5.8913217e+01  -7.2828248e+01  -6.8067814e+01  -6.5246962e+01  -7.8086773e+01  -1.0011452e+02  -7.3487463e+01
   1.1886608e+01  -4.3666785e+01  -7.7658832e+01  -6.8438385e+01  -6.4462549e+01  -7.7543142e+01  -1.0227298e+02  -7.5405954e+01
   1.1964809e+01  -3.8511519e+01  -8.9130162e+01  -6.8912347e+01  -6.3910099e+01  -7.7147922e+01  -1.0392665e+02  -7.7957806e+01
   1.2043011e+01  -3.5397023e+01  -8.4732080e+01  -6.9506249e+01  -6.3548187e+01  -7.6888253e+01  -1.0497948e+02  -8.1631845e+01
   1.2121212e+01  -3.3217807e+01  -7.6687632e+01  -7.0242203e+01  -6.3350088e+01  -7.6755636e+01  -1.0546271e+02  -8.8046404e+01
   1.2199413e+01  -3.1591947e+01  -7.2803593e+01  -7.1150980e+01  -6.3298458e+01  -7.6745037e+01  -1.0551735e+02  -1.1180562e+02
   1.2277615e+01  -3.0342249e+01  -7.0328122e+01  -7.2277535e+01  -6.3382479e+01  -7.6854422e+01  -1.0532209e+02  -8.7342707e+01
   1.2355816e+01  -2.9372648e+01  -6.8590450e+01  -7.3691715e+01  -6.3596299e+01  -7.7084616e+01  -1.0503173e+02  -8.1841966e+01
   1.2434018e+01  -2.8625976e+01  -6.7321177e+01  -7.5511384e+01  -6.3938266e+01  -7.7439454e+01  -1.0475523e+02  -7.8720614e+01
   1.2512219e+01  -2.8066285e+01  -6.6385675e+01  -7.7960613e+01  -6.4410714e+01  -7.7926252e+01  -1.0456036e+02  -7.6629993e+01
   1.2590420e+01  -2.7670433e+01  -6.5707889e+01  -8.1556096e+01  -6.5020254e+01  -7.8556735e+01  -1.0448648e+02  -7.5134584e+01
   1.2668622e+01  -2.7423726e+01  -6.5241657e+01  -8.8056122e+01  -6.5778645e+01  -7.9348644e+01  -1.0455606e+02  -7.4038619e+01
   1.2746823e+01  -2.7317582e+01  -6.4957990e+01  -1.0578813e+02  -6.6704509e+01  -8.0328563e+01  -1.0478287e+02  -7.3237980e+01
   1.2825024e+01  -2.7348310e+01  -6.4838802e+01  -8.6035460e+01  -6.7826470e+01  -8.1537030e+01  -1.0517745e+02  -7.2671558e+01
   1.2903226e+01  -2.7516628e+01  -6.4873664e+01  -8.0518307e+01  -6.9189028e+01  -8.3038462e+01  -1.0575084e+02  -7.2301391e+01
   1.2981427e+01  -2.7827763e+01  -6.5058162e+01  -7.7238295e+01  -7.0864249e+01  -8.4942414e+01  -1.0651776e+02  -7.2103370e+01
   1.3059629e+01  -2.8292159e+01  -6.5393245e+01  -7.4942668e+01  -7.2977621e+01  -8.7456242e+01  -1.0750001e+02  -7.2062516e+01
   1.3137830e+01  -2.8927026e+01  -6.5885381e+01  -7.3216434e+01  -7.5775015e+01  -9.1048967e+01  -1.0873136e+02  -7.2170491e+01
   1.3216031e+01  -2.9759235e+01  -6.6547531e+01  -7.1870673e+01  -7.9847092e+01  -9.7232863e+01  -1.1026627e+02  -7.2424358e+01
   1.3294233e+01  -3.0830764e+01  -6.7401306e+01  -7.0803888e+01  -8.7397150e+01  -1.3270937e+02  -1.1219740e+02  -7.2826183e+01
   1.3372434e+01  -3.2209465e+01  -6.8481123e+01  -6.9955767e+01  -9.7141644e+01  -9.7247447e+01  -1.1469712e+02  -7.3383331e+01
   1.3450635e+01  -3.4012584e+01  -6.9842337e+01  -6.9288093e+01  -8.3447220e+01  -9.1516043e+01  -1.1813794e+02  -7.4109571e+01
   1.3528837e+01  -3.6466426e+01  -7.1578316e+01  -6.8775713e+01  -7.8654320e+01  -8.8278451e+01  -1.2359254e+02  -7.5027345e+01
   1.3607038e+01  -4.0099216e+01  -7.3861070e+01  -6.8401829e+01  -7.5813701e+01  -8.6095398e+01  -1.3851947e+02  -7.6172086e+01
   1.3685239e+01  -4.6741382e+01  -7.7058997e+01  -6.8155411e+01  -7.3879329e+01  -8.4512490e+01  -1.2839605e+02  -7.7600646e+01
   1.3763441e+01  -6.2480316e+01  -8.2221398e+01  -6.8029713e+01  -7.2483219e+01  -8.3327300e+01  -1.2162745e+02  -7.9409035e+01
   1.3841642e+01  -4.4306051e+01  -9.6358715e+01  -6.8021467e+01  -7.1453092e+01  -8.2432473e+01  -1.1824865e+02  -8.1774931e+01
   1.3919844e+01  -3.8912015e+01  -8.6864452e+01  -6.8130507e+01  -7.0694976e+01  -8.1764815e+01  -1.1613330e+02  -8.5082328e+01
   1.3998045e+01  -3.5702696e+01  -7.9713483e+01  -6.8359743e+01  -7.0152645e+01  -8.1284644e+01  -1.1470058e+02  -9.0446771e+01
   1.4076246e+01  -3.3468157e+01  -7.6034222e+01  -6.8715483e+01  -6.9790514e+01  -8.0966128e+01  -1.1370526e+02  -1.0613120e+02
   1.4154448e+01  -3.1802742e+01  -7.3633752e+01  -6.9208161e+01  -6.9585439e+01  -8.0792320e+01  -1.1301975e+02  -9.4330120e+01
   1.4232649e+01  -3.0520837e+01  -7.1923200e+01  -6.9853691e+01  -6.9522447e+01  -8.0752460e+01  -1.1256839e+02  -8.7526325e+01
   1.4310850e+01  -2.9522577e+01  -7.0657434e+01  -7.0675836e+01  -6.9592401e+01  -8.0840485e+01  -1.1230198e+02  -8.3979480e+01
   1.4389052e+01  -2.8748762e+01  -6.9711522e+01  -7.1710464e+01  -6.9790748e+01  -8.1054261e+01  -1.1218597e+02  -8.1666749e+01
   1.4467253e+01  -2.8162189e+01  -6.9013968e+01  -7.3013628e+01  -7.0116928e+01  -8.1395333e+01  -1.1219446e+02  -8.0026776e+01
   1.4545455e+01  -2.7738815e+01  -6.8520955e+01  -7.4678323e+01  -7.0574315e+01  -8.1869118e+01  -1.1230680e+02  -7.8822787e+01
   1.4623656e+01  -2.7463197e+01  -6.8204713e+01  -7.6874009e+01  -7.1170629e+01  -8.2485581e+01  -1.1250547e+02  -7.7933146e+01
   1.4701857e+01  -2.7326027e+01  -6.8047724e+01  -7.9960136e+01  -7.1918972e+01  -8.3260611e+01  -1.1277483e+02  -7.7287813e+01
   1.4780059e+01  -2.7322822e+01  -6.8039670e+01  -8.4946189e+01  -7.2839782e+01  -8.4218499e+01  -1.1310018e+02  -7.6843589e+01
   1.4858260e+01  -2.7453342e+01  -6.8175863e+01  -9.8187883e+01  -7.3964396e+01  -8.5396495e+01  -1.1346726e+02  -7.6572858e+01
   1.4936461e+01  -2.7721555e+01  -6.8456581e+01  -8.9979611e+01  -7.5341777e+01  -8.6853556e+01  -1.1386195e+02  -7.6457932e+01
   1.5014663e+01  -2.8136167e+01  -6.8887109e+01  -8.2517306e+01  -7.7052144e+01  -8.8688788e+01  -1.1427021e+02  -7.6488045e+01
   1.5092864e+01  -2.8711835e+01  -6.9478504e+01  -7.8673584e+01  -7.9237927e+01  -9.1085824e+01  -1.1467829e+02  -7.6657759e+01
   1.5171065e+01  -2.9471480e+01  -7.0249317e+01  -7.6132648e+01  -8.2187415e+01  -9.4444392e+01  -1.1507313e+02  -7.6966221e+01
   1.5249267e+01  -3.0450559e+01  -7.1228893e+01  -7.4286369e+01  -8.6636868e+01  -9.9947589e+01  -1.1544302e+02  -7.7417057e+01
   1.5327468e+01  -3.1705275e+01  -7.2463694e+01  -7.2883555e+01  -9.5850133e+01  -1.1743944e+02  -1.1577830e+02  -7.8018857e+01
   1.5405670e+01  -3.3329751e+01  -7.4030086e+01  -7.1796495e+01  -9.7585425e+01  -1.0300447e+02  -1.1607213e+02  -7.8786417e+01
   1.5483871e+01  -3.5496797e+01  -7.6063168e+01  -7.0951962e+01  -8.7736346e+01  -9.6429408e+01  -1.1632115e+02  -7.9743119e+01
   1.5562072e+01  -3.8576087e+01  -7.8833396e+01  -7.0304712e+01  -8.3473701e+01  -9.2924742e+01  -1.1652574e+02  -8.0925389e+01
   1.5640274e+01  -4.3621052e+01  -8.3015189e+01  -6.9825536e+01  -8.0828048e+01  -9.0609877e+01  -1.1669011e+02  -8.2391331e+01
   1.5718475e+01  -5.7708860e+01  -9.1387770e+01  -6.9495259e+01  -7.8985035e+01  -8.8947610e+01  -1.1682195e+02  -8.4238941e+01
   1.5796676e+01  -4.7946480e+01  -9.5877395e+01  -6.9301520e+01  -7.7635058e+01  -8.7708606e+01  -1.1693182e+02  -8.6649901e+01
   1.5874878e+01  -4.0676060e+01  -8.4770705e+01  -6.9236987e+01  -7.6627468e+01  -8.6774145e+01  -1.1703248e+02  -9.0019010e+01
   1.5953079e+01  -3.6859765e+01  -8.0228253e+01  -6.9298404e+01  -7.5878180e+01  -8.6075413e+01  -1.1713819e+02  -9.5508351e+01
   1.6031281e+01  -3.4315510e+01  -7.7425914e+01  -6.9486199e+01  -7.5336152e+01  -8.5569629e+01  -1.1726422e+02  -1.1243079e+02
   1.6109482e+01  -3.2455993e+01  -7.5469250e+01  -6.9804527e+01  -7.4968796e+01  -8.5229115e+01  -1.1742655e+02  -9.8878491e+01
   1.6187683e+01  -3.1036374e+01  -7.4027858e+01  -7.0261781e+01  -7.4754853e+01  -8.5035756e+01  -1.1764189e+02  -9.2273238e+01
   1.6265885e+01  -2.9931601e+01  -7.2943427e+01  -7.0871696e+01  -7.4680616e+01  -8.4978015e+01  -1.1792805e+02  -8.8795376e+01
   1.6344086e+01  -2.9069836e+01  -7.2128562e+01  -7.1655386e+01  -7.4737868e+01  -8.5049284e+01  -1.1830471e+02  -8.6523004e+01
   1.6422287e+01  -2.8406725e+01  -7.1530742e+01  -7.2645029e+01  -7.4922774e+01  -8.5247036e+01  -1.1879472e+02  -8.4911801e+01
   1.6500489e+01  -2.7913759e+01  -7.1116859e+01  -7.3890816e+01  -7.5235405e+01  -8.5572511e+01  -1.1942635e+02  -8.3730241e+01
   1.6578690e+01  -2.7572422e+01  -7.0865731e+01  -7.5475067e+01  -7.5679738e+01  -8.6030870e+01  -1.2023695e+02  -8.2858761e+01
   1.6656891e+01  -2.7371065e+01  -7.0764214e+01  -7.7544498e+01  -7.6264161e+01  -8.6631847e+01  -1.2127978e+02  -8.2228220e+01
   1.6735093e+01  -2.7303205e+01  -7.0805127e+01  -8.0398254e+01  -7.7002601e+01  -8.7391084e+01  -1.2263725e+02  -8.1795755e+01
   1.6813294e+01  -2.7366665e+01  -7.0986228e+01  -8.4811702e+01  -7.7916627e+01  -8.8332578e+01  -1.2445068e+02  -8.1533766e+01
   1.6891496e+01  -2.7563302e+01  -7.1309919e+01  -9.4387534e+01  -7.9039301e+01  -8.9493155e+01  -1.2699936e+02  -8.1424335e+01
   1.6969697e+01  -2.7899242e+01  -7.1783569e+01  -9.4393036e+01  -8.0422465e+01  -9.0931088e+01  -1.3098013e+02  -8.1456241e+01
   1.7047898e+01  -2.8385692e+01  -7.2420580e+01  -8.4969195e+01  -8.2151697e+01  -9.2744190e+01  -1.3932505e+02  -8.1623331e+01
   1.7126100e+01  -2.9040568e+01  -7.3242510e+01  -8.0679677e+01  -8.4380847e+01  -9.5113222e+01  -1.4256381e+02  -8.1923705e+01
   1.7204301e+01  -2.9891490e+01  -7.4283088e+01  -7.7946042e+01  -8.7427925e+01  -9.8429801e+01  -1.3160935e+02  -8.2359477e+01
   1.7282502e+01  -3.0981366e+01  -7.5595920e+01  -7.5995702e+01  -9.2139014e+01  -1.0384120e+02  -1.2685393e+02  -8.2937034e+01
   1.7360704e+01  -3.2379452e+01  -7.7270511e+01  -7.4530349e+01  -1.0280412e+02  -1.2030278e+02  -1.2379217e+02  -8.3667880e+01
   1.7438905e+01  -3.4205569e+01  -7.9469837e+01  -7.3403668e+01  -1.0028608e+02  -1.0728287e+02  -1.2155790e+02  -8.4570306e+01
   1.7517107e+01  -3.6691921e+01  -8.2536966e+01  -7.2533606e+01  -9.1765000e+01  -1.0056352e+02  -1.1982775e+02  -8.5672458e+01
   1.7595308e+01  -4.0385076e+01  -8.7416594e+01  -7.1870204e+01  -8.7754691e+01  -9.7007064e+01  -1.1844556e+02  -8.7018065e+01
   1.7673509e+01  -4.7220300e+01  -9.9552930e+01  -7.1381514e+01  -8.5204639e+01  -9.4660411e+01  -1.1732437e+02  -8.8677814e+01
   1.7751711e+01  -6.0718653e+01  -9.3568176e+01  -7.1046682e+01  -8.3404793e+01  -9.2973878e+01  -1.1641111e+02  -9.0774387e+01
   1.7829912e+01  -4.4178435e+01  -8.5775127e+01  -7.0852282e+01  -8.2074211e+01  -9.1714212e+01  -1.1567150e+02  -9.3546833e+01
   1.7908113e+01  -3.8901361e+01  -8.1894185e+01  -7.0790301e+01  -8.1073321e+01  -9.0761065e+01  -1.1508256e+02  -9.7563618e+01
   1.7986315e+01  -3.5732586e+01  -7.9374475e+01  -7.0857071e+01  -8.0323237e+01  -9.0044827e+01  -1.1462865e+02  -1.0489038e+02
   1.8064516e+01  -3.3516399e+01  -7.7573163e+01  -7.1052807e+01  -7.9775686e+01  -8.9522278e+01  -1.1429926e+02  -1.1648226e+02
   1.8142717e+01  -3.1859293e+01  -7.6228854e+01  -7.1381633e+01  -7.9399708e+01  -8.9165477e+01  -1.1408770e+02  -1.0167320e+02
   1.8220919e+01  -3.0579877e+01  -7.5209905e+01  -7.1852101e+01  -7.9175070e+01  -8.8956142e+01  -1.1399037e+02  -9.6792291e+01
   1.8299120e+01  -2.9580111e+01  -7.4441427e+01  -7.2478337e+01  -7.9088762e+01  -8.8882619e+01  -1.1400640e+02  -9.3941353e+01
   1.8377322e+01  -2.8801663e+01  -7.3877563e+01  -7.3282194e+01  -7.9133070e+01  -8.8938215e+01  -1.1413760e+02  -9.2022391e+01
   1.8455523e+01  -2.8207751e+01  -7.3489095e+01  -7.4297164e+01  -7.9304558e+01  -8.9120333e+01  -1.1438860e+02  -9.0655052e+01
   1.8533724e+01  -2.7774496e+01  -7.3257283e+01  -7.5575813e+01  -7.9603633e+01  -8.9430151e+01  -1.1476742e+02  -8.9662468e+01
   1.8611926e+01  -2.7486447e+01  -7.3170608e+01  -7.7205069e+01  -8.0034604e+01  -8.9872768e+01  -1.1528637e+02  -8.8948429e+01
   1.8690127e+01  -2.7334147e+01  -7.3223036e+01  -7.9341693e+01  -8.0606213e+01  -9.0457848e+01  -1.1596373e+02  -8.8455326e+01
   1.8768328e+01  -2.7312817e+01  -7.3413183e+01  -8.2311399e+01  -8.1332821e+01  -9.1200941e+01  -1.1682657e+02  -8.8146508e+01
   1.8846530e+01  -2.7421746e+01  -7.3744137e+01  -8.6989790e+01  -8.2236600e+01  -9.2125912e+01  -1.1791591e+02  -8.7997830e+01
   1.8924731e+01  -2.7664203e+01  -7.4223876e+01  -9.7985248e+01  -8.3351518e+01  -9.3269386e+01  -1.1929668e+02  -8.7993222e+01
   1.9002933e+01  -2.8047851e+01  -7.4866397e+01  -9.4325772e+01  -8.4730949e+01  -9.4689280e+01  -1.2107913e+02  -8.8122227e+01
   1.9081134e+01  -2.8585780e+01  -7.5693948e+01  -8.5968774e+01  -8.6463338e+01  -9.6482726e+01  -1.2347188e+02  -8.8378601e+01
   1.9159335e+01  -2.9298468e+01  -7.6741170e+01  -8.1918256e+01  -8.8708730e+01  -9.8828956e+01  -1.2694724e+02  -8.8759539e+01
   1.9237537e+01  -3.0217375e+01  -7.8063092e+01  -7.9295611e+01  -9.1801635e+01  -1.0211527e+02  -1.3303352e+02  -8.9265328e+01
   1.9315738e+01  -3.1391730e+01  -7.9751794e+01  -7.7412954e+01  -9.6651956e+01  -1.0747008e+02  -1.6529078e+02  -8.9899340e+01
   1.9393939e+01  -3.2902299e+01  -8.1975774e+01  -7.5995692e+01  -1.0826534e+02  -1.2342438e+02  -1.3266487e+02  -9.0668360e+01
   1.9472141e+01  -3.4892740e+01  -8.5093016e+01  -7.4906790e+01  -1.0351158e+02  -1.1110742e+02  -1.2683065e+02  -9.1583330e+01
   1.9550342e+01  -3.7654564e+01  -9.0108561e+01  -7.4068607e+01  -9.5512971e+01  -1.0429973e+02  -1.2346967e+02  -9.2660711e+01
   1.9628543e+01  -4.1935715e+01  -1.0331577e+02  -7.3433589e+01  -9.1609603e+01  -1.0070719e+02  -1.2115727e+02  -9.3924874e+01
   1.9706745e+01  -5.1098981e+01  -9.5291691e+01  -7.2971254e+01  -8.9096689e+01  -9.8335584e+01  -1.1944199e+02  -9.5412390e+01
   1.9784946e+01  -5.2146314e+01  -8.7857032e+01  -7.2661737e+01  -8.7309686e+01  -9.6628252e+01  -1.1812233e+02  -9.7180196e+01
   1.9863148e+01  -4.2282933e+01  -8.4060900e+01  -7.2492359e+01  -8.5980696e+01  -9.5349761e+01  -1.1709127e+02  -9.9322539e+01
   1.9941349e+01  -3.7860979e+01  -8.1574176e+01  -7.2455743e+01  -8.4975299e+01  -9.4378861e+01  -1.1628570e+02  -1.0201108e+02
   2.0019550e+01  -3.5038004e+01  -7.9786755e+01  -7.2548835e+01  -8.4217055e+01  -9.3645487e+01  -1.1566585e+02  -1.0561055e+02
   2.0097752e+01  -3.3012822e+01  -7.8446958e+01  -7.2772514e+01  -8.3659003e+01  -9.3106168e+01  -1.1520572e+02  -1.1115101e+02
   2.0175953e+01  -3.1479361e+01  -7.7427028e+01  -7.3131706e+01  -8.3270953e+01  -9.2732799e+01  -1.1488805e+02  -1.2530822e+02
   2.0254154e+01  -3.0288326e+01  -7.6653912e+01  -7.3636010e+01  -8.3033153e+01  -9.2506986e+01  -1.1470168e+02  -1.1694200e+02
   2.0332356e+01  -2.9356274e+01  -7.6082707e+01  -7.4301034e+01  -8.2932912e+01  -9.2416982e+01  -1.1463995e+02  -1.1013199e+02
   2.0410557e+01  -2.8632518e+01  -7.5684707e+01  -7.5150854e+01  -8.2962739e+01  -9.2456015e+01  -1.1469996e+02  -1.0687301e+02
   2.0488759e+01  -2.8084700e+01  -7.5441434e+01  -7.6222546e+01  -8.3119360e+01  -9.2621404e+01  -1.1488218e+02  -1.0491192e+02
   2.0566960e+01  -2.7691733e+01  -7.5341467e+01  -7.7574919e+01  -8.3403311e+01  -9.2914232e+01  -1.1519052e+02  -1.0364870e+02
   2.0645161e+01  -2.7440060e+01  -7.5378735e+01  -7.9306933e+01  -8.3819002e+01  -9.3339484e+01  -1.1563281e+02  -1.0283248e+02
   2.0723363e+01  -2.7321619e+01  -7.5551701e+01  -8.1602023e+01  -8.4375273e+01  -9.3906665e+01  -1.1622178e+02  -1.0233285e+02
   2.0801564e+01  -2.7332750e+01  -7.5863153e+01  -8.4859497e+01  -8.5086583e+01  -9.4631103e+01  -1.1697684e+02  -1.0207157e+02
   2.0879765e+01  -2.7473745e+01  -7.6320585e+01  -9.0260741e+01  -8.5975217e+01  -9.5536325e+01  -1.1792737e+02  -1.0199584e+02
   2.0957967e+01  -2.7748874e+01  -7.6937228e+01  -1.0760524e+02  -8.7075307e+01  -9.6658406e+01  -1.1911865e+02  -1.0206578e+02
   2.1036168e+01  -2.8166938e+01  -7.7734110e+01  -9.3144363e+01  -8.8440474e+01  -9.8054300e+01  -1.2062374e+02  -1.0224767e+02
   2.1114370e+01  -2.8742462e+01  -7.8743858e+01  -8.6469518e+01  -9.0159623e+01  -9.9819272e+01  -1.2256981e+02  -1.0250981e+02
   2.1192571e+01  -2.9497943e+01  -8.0017955e+01  -8.2870752e+01  -9.2393779e+01  -1.0212837e+02  -1.2520646e+02  -1.0281994e+02
   2.1270772e+01  -3.0467944e+01  -8.1641657e+01  -8.0464258e+01  -9.5480072e+01  -1.0535713e+02  -1.2913621e+02  -1.0314371e+02
   2.1348974e+01  -3.1706928e+01  -8.3768485e+01  -7.8712320e+01  -1.0033871e+02  -1.1058339e+02  -1.3663749e+02  -1.0344451e+02
   2.1427175e+01  -3.3305489e+01  -8.6715959e+01  -7.7385501e+01  -1.1210086e+02  -1.2532033e+02  -1.4534708e+02  -1.0368466e+02
   2.1505376e+01  -3.5428447e+01  -9.1328786e+01  -7.6365102e+01  -1.0698015e+02  -1.1482833e+02  -1.3197968e+02  -1.0382845e+02
   2.1583578e+01  -3.8423297e+01  -1.0188382e+02  -7.5582392e+01  -9.9040921e+01  -1.0779054e+02  -1.2706787e+02  -1.0384636e+02
   2.1661779e+01  -4.3251776e+01  -9.9321494e+01  -7.4994720e+01  -9.5139172e+01  -1.0412218e+02  -1.2407277e+02  -1.0371969e+02
   2.1739980e+01  -5.5583098e+01  -9.0702461e+01  -7.4574583e+01  -9.2617663e+01  -1.0170681e+02  -1.2197332e+02  -1.0344375e+02
   2.1818182e+01  -4.8933098e+01  -8.6606537e+01  -7.4304101e+01  -9.0818423e+01  -9.9967638e+01  -1.2040741e+02  -1.0302832e+02
   2.1896383e+01  -4.1149382e+01  -8.3975415e+01  -7.4172037e+01  -8.9475461e+01  -9.8662976e+01  -1.1920480e+02  -1.0249518e+02
   2.1974585e+01  -3.7192673e+01  -8.2098120e+01  -7.4172183e+01  -8.8455107e+01  -9.7668989e+01  -1.1827228e+02  -1.0187365e+02
   2.2052786e+01  -3.4579081e+01  -8.0693527e+01  -7.4302540e+01  -8.7681270e+01  -9.6914341e+01  -1.1755391e+02  -1.0119579e+02
   2.2130987e+01  -3.2675357e+01  -7.9622091e+01  -7.4565068e+01  -8.7107166e+01  -9.6354846e+01  -1.1701406e+02  -1.0049249e+02
   2.2209189e+01  -3.1222810e+01  -7.8805060e+01  -7.4965931e+01  -8.6702695e+01  -9.5961960e+01  -1.1662940e+02  -9.9791219e+01
   2.2287390e+01  -3.0090725e+01  -7.8194379e+01  -7.5516308e+01  -8.6448148e+01  -9.5716981e+01  -1.1638456e+02  -9.9115020e+01
   2.2365591e+01  -2.9204469e+01  -7.7759395e+01  -7.6233996e+01  -8.6330844e+01  -9.5607932e+01  -1.1626986e+02  -9.8482602e+01
   2.2443793e+01  -2.8518099e+01  -7.7480284e+01  -7.7146362e+01  -8.6343276e+01  -9.5627839e+01  -1.1627996e+02  -9.7908949e+01
   2.2521994e+01  -2.8002069e+01  -7.7344582e+01  -7.8295836e+01  -8.6482128e+01  -9.5773831e+01  -1.1641326e+02  -9.7406162e+01
   2.2600196e+01  -2.7637093e+01  -7.7345306e+01  -7.9750736e+01  -8.6747868e+01  -9.6046781e+01  -1.1667164e+02  -9.6984364e+01
   2.2678397e+01  -2.7410868e+01  -7.7479997e+01  -8.1628917e+01  -8.7144800e+01  -9.6451422e+01  -1.1706078e+02  -9.6652563e+01
   2.2756598e+01  -2.7316266e+01  -7.7750412e+01  -8.4157775e+01  -8.7681610e+01  -9.6996933e+01  -1.1759076e+02  -9.6419478e+01
   2.2834800e+01  -2.7350399e+01  -7.8162748e+01  -8.7868543e+01  -8.8372518e+01  -9.7698179e+01  -1.1827750e+02  -9.6294381e+01
   2.2913001e+01  -2.7514264e+01  -7.8728479e+01  -9.4607930e+01  -8.9239442e+01  -9.8577997e+01  -1.1914517e+02  -9.6288007e+01
   2.2991202e+01  -2.7812858e+01  -7.9466059e+01  -1.1002734e+02  -9.0315909e+01  -9.9671347e+01  -1.2023073e+02  -9.6413696e+01
   2.3069404e+01  -2.8255822e+01  -8.0404073e+01  -9.2207055e+01  -9.1654494e+01  -1.0103325e+02  -1.2159246e+02  -9.6688967e+01
   2.3147605e+01  -2.8858774e+01  -8.1587158e+01  -8.6895792e+01  -9.3342089e+01  -1.0275522e+02  -1.2332805e+02  -9.7137927e+01
   2.3225806e+01  -2.9645769e+01  -8.3087825e+01  -8.3755730e+01  -9.5535332e+01  -1.0500403e+02  -1.2561784e+02  -9.7795299e+01
   2.3304008e+01  -3.0653808e+01  -8.5032676e+01  -8.1585844e+01  -9.8559576e+01  -1.0813230e+02  -1.2885206e+02  -9.8713759e+01
   2.3382209e+01  -3.1941551e+01  -8.7670523e+01  -7.9982457e+01  -1.0328900e+02  -1.1312241e+02  -1.3417167e+02  -9.9978700e+01
   2.3460411e+01  -3.3607637e+01  -9.1601983e+01  -7.8760631e+01  -1.1431614e+02  -1.2593146e+02  -1.5038620e+02  -1.0174201e+02
   2.3538612e+01  -3.5834761e+01  -9.9094499e+01  -7.7820768e+01  -1.1075779e+02  -1.1869785e+02  -1.3753130e+02  -1.0431500e+02
   2.3616813e+01  -3.9020115e+01  -1.0793582e+02  -7.7103758e+01  -1.0243882e+02  -1.1114935e+02  -1.3070819e+02  -1.0851685e+02
   2.3695015e+01  -4.4335677e+01  -9.4515143e+01  -7.6572391e+01  -9.8434139e+01  -1.0733245e+02  -1.2706471e+02  -1.1836095e+02
   2.3773216e+01  -6.1337811e+01  -8.9613531e+01  -7.6202540e+01  -9.5857328e+01  -1.0483970e+02  -1.2463413e+02  -1.1639999e+02
   2.3851417e+01  -4.7193552e+01  -8.6636505e+01  -7.5978609e+01  -9.4019415e+01  -1.0304909e+02  -1.2286442e+02  -1.0717913e+02
   2.3929619e+01  -4.0418455e+01  -8.4559586e+01  -7.5891058e+01  -9.2645433e+01  -1.0170522e+02  -1.2152151e+02  -1.0268963e+02
   2.4007820e+01  -3.6742402e+01  -8.3019973e+01  -7.5935067e+01  -9.1598137e+01  -1.0067867e+02  -1.2048469e+02  -9.9699476e+01
   2.4086022e+01  -3.4263118e+01  -8.1847298e+01  -7.6109917e+01  -9.0799711e+01  -9.9895386e+01  -1.1968406e+02  -9.7476042e+01
   2.4164223e+01  -3.2439651e+01  -8.0948501e+01  -7.6418898e+01  -9.0202422e+01  -9.9309659e+01  -1.1907619e+02  -9.5731816e+01
   2.4242424e+01  -3.1041498e+01  -8.0267889e+01  -7.6869726e+01  -8.9775587e+01  -9.8892021e+01  -1.1863289e+02  -9.4324432e+01
   2.4320626e+01  -2.9949477e+01  -7.9770266e+01  -7.7475585e+01  -8.9499097e+01  -9.8623149e+01  -1.1833562e+02  -9.3173448e+01
   2.4398827e+01  -2.9094570e+01  -7.9432831e+01  -7.8257107e+01  -8.9359969e+01  -9.8490601e+01  -1.1817238e+02  -9.2229505e+01
   2.4477028e+01  -2.8433911e+01  -7.9240965e+01  -7.9246010e+01  -8.9350436e+01  -9.8487021e+01  -1.1813606e+02  -9.1460729e+01
   2.4555230e+01  -2.7939809e+01  -7.9185946e+01  -8.0491966e+01  -8.9466930e+01  -9.8609179e+01  -1.1822352e+02  -9.0846001e+01
   2.4633431e+01  -2.7594182e+01  -7.9263734e+01  -8.2076578e+01  -8.9709646e+01  -9.8857579e+01  -1.1843522e+02  -9.0371366e+01
   2.4711632e+01  -2.7385565e+01  -7.9474451e+01  -8.4145282e+01  -9.0082564e+01  -9.9236518e+01  -1.1877524e+02  -9.0028022e+01
   2.4789834e+01  -2.7307471e+01  -7.9822399e+01  -8.6994171e+01  -9.0593941e+01  -9.9754621e+01  -1.1925182e+02  -8.9811215e+01
   2.4868035e+01  -2.7357541e+01  -8.0316624e+01  -9.1387800e+01  -9.1257406e+01  -1.0042599e+02  -1.1987842e+02  -8.9719687e+01
   2.4946237e+01  -2.7537260e+01  -8.0972176e+01  -1.0083308e+02  -9.2093989e+01  -1.0127233e+02  -1.2067569e+02  -8.9755553e+01
   2.5024438e+01  -2.7852136e+01  -8.1812498e+01  -1.0127424e+02  -9.3135813e+01  -1.0232678e+02  -1.2167503e+02  -8.9924560e+01
   2.5102639e+01  -2.8312408e+01  -8.2873823e+01  -9.1718366e+01  -9.4433033e+01  -1.0364126e+02  -1.2292525e+02  -9.0236798e+01
   2.5180841e+01  -2.8934475e+01  -8.4213652e+01  -8.7412764e+01  -9.6067975e+01  -1.0530134e+02  -1.2450611e+02  -9.0708063e+01
   2.5259042e+01  -2.9743517e+01  -8.5928563e+01  -8.4680291e+01  -9.8187444e+01  -1.0746084e+02  -1.2655880e+02  -9.1362290e+01
   2.5337243e+01  -3.0778321e+01  -8.8196798e+01  -8.2737494e+01  -1.0109091e+02  -1.1043753e+02  -1.2936827e+02  -9.2235957e+01
   2.5415445e+01  -3.2100646e+01  -9.1403159e+01  -8.1283133e+01  -1.0555506e+02  -1.1507653e+02  -1.3365852e+02  -9.3386513e+01
   2.5493646e+01  -3.3815180e+01  -9.6665601e+01  -8.0169799e+01  -1.1519498e+02  -1.2565766e+02  -1.4259204e+02  -9.4909991e+01
   2.5571848e+01  -3.6118367e+01  -1.1229283e+02  -7.9314975e+01  -1.1519127e+02  -1.2310439e+02  -1.4473051e+02  -9.6982978e+01
   2.5650049e+01  -3.9447110e+01  -1.0029714e+02  -7.8668511e+01  -1.0582891e+02  -1.1450357e+02  -1.3455187e+02  -9.9985180e+01
   2.5728250e+01  -4.5156156e+01  -9.3384277e+01  -7.8198418e+01  -1.0158529e+02  -1.1042052e+02  -1.3012417e+02  -1.0501201e+02
   2.5806452e+01  -7.0237689e+01  -8.9718437e+01  -7.7883903e+01  -9.8894164e+01  -1.0779858e+02  -1.2733435e+02  -1.1991174e+02
   2.5884653e+01  -4.6173341e+01  -8.7281807e+01  -7.7711683e+01  -9.6984235e+01  -1.0592691e+02  -1.2535350e+02  -1.0855908e+02
   2.5962854e+01  -3.9946461e+01  -8.5513826e+01  -7.7673983e+01  -9.5557492e+01  -1.0452428e+02  -1.2386808e+02  -1.0136732e+02
   2.6041056e+01  -3.6441327e+01  -8.4177888e+01  -7.7767478e+01  -9.4467674e+01  -1.0345096e+02  -1.2272587e+02  -9.7491365e+01
   2.6119257e+01  -3.4046828e+01  -8.3152316e+01  -7.7992871e+01  -9.3632688e+01  -1.0262796e+02  -1.2184194e+02  -9.4859283e+01
   2.6197458e+01  -3.2274849e+01  -8.2366916e+01  -7.8354985e+01  -9.3002481e+01  -1.0200686e+02  -1.2116469e+02  -9.2901484e+01
   2.6275660e+01  -3.0911840e+01  -8.1778230e+01  -7.8863379e+01  -9.2544971e+01  -1.0155656e+02  -1.2066109e+02  -9.1378484e+01
   2.6353861e+01  -2.9845742e+01  -8.1358277e+01  -7.9533686e+01  -9.2239127e+01  -1.0125665e+02  -1.2030942e+02  -9.0167326e+01
   2.6432063e+01  -2.9011061e+01  -8.1088873e+01  -8.0390100e+01  -9.2071290e+01  -1.0109391e+02  -1.2009550e+02  -8.9197080e+01
   2.6510264e+01  -2.8366886e+01  -8.0958587e+01  -8.1469947e+01  -9.2033150e+01  -1.0106034e+02  -1.2001053e+02  -8.8423756e+01
   2.6588465e+01  -2.7886702e+01  -8.0961083e+01  -8.2832543e+01  -9.2120643e+01  -1.0115213e+02  -1.2004996e+02  -8.7818902e+01
   2.6666667e+01  -2.7553193e+01  -8.1094284e+01  -8.4577888e+01  -9.2333458e+01  -1.0136921e+02  -1.2021291e+02  -8.7363852e+01
   2.6744868e+01  -2.7355424e+01  -8.1360118e+01  -8.6891831e+01  -9.2674999e+01  -1.0171522e+02  -1.2050208e+02  -8.7046626e+01
   2.6823069e+01  -2.7287298e+01  -8.1764755e+01  -9.0180643e+01  -9.3152799e+01  -1.0219795e+02  -1.2092408e+02  -8.6860220e+01
   2.6901271e+01  -2.7346771e+01  -8.2319425e+01  -9.5656988e+01  -9.3779503e+01  -1.0283039e+02  -1.2149027e+02  -8.6801704e+01
   2.6979472e+01  -2.7535604e+01  -8.3042051e+01  -1.1399776e+02  -9.4574704e+01  -1.0363259e+02  -1.2221832e+02  -8.6871873e+01
   2.7057674e+01  -2.7859578e+01  -8.3960233e+01  -9.8212537e+01  -9.5568269e+01  -1.0463514e+02  -1.2313508e+02  -8.7075340e+01
   2.7135875e+01  -2.8329234e+01  -8.5116825e+01  -9.1652660e+01  -9.6806537e+01  -1.0588555e+02  -1.2428184e+02  -8.7421123e+01
   2.7214076e+01  -2.8961349e+01  -8.6580968e+01  -8.8094667e+01  -9.8364742e+01  -1.0746121e+02  -1.2572459e+02  -8.7923853e+01
   2.7292278e+01  -2.9781636e+01  -8.8472226e+01  -8.5712942e+01  -1.0037473e+02  -1.0949849e+02  -1.2757627e+02  -8.8606012e+01
   2.7370479e+01  -3.0829710e+01  -9.1022175e+01  -8.3980001e+01  -1.0309790e+02  -1.1227006e+02  -1.3005231e+02  -8.9501993e+01
   2.7448680e+01  -3.2168771e+01  -9.4775371e+01  -8.2669665e+01  -1.0717653e+02  -1.1645693e+02  -1.3364645e+02  -9.0665837e+01
   2.7526882e+01  -3.3906317e+01  -1.0165534e+02  -8.1664611e+01  -1.1515685e+02  -1.2488551e+02  -1.3999928e+02  -9.2187205e+01
   2.7605083e+01  -3.6245259e+01  -1.1544361e+02  -8.0896812e+01  -1.2137076e+02  -1.2903593e+02  -1.6243187e+02  -9.4228760e+01
   2.7683284e+01  -3.9641611e+01  -9.8810280e+01  -8.0324030e+01  -1.0940054e+02  -1.1804142e+02  -1.3890950e+02  -9.7132024e+01
   2.7761486e+01  -4.5542950e+01  -9.3585516e+01  -7.9919047e+01  -1.0469895e+02  -1.1348676e+02  -1.3331131e+02  -1.0183463e+02
   2.7839687e+01  -8.3465584e+01  -9.0476599e+01  -7.9664202e+01  -1.0180655e+02  -1.1065321e+02  -1.3006122e+02  -1.1368683e+02
   2.7917889e+01  -4.5765295e+01  -8.8322097e+01  -7.9548464e+01  -9.9777224e+01  -1.0865532e+02  -1.2782689e+02  -1.0778250e+02
   2.7996090e+01  -3.9751864e+01  -8.6727182e+01  -7.9565830e+01  -9.8267299e+01  -1.0716480e+02  -1.2617605e+02  -9.9773320e+01
   2.8074291e+01  -3.6317708e+01  -8.5509976e+01  -7.9714544e+01  -9.7113273e+01  -1.0602384e+02  -1.2491378e+02  -9.5710746e+01
   2.8152493e+01  -3.3959495e+01  -8.4572193e+01  -7.9996866e+01  -9.6225057e+01  -1.0514498e+02  -1.2393593e+02  -9.3013594e+01
   2.8230694e+01  -3.2210042e+01  -8.3855349e+01  -8.0419361e+01  -9.5548341e+01  -1.0447529e+02  -1.2318094e+02  -9.1034590e+01
   2.8308895e+01  -3.0862706e+01  -8.3322539e+01  -8.0993771e+01  -9.5048526e+01  -1.0398095e+02  -1.2260998e+02  -8.9510878e+01
   2.8387097e+01  -2.9808373e+01  -8.2949769e+01  -8.1738727e+01  -9.4702945e+01  -1.0363982e+02  -1.2219772e+02  -8.8310043e+01
   2.8465298e+01  -2.8983024e+01  -8.2721467e+01  -8.2682911e+01  -9.4496779e+01  -1.0343740e+02  -1.2192748e+02  -8.7356602e+01
   2.8543500e+01  -2.8346572e+01  -8.2628032e+01  -8.3870952e+01  -9.4420805e+01  -1.0336472e+02  -1.2178863e+02  -8.6604110e+01
   2.8621701e+01  -2.7873004e+01  -8.2664508e+01  -8.5375187e+01  -9.4470163e+01  -1.0341712e+02  -1.2177509e+02  -8.6022681e+01
   2.8699902e+01  -2.7545333e+01  -8.2829955e+01  -8.7321698e+01  -9.4643761e+01  -1.0359368e+02  -1.2188463e+02  -8.5592757e+01
   2.8778104e+01  -2.7352854e+01  -8.3127337e+01  -8.9957854e+01  -9.4944137e+01  -1.0389710e+02  -1.2211855e+02  -8.5301784e+01
   2.8856305e+01  -2.7289643e+01  -8.3563890e+01  -9.3879279e+01  -9.5377775e+01  -1.0433406e+02  -1.2248189e+02  -8.5142374e+01
   2.8934506e+01  -2.7353798e+01  -8.4152088e+01  -1.0132094e+02  -9.5955923e+01  -1.0491603e+02  -1.2298397e+02  -8.5111344e+01
   2.9012708e+01  -2.7547208e+01  -8.4911478e+01  -1.1053343e+02  -9.6696169e+01  -1.0566089e+02  -1.2363974e+02  -8.5209317e+01
   2.9090909e+01  -2.7875782e+01  -8.5872038e+01  -9.6902800e+01  -9.7625295e+01  -1.0659589e+02  -1.2447195e+02  -8.5440806e+01
   2.9169110e+01  -2.8350206e+01  -8.7080464e+01  -9.1980351e+01  -9.8784514e+01  -1.0776297e+02  -1.2551529e+02  -8.5814777e+01
   2.9247312e+01  -2.8987448e+01  -8.8612806e+01  -8.8997596e+01  -1.0023975e+02  -1.0922936e+02  -1.2682420e+02  -8.6345867e+01
   2.9325513e+01  -2.9813485e+01  -9.0602771e+01  -8.6919346e+01  -1.0210381e+02  -1.1111049e+02  -1.2848896e+02  -8.7056628e+01
   2.9403715e+01  -3.0868353e+01  -9.3316576e+01  -8.5380237e+01  -1.0459191e+02  -1.1362778e+02  -1.3067348e+02  -8.7981618e+01
   2.9481916e+01  -3.2215984e+01  -9.7413161e+01  -8.4208972e+01  -1.0819716e+02  -1.1729348e+02  -1.3372249e+02  -8.9175208e+01
   2.9560117e+01  -3.3965318e+01  -1.0555714e+02  -8.3312065e+01  -1.1455697e+02  -1.2384808e+02  -1.3858635e+02  -9.0727732e+01
   2.9638319e+01  -3.6322601e+01  -1.1081591e+02  -8.2633590e+01  -1.3717096e+02  -1.4219700e+02  -1.5078061e+02  -9.2803364e+01
   2.9716520e+01  -3.9753824e+01  -9.9274692e+01  -8.2138194e+01  -1.1351537e+02  -1.2211832e+02  -1.4457430e+02  -9.5747763e+01
   2.9794721e+01  -4.5756339e+01  -9.4615182e+01  -8.1802952e+01  -1.0792530e+02  -1.1667708e+02  -1.3677272e+02  -1.0051516e+02
   2.9872923e+01  -8.5522979e+01  -9.1726334e+01  -8.1613123e+01  -1.0468653e+02  -1.1349020e+02  -1.3285113e+02  -1.1267331e+02
   2.9951124e+01  -4.5582497e+01  -8.9689530e+01  -8.1559847e+01  -1.0246433e+02  -1.1129409e+02  -1.3028053e+02  -1.0623384e+02
   3.0029326e+01  -3.9670505e+01  -8.8168016e+01  -8.1638913e+01  -1.0082594e+02  -1.0967121e+02  -1.2842106e+02  -9.8359433e+01
   3.0107527e+01  -3.6271064e+01  -8.7000872e+01  -8.1850219e+01  -9.9576246e+01  -1.0843168e+02  -1.2701200e+02  -9.4348307e+01
   3.0185728e+01  -3.3930891e+01  -8.6099225e+01  -8.2197753e+01  -9.8611044e+01  -1.0747358e+02  -1.2592171e+02  -9.1687178e+01
   3.0263930e+01  -3.2192812e+01  -8.5409437e+01  -8.2690110e+01  -9.7868715e+01  -1.0673644e+02  -1.2507501e+02  -8.9738517e+01
   3.0342131e+01  -3.0853526e+01  -8.4897351e+01  -8.3341670e+01  -9.7310434e+01  -1.0618211e+02  -1.2442551e+02  -8.8242349e+01
   3.0420332e+01  -2.9805356e+01  -8.4540637e+01  -8.4174823e+01  -9.6910856e+01  -1.0578565e+02  -1.2394326e+02  -8.7067429e+01
   3.0498534e+01  -2.8985010e+01  -8.4324779e+01  -8.5224070e+01  -9.6653309e+01  -1.0553064e+02  -1.2360851e+02  -8.6138845e+01
   3.0576735e+01  -2.8352815e+01  -8.4240868e+01  -8.6543852e+01  -9.6527163e+01  -1.0540666e+02  -1.2340842e+02  -8.5410478e+01
   3.0654936e+01  -2.7883014e+01  -8.4284406e+01  -8.8224793e+01  -9.6526372e+01  -1.0540779e+02  -1.2333518e+02  -8.4852649e+01
   3.0733138e+01  -2.7558792e+01  -8.4454745e+01  -9.0431847e+01  -9.6648722e+01  -1.0553195e+02  -1.2338502e+02  -8.4445953e+01
   3.0811339e+01  -2.7369576e+01  -8.4755015e+01  -9.3512934e+01  -9.6895570e+01  -1.0578062e+02  -1.2355777e+02  -8.4177960e+01
   3.0889541e+01  -2.7309546e+01  -8.5192512e+01  -9.8431552e+01  -9.7272001e+01  -1.0615899e+02  -1.2385682e+02  -8.4041400e+01
   3.0967742e+01  -2.7376899e+01  -8.5779651e+01  -1.1088096e+02  -9.7787460e+01  -1.0667665e+02  -1.2428955e+02  -8.4033210e+01
   3.1045943e+01  -2.7573623e+01  -8.6535778e+01  -1.0426042e+02  -9.8457018e+01  -1.0734885e+02  -1.2486824e+02  -8.4154154e+01
   3.1124145e+01  -2.7905745e+01  -8.7490452e+01  -9.6577992e+01  -9.9303660e+01  -1.0819885e+02  -1.2561185e+02  -8.4408921e+01
   3.1202346e+01  -2.8384101e+01  -8.8689575e+01  -9.2715752e+01  -1.0036246e+02  -1.0926211e+02  -1.2654913e+02  -8.4806714e+01
   3.1280547e+01  -2.9025863e+01  -9.0207651e+01  -9.0196625e+01  -1.0168852e+02  -1.1059445e+02  -1.2772449e+02  -8.5362507e+01
   3.1358749e+01  -2.9857323e+01  -9.2175085e+01  -8.8388420e+01  -1.0337341e+02  -1.1228876e+02  -1.2920949e+02  -8.6099357e+01
   3.1436950e+01  -3.0919027e+01  -9.4849781e+01  -8.7032824e+01  -1.0558387e+02  -1.1451475e+02  -1.3112833e+02  -8.7052642e+01
   3.1515152e+01  -3.2275813e+01  -9.8862349e+01  -8.5999348e+01  -1.0867245e+02  -1.1763300e+02  -1.3372345e+02  -8.8278153e+01
   3.1593353e+01  -3.4038430e+01  -1.0667875e+02  -8.5213546e+01  -1.1362099e+02  -1.2265847e+02  -1.3757394e+02  -8.9868956e+01
   3.1671554e+01  -3.6417356e+01  -1.1354729e+02  -8.4629664e+01  -1.2637868e+02  -1.3603435e+02  -1.4481023e+02  -9.1995250e+01
   3.1749756e+01  -3.9891356e+01  -1.0119353e+02  -8.4218372e+01  -1.1912120e+02  -1.2765796e+02  -1.5528703e+02  -9.5019195e+01
   3.1827957e+01  -4.6022922e+01  -9.6412098e+01  -8.3960645e+01  -1.1152585e+02  -1.2024936e+02  -1.4083980e+02  -9.9962418e+01
   3.1906158e+01  -7.3921385e+01  -9.3469545e+01  -8.3844501e+01  -1.0766338e+02  -1.1643531e+02  -1.3579617e+02  -1.1337349e+02
   3.1984360e+01  -4.5354988e+01  -9.1399334e+01  -8.3863225e+01  -1.0512433e+02  -1.1391812e+02  -1.3274125e+02  -1.0467629e+02
   3.2062561e+01  -3.9562900e+01  -8.9852673e+01  -8.4014467e+01  -1.0328634e+02  -1.1209235e+02  -1.3060248e+02  -9.7213193e+01
   3.2140762e+01  -3.6204417e+01  -8.8664153e+01  -8.4299947e+01  -1.0189384e+02  -1.1070750e+02  -1.2900547e+02  -9.3320955e+01
   3.2218964e+01  -3.3885100e+01  -8.7742792e+01  -8.4725662e+01  -1.0081728e+02  -1.0963608e+02  -1.2777554e+02  -9.0723096e+01
   3.2297165e+01  -3.2159774e+01  -8.7033786e+01  -8.5302681e+01  -9.9982463e+01  -1.0880487e+02  -1.2681750e+02  -8.8817501e+01
   3.2375367e+01  -3.0829175e+01  -8.6502223e+01  -8.6048747e+01  -9.9343528e+01  -1.0816857e+02  -1.2607432e+02  -8.7354788e+01
   3.2453568e+01  -2.9787368e+01  -8.6125213e+01  -8.6991226e+01  -9.8870809e+01  -1.0769782e+02  -1.2550978e+02  -8.6207998e+01
   3.2531769e+01  -2.8971939e+01  -8.5887756e+01  -8.8172611e+01  -9.8544741e+01  -1.0737327e+02  -1.2510015e+02  -8.5304301e+01
   3.2609971e+01  -2.8343705e+01  -8.5780461e+01  -8.9661403e+01  -9.8352576e+01  -1.0718232e+02  -1.2482977e+02  -8.4598717e+01
   3.2688172e+01  -2.7877212e+01  -8.5798302e+01  -9.1575869e+01  -9.8286563e+01  -1.0711731e+02  -1.2468874e+02  -8.4062262e+01
   3.2766373e+01  -2.7555843e+01  -8.5939994e+01  -9.4144444e+01  -9.8342958e+01  -1.0717459e+02  -1.2467154e+02  -8.3675987e+01
   3.2844575e+01  -2.7369162e+01  -8.6207852e+01  -9.7901665e+01  -9.8521574e+01  -1.0735405e+02  -1.2477635e+02  -8.3427794e+01
   3.2922776e+01  -2.7311457e+01  -8.6608066e+01  -1.0471308e+02  -9.8825764e+01  -1.0765911e+02  -1.2500486e+02  -8.3310678e+01
   3.3000978e+01  -2.7381010e+01  -8.7151487e+01  -1.1974264e+02  -9.9262821e+01  -1.0809714e+02  -1.2536245e+02  -8.3321808e+01
   3.3079179e+01  -2.7579891e+01  -8.7855130e+01  -1.0228060e+02  -9.9844905e+01  -1.0868040e+02  -1.2585887e+02  -8.3462185e+01
   3.3157380e+01  -2.7914208e+01  -8.8744901e+01  -9.7033282e+01  -1.0059077e+02  -1.0942778e+02  -1.2650954e+02  -8.3736758e+01
   3.3235582e+01  -2.8394893e+01  -8.9860578e+01  -9.3944728e+01  -1.0152884e+02  -1.1036789e+02  -1.2733788e+02  -8.4155056e+01
   3.3313783e+01  -2.9039245e+01  -9.1265526e+01  -9.1824075e+01  -1.0270295e+02  -1.1154490e+02  -1.2837960e+02  -8.4732494e+01
   3.3391984e+01  -2.9873739e+01  -9.3067460e+01  -9.0269969e+01  -1.0418364e+02  -1.1302992e+02  -1.2969087e+02  -8.5492782e+01
   3.3470186e+01  -3.0939209e+01  -9.5469702e+01  -8.9098339e+01  -1.0609298e+02  -1.1494619e+02  -1.3136523e+02  -8.6472334e+01
   3.3548387e+01  -3.2301009e+01  -9.8929413e+01  -8.8210032e+01  -1.0866823e+02  -1.1753381e+02  -1.3357374e+02  -8.7728740e+01
   3.3626588e+01  -3.4070909e+01  -1.0489981e+02  -8.7546230e+01  -1.1247172e+02  -1.2136431e+02  -1.3668071e+02  -8.9358535e+01
   3.3704790e+01  -3.6461774e+01  -1.4487893e+02  -8.7069964e+01  -1.1953153e+02  -1.2852149e+02  -1.4171643e+02  -9.1539643e+01
   3.3782991e+01  -3.9959646e+01  -1.0518543e+02  -8.6757338e+01  -1.3148974e+02  -1.3964336e+02  -1.5536756e+02  -9.4655724e+01
   3.3861193e+01  -4.6164776e+01  -9.9235596e+01  -8.6593009e+01  -1.1609215e+02  -1.2479024e+02  -1.4644388e+02  -9.9819467e+01
   3.3939394e+01  -7.0948885e+01  -9.5855041e+01  -8.6567730e+01  -1.1095720e+02  -1.1970632e+02  -1.3909011e+02  -1.1522799e+02
   3.4017595e+01  -4.5222517e+01  -9.3546244e+01  -8.6677045e+01  -1.0786824e+02  -1.1663609e+02  -1.3527153e+02  -1.0334096e+02
   3.4095797e+01  -3.9494234e+01  -9.1843059e+01  -8.6920701e+01  -1.0571154e+02  -1.1448883e+02  -1.3273804e+02  -9.6316794e+01
   3.4173998e+01  -3.6157545e+01  -9.0539055e+01  -8.7302614e+01  -1.0410309e+02  -1.1288590e+02  -1.3089156e+02  -9.2554578e+01
   3.4252199e+01  -3.3849111e+01  -8.9525075e+01  -8.7831364e+01  -1.0286475e+02  -1.1165104e+02  -1.2948382e+02  -9.0024062e+01
   3.4330401e+01  -3.2130207e+01  -8.8736922e+01  -8.8521382e+01  -1.0189973e+02  -1.1068832e+02  -1.2838823e+02  -8.8162591e+01
   3.4408602e+01  -3.0803747e+01  -8.8134239e+01  -8.9395191e+01  -1.0115018e+02  -1.0994033e+02  -1.2753202e+02  -8.6732875e+01
   3.4486804e+01  -2.9764738e+01  -8.7690648e+01  -9.0487543e+01  -1.0057935e+02  -1.0937058e+02  -1.2687012e+02  -8.5612911e+01
   3.4565005e+01  -2.8951233e+01  -8.7388687e+01  -9.1853337e+01  -1.0016312e+02  -1.0895510e+02  -1.2637331e+02  -8.4732289e+01
   3.4643206e+01  -2.8324308e+01  -8.7217043e+01  -9.3584089e+01  -9.9885578e+01  -1.0867808e+02  -1.2602231e+02  -8.4047365e+01
   3.4721408e+01  -2.7858659e+01  -8.7168998e+01  -9.5846709e+01  -9.9736535e+01  -1.0852939e+02  -1.2580458e+02  -8.3529963e+01
   3.4799609e+01  -2.7537759e+01  -8.7241609e+01  -9.8994421e+01  -9.9710193e+01  -1.0850330e+02  -1.2571249e+02  -8.3161670e+01
   3.4877810e+01  -2.7351222e+01  -8.7435363e+01  -1.0401213e+02  -9.9804430e+01  -1.0859774e+02  -1.2574238e+02  -8.2930770e+01
   3.4956012e+01  -2.7293362e+01  -8.7754238e+01  -1.1689283e+02  -1.0002055e+02  -1.0881405e+02  -1.2589414e+02  -8.2830560e+01
   3.5034213e+01  -2.7362467e+01  -8.8206184e+01  -1.0960611e+02  -1.0036345e+02  -1.0915715e+02  -1.2617113e+02  -8.2858473e+01
   3.5112414e+01  -2.7560591e+01  -8.8804135e+01  -1.0210820e+02  -1.0084220e+02  -1.0963617e+02  -1.2658069e+02  -8.3015767e+01
   3.5190616e+01  -2.7893806e+01  -8.9567872e+01  -9.8335895e+01  -1.0147120e+02  -1.1026558e+02  -1.2713496e+02  -8.3307679e+01
   3.5268817e+01  -2.8372978e+01  -9.0527346e+01  -9.5890813e+01  -1.0227241e+02  -1.1106739e+02  -1.2785266e+02  -8.3744087e+01
   3.5347019e+01  -2.9015296e+01  -9.1728863e+01  -9.4152498e+01  -1.0327911e+02  -1.1207502e+02  -1.2876215e+02  -8.4340880e+01
   3.5425220e+01  -2.9847051e+01  -9.3247436e+01  -9.2866243e+01  -1.0454325e+02  -1.1334062e+02  -1.2990710e+02  -8.5122464e+01
   3.5503421e+01  -3.0908770e+01  -9.5214313e+01  -9.1903122e+01  -1.0615032e+02  -1.1495008e+02  -1.3135775e+02  -8.6126366e+01
   3.5581623e+01  -3.2265234e+01  -9.7889278e+01  -9.1189563e+01  -1.0825373e+02  -1.1705761e+02  -1.3323552e+02  -8.7412115e+01
   3.5659824e+01  -3.4027065e+01  -1.0190904e+02  -9.0680417e+01  -1.1117006e+02  -1.1998197e+02  -1.3577609e+02  -8.9080007e+01
   3.5738025e+01  -3.6404415e+01  -1.0978103e+02  -9.0346858e+01  -1.1573963e+02  -1.2457174e+02  -1.3953662e+02  -9.1316445e+01
   3.5816227e+01  -3.9875055e+01  -1.1627348e+02  -9.0170345e+01  -1.2619195e+02  -1.3514247e+02  -1.4651419e+02  -9.4529158e+01
   3.5894428e+01  -4.5996299e+01  -1.0408908e+02  -9.0139417e+01  -1.2375116e+02  -1.3240600e+02  -1.5894739e+02  -9.9937257e+01
   3.5972630e+01  -7.4424375e+01  -9.9313239e+01  -9.0247964e+01  -1.1504041e+02  -1.2377416e+02  -1.4318642e+02  -1.1841205e+02
   3.6050831e+01  -4.5365964e+01  -9.6358271e+01  -9.0494382e+01  -1.1088203e+02  -1.1963289e+02  -1.3799425e+02  -1.0225689e+02
   3.6129032e+01  -3.9564279e+01  -9.4268288e+01  -9.0881346e+01  -1.0818863e+02  -1.1694666e+02  -1.3486708e+02  -9.5632860e+01
   3.6207234e+01  -3.6202039e+01  -9.2697046e+01  -9.1416140e+01  -1.0624543e+02  -1.1500722e+02  -1.3267769e+02  -9.1995047e+01
   3.6285435e+01  -3.3880370e+01  -9.1479964e+01  -9.2111640e+01  -1.0477004e+02  -1.1353400e+02  -1.3103897e+02  -8.9529160e+01
   3.6363636e+01  -3.2153179e+01  -9.0526318e+01  -9.2988246e+01  -1.0362216e+02  -1.1238745e+02  -1.2977168e+02  -8.7709677e+01
   3.6441838e+01  -3.0820882e+01  -8.9781303e+01  -9.4077477e+01  -1.0272243e+02  -1.1148854e+02  -1.2877856e+02  -8.6310984e+01
   3.6520039e+01  -2.9777401e+01  -8.9209847e+01  -9.5428771e+01  -1.0202213e+02  -1.1078874e+02  -1.2800154e+02  -8.5215934e+01
   3.6598240e+01  -2.8960238e+01  -8.8788773e+01  -9.7123336e+01  -1.0148983e+02  -1.1025673e+02  -1.2740376e+02  -8.4356509e+01
   3.6676442e+01  -2.8330152e+01  -8.8502665e+01  -9.9305728e+01  -1.0110477e+02  -1.0987180e+02  -1.2696103e+02  -8.3690393e+01
   3.6754643e+01  -2.7861640e+01  -8.8341574e+01  -1.0226961e+02  -1.0085327e+02  -1.0962032e+02  -1.2665742e+02  -8.3190218e+01
   3.6832845e+01  -2.7538037e+01  -8.8299720e+01  -1.0677028e+02  -1.0072677e+02  -1.0949379e+02  -1.2648275e+02  -8.2838108e+01
   3.6911046e+01  -2.7348851e+01  -8.8374813e+01  -1.1623179e+02  -1.0072075e+02  -1.0948769e+02  -1.2643124e+02  -8.2622732e+01
   3.6989247e+01  -2.7288304e+01  -8.8567797e+01  -1.1720292e+02  -1.0083418e+02  -1.0960102e+02  -1.2650083e+02  -8.2537689e+01
   3.7067449e+01  -2.7354594e+01  -8.8882960e+01  -1.0766652e+02  -1.0106941e+02  -1.0983613e+02  -1.2669287e+02  -8.2580680e+01
   3.7145650e+01  -2.7549678e+01  -8.9328437e+01  -1.0349586e+02  -1.0143241e+02  -1.1019904e+02  -1.2701237e+02  -8.2753224e+01
   3.7223851e+01  -2.7879507e+01  -8.9917235e+01  -1.0092165e+02  -1.0193356e+02  -1.1070013e+02  -1.2746853e+02  -8.3060845e+01
   3.7302053e+01  -2.8354790e+01  -9.0669074e+01  -9.9151072e+01  -1.0258899e+02  -1.1135556e+02  -1.2807599e+02  -8.3513778e+01
   3.7380254e+01  -2.8992489e+01  -9.1613661e+01  -9.7880913e+01  -1.0342307e+02  -1.1218973e+02  -1.2885700e+02  -8.4128396e+01
   3.7458456e+01  -2.9818551e+01  -9.2796762e+01  -9.6963597e+01  -1.0447294e+02  -1.1323984e+02  -1.2984540e+02  -8.4929816e+01
   3.7536657e+01  -3.0872932e+01  -9.4292266e+01  -9.6317154e+01  -1.0579712e+02  -1.1456451e+02  -1.3109402e+02  -8.5956707e+01
   3.7614858e+01  -3.2219398e+01  -9.6228963e+01  -9.5892404e+01  -1.0749366e+02  -1.1626196e+02  -1.3269009e+02  -8.7270600e+01
   3.7693060e+01  -3.3966534e+01  -9.8860404e+01  -9.5658699e+01  -1.0974355e+02  -1.1851359e+02  -1.3479072e+02  -8.8975716e+01
   3.7771261e+01  -3.6319741e+01  -1.0280219e+02  -9.5596972e+01  -1.1293882e+02  -1.2171259e+02  -1.3772236e+02  -9.1267397e+01
   3.7849462e+01  -3.9742433e+01  -1.1041866e+02  -9.5696153e+01  -1.1822821e+02  -1.2701269e+02  -1.4236311e+02  -9.4579303e+01
   3.7927664e+01  -4.5718970e+01  -1.1820464e+02  -9.5951311e+01  -1.3459976e+02  -1.4352042e+02  -1.5334871e+02  -1.0025068e+02
   3.8005865e+01  -9.3097481e+01  -1.0530180e+02  -9.6362845e+01  -1.2139533e+02  -1.3012021e+02  -1.4955437e+02  -1.2427000e+02
   3.8084066e+01  -4.5646961e+01  -1.0041135e+02  -9.6936454e+01  -1.1454834e+02  -1.2329185e+02  -1.4116503e+02  -1.0139903e+02
   3.8162268e+01  -3.9709125e+01  -9.7396477e+01  -9.7683868e+01  -1.1085777e+02  -1.1960645e+02  -1.3706303e+02  -9.5128346e+01
   3.8240469e+01  -3.6300552e+01  -9.5262269e+01  -9.8624577e+01  -1.0837343e+02  -1.1712438e+02  -1.3438293e+02  -9.1606067e+01
   3.8318671e+01  -3.3955342e+01  -9.3652860e+01  -9.9789189e+01  -1.0654602e+02  -1.1529817e+02  -1.3243847e+02  -8.9200926e+01
   3.8396872e+01  -3.2213780e+01  -9.2400124e+01  -1.0122586e+02  -1.0514230e+02  -1.1389513e+02  -1.3095539e+02  -8.7420987e+01
   3.8475073e+01  -3.0871709e+01  -9.1411697e+01  -1.0301335e+02  -1.0404180e+02  -1.1279502e+02  -1.2979666e+02  -8.6051460e+01
   3.8553275e+01  -2.9821084e+01  -9.0631885e+01  -1.0529058e+02  -1.0317469e+02  -1.1192813e+02  -1.2888448e+02  -8.4979764e+01
   3.8631476e+01  -2.8998417e+01  -9.0025055e+01  -1.0833548e+02  -1.0249746e+02  -1.1125102e+02  -1.2817100e+02  -8.4140150e+01
   3.8709677e+01  -2.8363917e+01  -8.9567630e+01  -1.1284402e+02  -1.0198179e+02  -1.1073538e+02  -1.2762536e+02  -8.3491571e+01
   3.8787879e+01  -2.7891749e+01  -8.9243859e+01  -1.2174382e+02  -1.0160889e+02  -1.1036248e+02  -1.2722718e+02  -8.3007438e+01
   3.8866080e+01  -2.7565033e+01  -8.9043470e+01  -1.2561454e+02  -1.0136648e+02  -1.1012003e+02  -1.2696313e+02  -8.2670390e+01
   3.8944282e+01  -2.7373133e+01  -8.8960339e+01  -1.1528335e+02  -1.0124703e+02  -1.1000052e+02  -1.2682495e+02  -8.2469471e+01
   3.9022483e+01  -2.7310169e+01  -8.8991766e+01  -1.1120599e+02  -1.0124685e+02  -1.1000026e+02  -1.2680844e+02  -8.2398577e+01
   3.9100684e+01  -2.7374262e+01  -8.9138183e+01  -1.0887275e+02  -1.0136562e+02  -1.1011896e+02  -1.2691293e+02  -8.2455671e+01
   3.9178886e+01  -2.7567308e+01  -8.9403196e+01  -1.0742453e+02  -1.0160642e+02  -1.1035967e+02  -1.2714119e+02  -8.2642531e+01
   3.9257087e+01  -2.7895208e+01  -8.9793999e+01  -1.0654842e+02  -1.0197602e+02  -1.1072919e+02  -1.2749980e+02  -8.2964970e+01
   3.9335288e+01  -2.8368620e+01  -9.0322245e+01  -1.0610264e+02  -1.0248576e+02  -1.1123884e+02  -1.2799993e+02  -8.3433581e+01
   3.9413490e+01  -2.9004457e+01  -9.1005613e+01  -1.0602003e+02  -1.0315306e+02  -1.1190607e+02  -1.2865888e+02  -8.4065225e+01
   3.9491691e+01  -2.9828603e+01  -9.1870588e+01  -1.0627571e+02  -1.0400422e+02  -1.1275716e+02  -1.2950286e+02  -8.4885744e+01
   3.9569892e+01  -3.0880926e+01  -9.2957509e+01  -1.0687693e+02  -1.0507942e+02  -1.1383230e+02  -1.3057197e+02  -8.5934976e+01
   3.9648094e+01  -3.2225047e+01  -9.4330367e+01  -1.0786548e+02  -1.0644254e+02  -1.1519536e+02  -1.3193001e+02  -8.7276517e+01
   3.9726295e+01  -3.3969279e+01  -9.6097761e+01  -1.0933468e+02  -1.0820208e+02  -1.1695485e+02  -1.3368546e+02  -8.9018663e+01
   3.9804497e+01  -3.6318396e+01  -9.8464683e+01  -1.1147893e+02  -1.1056296e+02  -1.1931569e+02  -1.3604319e+02  -9.1366171e+01
   3.9882698e+01  -3.9733957e+01  -1.0189285e+02  -1.1475269e+02  -1.1398684e+02  -1.2273955e+02  -1.3946485e+02  -9.4780589e+01
   3.9960899e+01  -4.5691048e+01  -1.0785747e+02  -1.2062643e+02  -1.1994890e+02  -1.2870160e+02  -1.4542557e+02  -1.0073700e+02
