  -4.0000000e+01  -7.6353030e+01  -7.5661330e+01  -7.5687479e+01  -7.5673772e+01
  -3.9921870e+01  -7.6313617e+01  -7.5613359e+01  -7.5638533e+01  -7.5673889e+01
  -3.9843740e+01  -7.6207912e+01  -7.5522372e+01  -7.5547610e+01  -7.5673921e+01
  -3.9765611e+01  -7.6103235e+01  -7.5438133e+01  -7.5464148e+01  -7.5673870e+01
  -3.9687481e+01  -7.6166256e+01  -7.5480362e+01  -7.5504621e+01  -7.5673735e+01
  -3.9609351e+01  -7.6219709e+01  -7.5498223e+01  -7.5522624e+01  -7.5673516e+01
  -3.9531221e+01  -7.6029696e+01  -7.5425537e+01  -7.5450376e+01  -7.5673213e+01
  -3.9453092e+01  -7.6370792e+01  -7.5670338e+01  -7.5695023e+01  -7.5672827e+01
  -3.9374962e+01  -7.6216423e+01  -7.5499283e+01  -7.5524561e+01  -7.5672356e+01
  -3.9296832e+01  -7.6296166e+01  -7.5614192e+01  -7.5639919e+01  -7.5671802e+01
  -3.9218702e+01  -7.6247570e+01  -7.5576404e+01  -7.5601659e+01  -7.5671164e+01
  -3.9140573e+01  -7.6253217e+01  -7.5563528e+01  -7.5589118e+01  -7.5670443e+01
  -3.9062443e+01  -7.6199284e+01  -7.5506215e+01  -7.5532593e+01  -7.5669637e+01
  -3.8984313e+01  -7.6296928e+01  -7.5593590e+01  -7.5618941e+01  -7.5668748e+01
  -3.8906183e+01  -7.6217124e+01  -7.5507955e+01  -7.5533233e+01  -7.5667775e+01
  -3.8828053e+01  -7.6256947e+01  -7.5571521e+01  -7.5597340e+01  -7.5666717e+01
  -3.8749924e+01  -7.6183803e+01  -7.5503561e+01  -7.5528741e+01  -7.5665576e+01
  -3.8671794e+01  -7.6273051e+01  -7.5596319e+01  -7.5622461e+01  -7.5664351e+01
  -3.8593664e+01  -7.6356863e+01  -7.5666301e+01  -7.5691747e+01  -7.5663042e+01
  -3.8515534e+01  -7.6288983e+01  -7.5586344e+01  -7.5611879e+01  -7.5661649e+01
  -3.8437405e+01  -7.6342824e+01  -7.5642120e+01  -7.5667858e+01  -7.5660172e+01
  -3.8359275e+01  -7.6337767e+01  -7.5644302e+01  -7.5670399e+01  -7.5658611e+01
  -3.8281145e+01  -7.6314286e+01  -7.5620894e+01  -7.5646667e+01  -7.5656966e+01
  -3.8203015e+01  -7.6304194e+01  -7.5603555e+01  -7.5629472e+01  -7.5655236e+01
  -3.8124886e+01  -7.6318106e+01  -7.5614803e+01  -7.5640546e+01  -7.5653423e+01
  -3.8046756e+01  -7.6316780e+01  -7.5613041e+01  -7.5638788e+01  -7.5651525e+01
  -3.7968626e+01  -7.6332832e+01  -7.5632358e+01  -7.5658226e+01  -7.5649543e+01
  -3.7890496e+01  -7.6305799e+01  -7.5605758e+01  -7.5631459e+01  -7.5647477e+01
  -3.7812366e+01  -7.6298392e+01  -7.5609368e+01  -7.5635267e+01  -7.5645326e+01
  -3.7734237e+01  -7.6299995e+01  -7.5590379e+01  -7.5615617e+01  -7.5643092e+01
  -3.7656107e+01  -7.6252930e+01  -7.5546876e+01  -7.5572056e+01  -7.5640772e+01
  -3.7577977e+01  -7.6274905e+01  -7.5577264e+01  -7.5602812e+01  -7.5638369e+01
  -3.7499847e+01  -7.6285936e+01  -7.5600772e+01  -7.5626357e+01  -7.5635880e+01
  -3.7421718e+01  -7.6271184e+01  -7.5555176e+01  -7.5580980e+01  -7.5633308e+01
  -3.7343588e+01  -7.6168713e+01  -7.5501849e+01  -7.5527592e+01  -7.5630650e+01
  -3.7265458e+01  -7.6271698e+01  -7.5564480e+01  -7.5589785e+01  -7.5627908e+01
  -3.7187328e+01  -7.6217823e+01  -7.5515785e+01  -7.5541000e+01  -7.5625082e+01
  -3.7109199e+01  -7.6317605e+01  -7.5634560e+01  -7.5660905e+01  -7.5622170e+01
  -3.7031069e+01  -7.6174762e+01  -7.5469095e+01  -7.5493581e+01  -7.5619174e+01
  -3.6952939e+01  -7.6323810e+01  -7.5644624e+01  -7.5670988e+01  -7.5616093e+01
  -3.6874809e+01  -7.6006302e+01  -7.5327009e+01  -7.5351267e+01  -7.5612926e+01
  -3.6796679e+01  -7.6167134e+01  -7.5458700e+01  -7.5484648e+01  -7.5609675e+01
  -3.6718550e+01  -7.6082705e+01  -7.5425168e+01  -7.5449771e+01  -7.5606339e+01
  -3.6640420e+01  -7.6112188e+01  -7.5435642e+01  -7.5462140e+01  -7.5602917e+01
  -3.6562290e+01  -7.6104464e+01  -7.5395911e+01  -7.5419873e+01  -7.5599411e+01
  -3.6484160e+01  -7.6056254e+01  -7.5385329e+01  -7.5412871e+01  -7.5595819e+01
  -3.6406031e+01  -7.6148856e+01  -7.5463722e+01  -7.5488553e+01  -7.5592141e+01
  -3.6327901e+01  -7.6134674e+01  -7.5470796e+01  -7.5497283e+01  -7.5588379e+01
  -3.6249771e+01  -7.5923158e+01  -7.5234332e+01  -7.5257938e+01  -7.5584530e+01
  -3.6171641e+01  -7.6027058e+01  -7.5352066e+01  -7.5378470e+01  -7.5580596e+01
  -3.6093512e+01  -7.6148580e+01  -7.5433325e+01  -7.5457668e+01  -7.5576576e+01
  -3.6015382e+01  -7.5970732e+01  -7.5364482e+01  -7.5391580e+01  -7.5572471e+01
  -3.5937252e+01  -7.6146554e+01  -7.5541108e+01  -7.5566133e+01  -7.5568280e+01
  -3.5859122e+01  -7.6249213e+01  -7.5549283e+01  -7.5575122e+01  -7.5564003e+01
  -3.5780992e+01  -7.6203404e+01  -7.5503023e+01  -7.5528940e+01  -7.5559639e+01
  -3.5702863e+01  -7.6202787e+01  -7.5513127e+01  -7.5539391e+01  -7.5555190e+01
  -3.5624733e+01  -7.6215598e+01  -7.5512761e+01  -7.5538454e+01  -7.5550654e+01
  -3.5546603e+01  -7.6200213e+01  -7.5503101e+01  -7.5529071e+01  -7.5546033e+01
  -3.5468473e+01  -7.6201216e+01  -7.5505161e+01  -7.5530673e+01  -7.5541324e+01
  -3.5390344e+01  -7.6198881e+01  -7.5500828e+01  -7.5526360e+01  -7.5536529e+01
  -3.5312214e+01  -7.6191201e+01  -7.5496513e+01  -7.5522669e+01  -7.5531648e+01
  -3.5234084e+01  -7.6173688e+01  -7.5482106e+01  -7.5507349e+01  -7.5526679e+01
  -3.5155954e+01  -7.6178017e+01  -7.5478597e+01  -7.5504492e+01  -7.5521625e+01
  -3.5077825e+01  -7.6173278e+01  -7.5479817e+01  -7.5505849e+01  -7.5516483e+01
  -3.4999695e+01  -7.6169375e+01  -7.5473634e+01  -7.5499520e+01  -7.5511254e+01
  -3.4921565e+01  -7.6161613e+01  -7.5464706e+01  -7.5490497e+01  -7.5505938e+01
  -3.4843435e+01  -7.6150142e+01  -7.5461284e+01  -7.5486920e+01  -7.5500534e+01
  -3.4765305e+01  -7.6155012e+01  -7.5455778e+01  -7.5481355e+01  -7.5495044e+01
  -3.4687176e+01  -7.6143529e+01  -7.5451290e+01  -7.5476942e+01  -7.5489466e+01
  -3.4609046e+01  -7.6137943e+01  -7.5443963e+01  -7.5469768e+01  -7.5483800e+01
  -3.4530916e+01  -7.6133965e+01  -7.5439294e+01  -7.5465105e+01  -7.5478046e+01
  -3.4452786e+01  -7.6126017e+01  -7.5433568e+01  -7.5459321e+01  -7.5472205e+01
  -3.4374657e+01  -7.6119397e+01  -7.5427556e+01  -7.5453327e+01  -7.5466276e+01
  -3.4296527e+01  -7.6113169e+01  -7.5421567e+01  -7.5447334e+01  -7.5460258e+01
  -3.4218397e+01  -7.6108872e+01  -7.5415552e+01  -7.5441312e+01  -7.5454153e+01
  -3.4140267e+01  -7.6091896e+01  -7.5409352e+01  -7.5435123e+01  -7.5447959e+01
  -3.4062138e+01  -7.6109467e+01  -7.5403121e+01  -7.5428961e+01  -7.5441676e+01
  -3.3984008e+01  -7.6058068e+01  -7.5396393e+01  -7.5422094e+01  -7.5435305e+01
  -3.3905878e+01  -7.6017342e+01  -7.5389944e+01  -7.5415717e+01  -7.5428845e+01
  -3.3827748e+01  -7.6056894e+01  -7.5383709e+01  -7.5409556e+01  -7.5422297e+01
  -3.3749619e+01  -7.5997868e+01  -7.5377194e+01  -7.5403000e+01  -7.5415659e+01
  -3.3671489e+01  -7.6047625e+01  -7.5370093e+01  -7.5395833e+01  -7.5408932e+01
  -3.3593359e+01  -7.6012410e+01  -7.5363556e+01  -7.5389251e+01  -7.5402116e+01
  -3.3515229e+01  -7.6024323e+01  -7.5356319e+01  -7.5382084e+01  -7.5395210e+01
  -3.3437099e+01  -7.5997535e+01  -7.5349812e+01  -7.5375529e+01  -7.5388214e+01
  -3.3358970e+01  -7.5998934e+01  -7.5342330e+01  -7.5368115e+01  -7.5381129e+01
  -3.3280840e+01  -7.5835625e+01  -7.5335351e+01  -7.5361156e+01  -7.5373954e+01
  -3.3202710e+01  -7.6026506e+01  -7.5328104e+01  -7.5353882e+01  -7.5366689e+01
  -3.3124580e+01  -7.5776698e+01  -7.5320826e+01  -7.5346556e+01  -7.5359334e+01
  -3.3046451e+01  -7.5857900e+01  -7.5313140e+01  -7.5338960e+01  -7.5351888e+01
  -3.2968321e+01  -7.5876727e+01  -7.5305831e+01  -7.5331610e+01  -7.5344352e+01
  -3.2890191e+01  -7.5904720e+01  -7.5298168e+01  -7.5323958e+01  -7.5336724e+01
  -3.2812061e+01  -7.5891678e+01  -7.5290376e+01  -7.5316167e+01  -7.5329006e+01
  -3.2733932e+01  -7.5899159e+01  -7.5282524e+01  -7.5308245e+01  -7.5321197e+01
  -3.2655802e+01  -7.5583808e+01  -7.5274442e+01  -7.5300216e+01  -7.5313297e+01
  -3.2577672e+01  -7.5760708e+01  -7.5266759e+01  -7.5292598e+01  -7.5305305e+01
  -3.2499542e+01  -7.5614191e+01  -7.5258645e+01  -7.5284402e+01  -7.5297222e+01
  -3.2421412e+01  -7.5780891e+01  -7.5250257e+01  -7.5276054e+01  -7.5289047e+01
  -3.2343283e+01  -7.5798050e+01  -7.5242270e+01  -7.5267967e+01  -7.5280779e+01
  -3.2265153e+01  -7.5879790e+01  -7.5233858e+01  -7.5259594e+01  -7.5272420e+01
  -3.2187023e+01  -7.5705049e+01  -7.5225452e+01  -7.5251242e+01  -7.5263969e+01
  -3.2108893e+01  -7.5753220e+01  -7.5216616e+01  -7.5242374e+01  -7.5255425e+01
  -3.2030764e+01  -7.5801321e+01  -7.5208095e+01  -7.5233924e+01  -7.5246787e+01
  -3.1952634e+01  -7.5874275e+01  -7.5199489e+01  -7.5225292e+01  -7.5238058e+01
  -3.1874504e+01  -7.5609363e+01  -7.5190610e+01  -7.5216386e+01  -7.5229235e+01
  -3.1796374e+01  -7.5817284e+01  -7.5181718e+01  -7.5207516e+01  -7.5220319e+01
  -3.1718245e+01  -7.5592824e+01  -7.5172683e+01  -7.5198442e+01  -7.5211309e+01
  -3.1640115e+01  -7.5730775e+01  -7.5163612e+01  -7.5189397e+01  -7.5202205e+01
  -3.1561985e+01  -7.5634377e+01  -7.5154428e+01  -7.5180174e+01  -7.5193008e+01
  -3.1483855e+01  -7.5786179e+01  -7.5145117e+01  -7.5170936e+01  -7.5183716e+01
  -3.1405725e+01  -7.5571036e+01  -7.5135726e+01  -7.5161509e+01  -7.5174332e+01
  -3.1327596e+01  -7.5766927e+01  -7.5126263e+01  -7.5152046e+01  -7.5164851e+01
  -3.1249466e+01  -7.5668947e+01  -7.5116670e+01  -7.5142441e+01  -7.5155276e+01
  -3.1171336e+01  -7.5854049e+01  -7.5106985e+01  -7.5132792e+01  -7.5145606e+01
  -3.1093206e+01  -7.5760537e+01  -7.5097233e+01  -7.5123029e+01  -7.5135840e+01
  -3.1015077e+01  -7.5815650e+01  -7.5087407e+01  -7.5113191e+01  -7.5125979e+01
  -3.0936947e+01  -7.5764565e+01  -7.5077415e+01  -7.5103208e+01  -7.5116023e+01
  -3.0858817e+01  -7.5740586e+01  -7.5067364e+01  -7.5093155e+01  -7.5105971e+01
  -3.0780687e+01  -7.5743502e+01  -7.5057217e+01  -7.5083008e+01  -7.5095822e+01
  -3.0702558e+01  -7.5725089e+01  -7.5046978e+01  -7.5072773e+01  -7.5085577e+01
  -3.0624428e+01  -7.5725868e+01  -7.5036635e+01  -7.5062429e+01  -7.5075236e+01
  -3.0546298e+01  -7.5707698e+01  -7.5026197e+01  -7.5051992e+01  -7.5064798e+01
  -3.0468168e+01  -7.5709071e+01  -7.5015665e+01  -7.5041463e+01  -7.5054262e+01
  -3.0390038e+01  -7.5701650e+01  -7.5005023e+01  -7.5030827e+01  -7.5043629e+01
  -3.0311909e+01  -7.5682119e+01  -7.4994294e+01  -7.5020096e+01  -7.5032899e+01
  -3.0233779e+01  -7.5642932e+01  -7.4983477e+01  -7.5009259e+01  -7.5022071e+01
  -3.0155649e+01  -7.5596881e+01  -7.4972521e+01  -7.4998327e+01  -7.5011144e+01
  -3.0077519e+01  -7.5645047e+01  -7.4961525e+01  -7.4987321e+01  -7.5000119e+01
  -2.9999390e+01  -7.5657876e+01  -7.4950409e+01  -7.4976210e+01  -7.4988996e+01
  -2.9921260e+01  -7.5576703e+01  -7.4939148e+01  -7.4964955e+01  -7.4977773e+01
  -2.9843130e+01  -7.5551915e+01  -7.4927881e+01  -7.4953673e+01  -7.4966452e+01
  -2.9765000e+01  -7.5525550e+01  -7.4916391e+01  -7.4942220e+01  -7.4955031e+01
  -2.9686871e+01  -7.5427309e+01  -7.4904912e+01  -7.4930737e+01  -7.4943510e+01
  -2.9608741e+01  -7.5357887e+01  -7.4893283e+01  -7.4919057e+01  -7.4931890e+01
  -2.9530611e+01  -7.5244045e+01  -7.4881488e+01  -7.4907376e+01  -7.4920167e+01
  -2.9452481e+01  -7.5465631e+01  -7.4869747e+01  -7.4895552e+01  -7.4908346e+01
  -2.9374351e+01  -7.5244431e+01  -7.4857843e+01  -7.4883648e+01  -7.4896424e+01
  -2.9296222e+01  -7.5347177e+01  -7.4845806e+01  -7.4871595e+01  -7.4884400e+01
  -2.9218092e+01  -7.5273863e+01  -7.4833701e+01  -7.4859486e+01  -7.4872275e+01
  -2.9139962e+01  -7.5340604e+01  -7.4821403e+01  -7.4847260e+01  -7.4860048e+01
  -2.9061832e+01  -7.5100667e+01  -7.4809124e+01  -7.4834931e+01  -7.4847718e+01
  -2.8983703e+01  -7.5327107e+01  -7.4796626e+01  -7.4822491e+01  -7.4835286e+01
  -2.8905573e+01  -7.5120073e+01  -7.4784096e+01  -7.4809936e+01  -7.4822752e+01
  -2.8827443e+01  -7.5204644e+01  -7.4771533e+01  -7.4797327e+01  -7.4810116e+01
  -2.8749313e+01  -7.5195625e+01  -7.4758779e+01  -7.4784596e+01  -7.4797375e+01
  -2.8671184e+01  -7.5131073e+01  -7.4745934e+01  -7.4771717e+01  -7.4784532e+01
  -2.8593054e+01  -7.5216054e+01  -7.4732988e+01  -7.4758818e+01  -7.4771583e+01
  -2.8514924e+01  -7.5135041e+01  -7.4719821e+01  -7.4745758e+01  -7.4758530e+01
  -2.8436794e+01  -7.5076883e+01  -7.4706762e+01  -7.4732589e+01  -7.4745374e+01
  -2.8358664e+01  -7.5330088e+01  -7.4693471e+01  -7.4719292e+01  -7.4732112e+01
  -2.8280535e+01  -7.5009642e+01  -7.4680023e+01  -7.4705933e+01  -7.4718744e+01
  -2.8202405e+01  -7.5142014e+01  -7.4666741e+01  -7.4692491e+01  -7.4705272e+01
  -2.8124275e+01  -7.5032491e+01  -7.4653153e+01  -7.4678896e+01  -7.4691693e+01
  -2.8046145e+01  -7.5277505e+01  -7.4639303e+01  -7.4665225e+01  -7.4678006e+01
  -2.7968016e+01  -7.4975500e+01  -7.4625565e+01  -7.4651428e+01  -7.4664214e+01
  -2.7889886e+01  -7.5183844e+01  -7.4611567e+01  -7.4637536e+01  -7.4650315e+01
  -2.7811756e+01  -7.5149065e+01  -7.4597672e+01  -7.4623532e+01  -7.4636309e+01
  -2.7733626e+01  -7.5151275e+01  -7.4583392e+01  -7.4609413e+01  -7.4622194e+01
  -2.7655497e+01  -7.5104494e+01  -7.4569341e+01  -7.4595187e+01  -7.4607973e+01
  -2.7577367e+01  -7.5225274e+01  -7.4554989e+01  -7.4580859e+01  -7.4593641e+01
  -2.7499237e+01  -7.5179661e+01  -7.4540571e+01  -7.4566417e+01  -7.4579201e+01
  -2.7421107e+01  -7.5140339e+01  -7.4526069e+01  -7.4551869e+01  -7.4564652e+01
  -2.7342977e+01  -7.5093227e+01  -7.4511313e+01  -7.4537209e+01  -7.4549993e+01
  -2.7264848e+01  -7.5148508e+01  -7.4496587e+01  -7.4522447e+01  -7.4535223e+01
  -2.7186718e+01  -7.5066319e+01  -7.4481689e+01  -7.4507561e+01  -7.4520344e+01
  -2.7108588e+01  -7.5120860e+01  -7.4466652e+01  -7.4492573e+01  -7.4505353e+01
  -2.7030458e+01  -7.5112009e+01  -7.4451592e+01  -7.4477470e+01  -7.4490252e+01
  -2.6952329e+01  -7.5099155e+01  -7.4436362e+01  -7.4462258e+01  -7.4475038e+01
  -2.6874199e+01  -7.5068974e+01  -7.4421031e+01  -7.4446934e+01  -7.4459712e+01
  -2.6796069e+01  -7.5060482e+01  -7.4405590e+01  -7.4431493e+01  -7.4444274e+01
  -2.6717939e+01  -7.5045974e+01  -7.4390083e+01  -7.4415943e+01  -7.4428723e+01
  -2.6639810e+01  -7.4999943e+01  -7.4374500e+01  -7.4400277e+01  -7.4413058e+01
  -2.6561680e+01  -7.4998066e+01  -7.4358605e+01  -7.4384500e+01  -7.4397279e+01
  -2.6483550e+01  -7.4893157e+01  -7.4342926e+01  -7.4368607e+01  -7.4381386e+01
  -2.6405420e+01  -7.4875845e+01  -7.4326630e+01  -7.4352599e+01  -7.4365377e+01
  -2.6327290e+01  -7.4858737e+01  -7.4310446e+01  -7.4336476e+01  -7.4349255e+01
  -2.6249161e+01  -7.4785314e+01  -7.4294158e+01  -7.4320247e+01  -7.4333017e+01
  -2.6171031e+01  -7.4836737e+01  -7.4277914e+01  -7.4303877e+01  -7.4316662e+01
  -2.6092901e+01  -7.4842203e+01  -7.4261944e+01  -7.4287426e+01  -7.4300192e+01
  -2.6014771e+01  -7.4751309e+01  -7.4244263e+01  -7.4270823e+01  -7.4283603e+01
  -2.5936642e+01  -7.4661826e+01  -7.4228247e+01  -7.4254122e+01  -7.4266897e+01
  -2.5858512e+01  -7.4879017e+01  -7.4212805e+01  -7.4237284e+01  -7.4250075e+01
  -2.5780382e+01  -7.4827261e+01  -7.4192158e+01  -7.4220353e+01  -7.4233128e+01
  -2.5702252e+01  -7.4813237e+01  -7.4178457e+01  -7.4203292e+01  -7.4216069e+01
  -2.5624123e+01  -7.4793070e+01  -7.4160731e+01  -7.4186116e+01  -7.4198889e+01
  -2.5545993e+01  -7.4807621e+01  -7.4139091e+01  -7.4168812e+01  -7.4181585e+01
  -2.5467863e+01  -7.4788907e+01  -7.4127308e+01  -7.4151395e+01  -7.4164165e+01
  -2.5389733e+01  -7.4756929e+01  -7.4100962e+01  -7.4133847e+01  -7.4146623e+01
  -2.5311603e+01  -7.4741133e+01  -7.4090182e+01  -7.4116192e+01  -7.4128959e+01
  -2.5233474e+01  -7.4723361e+01  -7.4066604e+01  -7.4098398e+01  -7.4111172e+01
  -2.5155344e+01  -7.4700300e+01  -7.4050470e+01  -7.4080488e+01  -7.4093262e+01
  -2.5077214e+01  -7.4683417e+01  -7.4036988e+01  -7.4062457e+01  -7.4075232e+01
  -2.4999084e+01  -7.4675479e+01  -7.4021070e+01  -7.4044311e+01  -7.4057077e+01
  -2.4920955e+01  -7.4647657e+01  -7.3997486e+01  -7.4026014e+01  -7.4038798e+01
  -2.4842825e+01  -7.4625175e+01  -7.3978891e+01  -7.4007624e+01  -7.4020392e+01
  -2.4764695e+01  -7.4617988e+01  -7.3961958e+01  -7.3989096e+01  -7.4001860e+01
  -2.4686565e+01  -7.4591274e+01  -7.3946267e+01  -7.3970431e+01  -7.3983205e+01
  -2.4608436e+01  -7.4550025e+01  -7.3905207e+01  -7.3951644e+01  -7.3964422e+01
  -2.4530306e+01  -7.4560322e+01  -7.3914888e+01  -7.3932730e+01  -7.3945512e+01
  -2.4452176e+01  -7.4532357e+01  -7.3882301e+01  -7.3913703e+01  -7.3926476e+01
  -2.4374046e+01  -7.4509787e+01  -7.3869097e+01  -7.3894536e+01  -7.3907310e+01
  -2.4295916e+01  -7.4507069e+01  -7.3868770e+01  -7.3875243e+01  -7.3888013e+01
  -2.4217787e+01  -7.4423085e+01  -7.3806227e+01  -7.3855823e+01  -7.3868589e+01
  -2.4139657e+01  -7.4495113e+01  -7.3856589e+01  -7.3836267e+01  -7.3849034e+01
  -2.4061527e+01  -7.4286799e+01  -7.3709244e+01  -7.3816580e+01  -7.3829350e+01
  -2.3983397e+01  -7.4377995e+01  -7.3740151e+01  -7.3796761e+01  -7.3809532e+01
  -2.3905268e+01  -7.4305343e+01  -7.3661789e+01  -7.3776812e+01  -7.3789583e+01
  -2.3827138e+01  -7.4375027e+01  -7.3733361e+01  -7.3756731e+01  -7.3769502e+01
  -2.3749008e+01  -7.4329431e+01  -7.3695967e+01  -7.3736516e+01  -7.3749286e+01
  -2.3670878e+01  -7.4324035e+01  -7.3681987e+01  -7.3716167e+01  -7.3728937e+01
  -2.3592749e+01  -7.4296342e+01  -7.3663573e+01  -7.3695683e+01  -7.3708453e+01
  -2.3514619e+01  -7.4287114e+01  -7.3650225e+01  -7.3675064e+01  -7.3687833e+01
  -2.3436489e+01  -7.4272306e+01  -7.3628775e+01  -7.3654308e+01  -7.3667077e+01
  -2.3358359e+01  -7.4247669e+01  -7.3618305e+01  -7.3633416e+01  -7.3646185e+01
  -2.3280230e+01  -7.4226089e+01  -7.3582779e+01  -7.3612388e+01  -7.3625154e+01
  -2.3202100e+01  -7.4195780e+01  -7.3570049e+01  -7.3591218e+01  -7.3603986e+01
  -2.3123970e+01  -7.4103876e+01  -7.3517264e+01  -7.3569911e+01  -7.3582679e+01
  -2.3045840e+01  -7.4084322e+01  -7.3505423e+01  -7.3548465e+01  -7.3561230e+01
  -2.2967710e+01  -7.3974031e+01  -7.3315625e+01  -7.3526876e+01  -7.3539644e+01
  -2.2889581e+01  -7.3995776e+01  -7.3398602e+01  -7.3505143e+01  -7.3517916e+01
  -2.2811451e+01  -7.3984776e+01  -7.3351654e+01  -7.3483278e+01  -7.3496043e+01
  -2.2733321e+01  -7.4017197e+01  -7.3374893e+01  -7.3461263e+01  -7.3474031e+01
  -2.2655191e+01  -7.3600267e+01  -7.2993089e+01  -7.3439108e+01  -7.3451870e+01
  -2.2577062e+01  -7.3791602e+01  -7.3264153e+01  -7.3416805e+01  -7.3429570e+01
  -2.2498932e+01  -7.3642464e+01  -7.3165049e+01  -7.3394363e+01  -7.3407123e+01
  -2.2420802e+01  -7.3697611e+01  -7.3102853e+01  -7.3371761e+01  -7.3384533e+01
  -2.2342672e+01  -7.3470611e+01  -7.2910190e+01  -7.3349028e+01  -7.3361795e+01
  -2.2264543e+01  -7.3814514e+01  -7.3217521e+01  -7.3326137e+01  -7.3338905e+01
  -2.2186413e+01  -7.3442268e+01  -7.2841756e+01  -7.3303100e+01  -7.3315869e+01
  -2.2108283e+01  -7.3785070e+01  -7.3110357e+01  -7.3279914e+01  -7.3292688e+01
  -2.2030153e+01  -7.3634567e+01  -7.2975808e+01  -7.3256580e+01  -7.3269344e+01
  -2.1952023e+01  -7.3661029e+01  -7.3039020e+01  -7.3233096e+01  -7.3245863e+01
  -2.1873894e+01  -7.3259216e+01  -7.2768404e+01  -7.3209459e+01  -7.3222226e+01
  -2.1795764e+01  -7.3638604e+01  -7.3074317e+01  -7.3185668e+01  -7.3198428e+01
  -2.1717634e+01  -7.3088272e+01  -7.2582096e+01  -7.3161727e+01  -7.3174488e+01
  -2.1639504e+01  -7.3360107e+01  -7.2813255e+01  -7.3137621e+01  -7.3150387e+01
  -2.1561375e+01  -7.3372687e+01  -7.2826166e+01  -7.3113369e+01  -7.3126133e+01
  -2.1483245e+01  -7.3402597e+01  -7.2833023e+01  -7.3088955e+01  -7.3101721e+01
  -2.1405115e+01  -7.3025728e+01  -7.2473551e+01  -7.3064386e+01  -7.3077146e+01
  -2.1326985e+01  -7.3408625e+01  -7.2770308e+01  -7.3039659e+01  -7.3052423e+01
  -2.1248856e+01  -7.3258300e+01  -7.2662392e+01  -7.3014773e+01  -7.3027538e+01
  -2.1170726e+01  -7.3458488e+01  -7.2838944e+01  -7.2989724e+01  -7.3002488e+01
  -2.1092596e+01  -7.3324693e+01  -7.2813613e+01  -7.2964515e+01  -7.2977279e+01
  -2.1014466e+01  -7.3519416e+01  -7.2928267e+01  -7.2939143e+01  -7.2951906e+01
  -2.0936336e+01  -7.3203770e+01  -7.2636211e+01  -7.2913607e+01  -7.2926371e+01
  -2.0858207e+01  -7.3391111e+01  -7.2793258e+01  -7.2887907e+01  -7.2900669e+01
  -2.0780077e+01  -7.3341422e+01  -7.2707865e+01  -7.2862040e+01  -7.2874805e+01
  -2.0701947e+01  -7.3350377e+01  -7.2758217e+01  -7.2836010e+01  -7.2848773e+01
  -2.0623817e+01  -7.3384554e+01  -7.2766448e+01  -7.2809809e+01  -7.2822572e+01
  -2.0545688e+01  -7.3372018e+01  -7.2771377e+01  -7.2783439e+01  -7.2796203e+01
  -2.0467558e+01  -7.3330321e+01  -7.2733266e+01  -7.2756900e+01  -7.2769663e+01
  -2.0389428e+01  -7.3307423e+01  -7.2709236e+01  -7.2730190e+01  -7.2742952e+01
  -2.0311298e+01  -7.3283328e+01  -7.2684789e+01  -7.2703307e+01  -7.2716069e+01
  -2.0233169e+01  -7.3232315e+01  -7.2647474e+01  -7.2676250e+01  -7.2689013e+01
  -2.0155039e+01  -7.3218463e+01  -7.2659769e+01  -7.2649019e+01  -7.2661782e+01
  -2.0076909e+01  -7.3209702e+01  -7.2636499e+01  -7.2621612e+01  -7.2634373e+01
  -1.9998779e+01  -7.3166157e+01  -7.2565249e+01  -7.2594027e+01  -7.2606787e+01
  -1.9920649e+01  -7.3053170e+01  -7.2476298e+01  -7.2566263e+01  -7.2579028e+01
  -1.9842520e+01  -7.2901315e+01  -7.2328139e+01  -7.2538322e+01  -7.2551086e+01
  -1.9764390e+01  -7.3088837e+01  -7.2545101e+01  -7.2510198e+01  -7.2522962e+01
  -1.9686260e+01  -7.2727672e+01  -7.2157786e+01  -7.2481892e+01  -7.2494654e+01
  -1.9608130e+01  -7.2737317e+01  -7.2266333e+01  -7.2453406e+01  -7.2466173e+01
  -1.9530001e+01  -7.2617103e+01  -7.2024131e+01  -7.2424727e+01  -7.2437487e+01
  -1.9451871e+01  -7.2631017e+01  -7.2073326e+01  -7.2395869e+01  -7.2408631e+01
  -1.9373741e+01  -7.2347766e+01  -7.1890231e+01  -7.2366822e+01  -7.2379583e+01
  -1.9295611e+01  -7.2549864e+01  -7.2001850e+01  -7.2337585e+01  -7.2350340e+01
  -1.9217482e+01  -7.2325690e+01  -7.1794195e+01  -7.2308160e+01  -7.2320920e+01
  -1.9139352e+01  -7.2589941e+01  -7.2063069e+01  -7.2278537e+01  -7.2291303e+01
  -1.9061222e+01  -7.2230493e+01  -7.1789914e+01  -7.2248727e+01  -7.2261487e+01
  -1.8983092e+01  -7.2505106e+01  -7.1971337e+01  -7.2218720e+01  -7.2231485e+01
  -1.8904962e+01  -7.2295177e+01  -7.1801837e+01  -7.2188512e+01  -7.2201270e+01
  -1.8826833e+01  -7.2472956e+01  -7.1963569e+01  -7.2158115e+01  -7.2170873e+01
  -1.8748703e+01  -7.2572061e+01  -7.2016661e+01  -7.2127515e+01  -7.2140275e+01
  -1.8670573e+01  -7.2402092e+01  -7.1874060e+01  -7.2096717e+01  -7.2109476e+01
  -1.8592443e+01  -7.2183089e+01  -7.1544949e+01  -7.2065713e+01  -7.2078475e+01
  -1.8514314e+01  -7.2414143e+01  -7.1886482e+01  -7.2034502e+01  -7.2047268e+01
  -1.8436184e+01  -7.2175854e+01  -7.1662645e+01  -7.2003091e+01  -7.2015850e+01
  -1.8358054e+01  -7.2422141e+01  -7.1813320e+01  -7.1971472e+01  -7.1984234e+01
  -1.8279924e+01  -7.2305085e+01  -7.1746109e+01  -7.1939639e+01  -7.1952398e+01
  -1.8201795e+01  -7.2457508e+01  -7.1921456e+01  -7.1907603e+01  -7.1920361e+01
  -1.8123665e+01  -7.2329715e+01  -7.1793327e+01  -7.1875350e+01  -7.1888109e+01
  -1.8045535e+01  -7.2385335e+01  -7.1817289e+01  -7.1842882e+01  -7.1855641e+01
  -1.7967405e+01  -7.2333702e+01  -7.1797063e+01  -7.1810200e+01  -7.1822960e+01
  -1.7889275e+01  -7.2297854e+01  -7.1750401e+01  -7.1777300e+01  -7.1790060e+01
  -1.7811146e+01  -7.2228321e+01  -7.1680476e+01  -7.1744180e+01  -7.1756939e+01
  -1.7733016e+01  -7.2215340e+01  -7.1688077e+01  -7.1710838e+01  -7.1723596e+01
  -1.7654886e+01  -7.2139006e+01  -7.1653880e+01  -7.1677278e+01  -7.1690038e+01
  -1.7576756e+01  -7.2053567e+01  -7.1517462e+01  -7.1643484e+01  -7.1656243e+01
  -1.7498627e+01  -7.1785418e+01  -7.1276831e+01  -7.1609465e+01  -7.1622221e+01
  -1.7420497e+01  -7.1996295e+01  -7.1500615e+01  -7.1575218e+01  -7.1587983e+01
  -1.7342367e+01  -7.1875200e+01  -7.1336232e+01  -7.1540741e+01  -7.1553500e+01
  -1.7264237e+01  -7.1841471e+01  -7.1340439e+01  -7.1506033e+01  -7.1518789e+01
  -1.7186108e+01  -7.1807193e+01  -7.1244418e+01  -7.1471084e+01  -7.1483841e+01
  -1.7107978e+01  -7.1624594e+01  -7.1051572e+01  -7.1435904e+01  -7.1448664e+01
  -1.7029848e+01  -7.1445494e+01  -7.0970268e+01  -7.1400474e+01  -7.1413235e+01
  -1.6951718e+01  -7.1629360e+01  -7.1041238e+01  -7.1364804e+01  -7.1377566e+01
  -1.6873588e+01  -7.1537443e+01  -7.1112204e+01  -7.1328897e+01  -7.1341651e+01
  -1.6795459e+01  -7.1715574e+01  -7.1227585e+01  -7.1292736e+01  -7.1305494e+01
  -1.6717329e+01  -7.1653374e+01  -7.1134180e+01  -7.1256334e+01  -7.1269089e+01
  -1.6639199e+01  -7.1713438e+01  -7.1197967e+01  -7.1219677e+01  -7.1232435e+01
  -1.6561069e+01  -7.1688341e+01  -7.1166195e+01  -7.1182764e+01  -7.1195521e+01
  -1.6482940e+01  -7.1638741e+01  -7.1107024e+01  -7.1145597e+01  -7.1158352e+01
  -1.6404810e+01  -7.1464462e+01  -7.1017854e+01  -7.1108172e+01  -7.1120926e+01
  -1.6326680e+01  -7.1337701e+01  -7.0914655e+01  -7.1070490e+01  -7.1083247e+01
  -1.6248550e+01  -7.0010799e+01  -6.9574588e+01  -7.1032543e+01  -7.1045307e+01
  -1.6170421e+01  -7.0104647e+01  -6.9642436e+01  -7.0994308e+01  -7.1007049e+01
  -1.6092291e+01  -6.8257257e+01  -6.8071609e+01  -7.0955808e+01  -7.0968566e+01
  -1.6014161e+01  -6.8688071e+01  -6.8444708e+01  -7.0917058e+01  -7.0929778e+01
  -1.5936031e+01  -6.5817622e+01  -6.5870422e+01  -7.0878037e+01  -7.0890814e+01
  -1.5857901e+01  -6.8426221e+01  -6.8266167e+01  -7.0838659e+01  -7.0851389e+01
  -1.5779772e+01  -7.0033469e+01  -6.9495849e+01  -7.0799196e+01  -7.0811917e+01
  -1.5701642e+01  -7.0774269e+01  -7.0380208e+01  -7.0759267e+01  -7.0772014e+01
  -1.5623512e+01  -7.0538557e+01  -6.9991729e+01  -7.0719083e+01  -7.0731914e+01
  -1.5545382e+01  -7.0397558e+01  -6.9954252e+01  -7.0678776e+01  -7.0691495e+01
  -1.5467253e+01  -7.0437400e+01  -7.0159629e+01  -7.0637874e+01  -7.0650585e+01
  -1.5389123e+01  -7.0332982e+01  -6.9792043e+01  -7.0596836e+01  -7.0609654e+01
  -1.5310993e+01  -7.0703851e+01  -7.0359979e+01  -7.0555557e+01  -7.0568301e+01
  -1.5232863e+01  -6.9856020e+01  -6.9545237e+01  -7.0513735e+01  -7.0526269e+01
  -1.5154734e+01  -7.0117273e+01  -6.9680801e+01  -7.0472433e+01  -7.0485040e+01
  -1.5076604e+01  -7.0322491e+01  -7.0113329e+01  -7.0429841e+01  -7.0442557e+01
  -1.4998474e+01  -6.9428174e+01  -6.9722294e+01  -7.0387120e+01  -7.0399892e+01
  -1.4920344e+01  -6.9710095e+01  -6.9755343e+01  -7.0344214e+01  -7.0357190e+01
  -1.4842214e+01  -6.8619582e+01  -6.9758110e+01  -7.0300757e+01  -7.0313609e+01
  -1.4764085e+01  -6.8373388e+01  -6.9453592e+01  -7.0257399e+01  -7.0269779e+01
  -1.4685955e+01  -6.8477215e+01  -6.9933378e+01  -7.0213795e+01  -7.0226621e+01
  -1.4607825e+01  -6.6374283e+01  -6.9546898e+01  -7.0169434e+01  -7.0181844e+01
  -1.4529695e+01  -6.5274111e+01  -6.9756852e+01  -7.0125700e+01  -7.0138272e+01
  -1.4451566e+01  -6.4416532e+01  -6.9716220e+01  -7.0080059e+01  -7.0093102e+01
  -1.4373436e+01  -6.0087719e+01  -6.9466286e+01  -7.0034941e+01  -7.0047640e+01
  -1.4295306e+01  -6.1261103e+01  -6.9850060e+01  -6.9989391e+01  -7.0002033e+01
  -1.4217176e+01  -5.5629233e+01  -6.9609777e+01  -6.9943097e+01  -6.9955323e+01
  -1.4139047e+01  -4.8381736e+01  -6.9513458e+01  -6.9898118e+01  -6.9910542e+01
  -1.4060917e+01  -4.1232454e+01  -6.9603570e+01  -6.9850469e+01  -6.9863185e+01
  -1.3982787e+01  -4.3584882e+01  -6.9732536e+01  -6.9802580e+01  -6.9814978e+01
  -1.3904657e+01  -3.9725608e+01  -6.9662871e+01  -6.9758765e+01  -6.9771369e+01
  -1.3826527e+01  -4.2577137e+01  -6.9531892e+01  -6.9707956e+01  -6.9720855e+01
  -1.3748398e+01  -3.8159013e+01  -6.9454152e+01  -6.9658711e+01  -6.9671291e+01
  -1.3670268e+01  -4.1234841e+01  -6.9581178e+01  -6.9613560e+01  -6.9627877e+01
  -1.3592138e+01  -3.6884702e+01  -6.9468432e+01  -6.9563553e+01  -6.9575681e+01
  -1.3514008e+01  -3.9672849e+01  -6.9468030e+01  -6.9515003e+01  -6.9528712e+01
  -1.3435879e+01  -3.5610847e+01  -6.9375639e+01  -6.9464417e+01  -6.9476325e+01
  -1.3357749e+01  -3.8434400e+01  -6.9345388e+01  -6.9417045e+01  -6.9428670e+01
  -1.3279619e+01  -3.4547623e+01  -6.9324629e+01  -6.9365681e+01  -6.9378553e+01
  -1.3201489e+01  -3.7954941e+01  -6.9228592e+01  -6.9312716e+01  -6.9326592e+01
  -1.3123360e+01  -3.3365532e+01  -6.9197418e+01  -6.9260778e+01  -6.9271094e+01
  -1.3045230e+01  -3.6454723e+01  -6.9211903e+01  -6.9205900e+01  -6.9221017e+01
  -1.2967100e+01  -3.2237926e+01  -6.9072740e+01  -6.9157212e+01  -6.9169628e+01
  -1.2888970e+01  -3.5590793e+01  -6.8971543e+01  -6.9107821e+01  -6.9117600e+01
  -1.2810841e+01  -3.0836352e+01  -6.8999736e+01  -6.9051159e+01  -6.9063679e+01
  -1.2732711e+01  -3.4499357e+01  -6.8984751e+01  -6.9001801e+01  -6.9016623e+01
  -1.2654581e+01  -3.0043692e+01  -6.8965457e+01  -6.8942961e+01  -6.8958370e+01
  -1.2576451e+01  -3.3487701e+01  -6.8768723e+01  -6.8885141e+01  -6.8900237e+01
  -1.2498321e+01  -2.8838060e+01  -6.8781417e+01  -6.8830311e+01  -6.8840657e+01
  -1.2420192e+01  -3.1704300e+01  -6.8729559e+01  -6.8782825e+01  -6.8796938e+01
  -1.2342062e+01  -2.7940692e+01  -6.8654125e+01  -6.8729187e+01  -6.8737438e+01
  -1.2263932e+01  -3.1825475e+01  -6.8556987e+01  -6.8678294e+01  -6.8695788e+01
  -1.2185802e+01  -2.6990844e+01  -6.8504511e+01  -6.8607887e+01  -6.8618039e+01
  -1.2107673e+01  -2.9551401e+01  -6.8503782e+01  -6.8562801e+01  -6.8577891e+01
  -1.2029543e+01  -2.7009408e+01  -6.8419218e+01  -6.8492382e+01  -6.8509081e+01
  -1.1951413e+01  -2.9382304e+01  -6.8356014e+01  -6.8433420e+01  -6.8446956e+01
  -1.1873283e+01  -2.5734866e+01  -6.8338904e+01  -6.8370659e+01  -6.8378072e+01
  -1.1795154e+01  -2.8278501e+01  -6.8234736e+01  -6.8311601e+01  -6.8333377e+01
  -1.1717024e+01  -2.4322233e+01  -6.8247048e+01  -6.8266847e+01  -6.8280623e+01
  -1.1638894e+01  -2.7246837e+01  -6.8106150e+01  -6.8192934e+01  -6.8207770e+01
  -1.1560764e+01  -2.4091086e+01  -6.8097916e+01  -6.8134682e+01  -6.8144317e+01
  -1.1482634e+01  -2.7041509e+01  -6.7973021e+01  -6.8101989e+01  -6.8120647e+01
  -1.1404505e+01  -2.2520839e+01  -6.7960804e+01  -6.7979533e+01  -6.8002228e+01
  -1.1326375e+01  -2.5794588e+01  -6.7884566e+01  -6.7943458e+01  -6.7960853e+01
  -1.1248245e+01  -2.1977083e+01  -6.7858922e+01  -6.7890682e+01  -6.7893432e+01
  -1.1170115e+01  -2.4804051e+01  -6.7798092e+01  -6.7796226e+01  -6.7806261e+01
  -1.1091986e+01  -2.1604043e+01  -6.7729801e+01  -6.7764152e+01  -6.7774593e+01
  -1.1013856e+01  -2.4154001e+01  -6.7581408e+01  -6.7697607e+01  -6.7706112e+01
  -1.0935726e+01  -2.0187216e+01  -6.7594624e+01  -6.7614855e+01  -6.7628195e+01
  -1.0857596e+01  -2.3626718e+01  -6.7513647e+01  -6.7561704e+01  -6.7593394e+01
  -1.0779467e+01  -2.0021165e+01  -6.7424471e+01  -6.7454749e+01  -6.7482254e+01
  -1.0701337e+01  -2.3289577e+01  -6.7377682e+01  -6.7401248e+01  -6.7413087e+01
  -1.0623207e+01  -1.9491132e+01  -6.7349866e+01  -6.7345155e+01  -6.7357147e+01
  -1.0545077e+01  -2.2631080e+01  -6.7177238e+01  -6.7292285e+01  -6.7305099e+01
  -1.0466947e+01  -1.8455118e+01  -6.7216666e+01  -6.7239161e+01  -6.7248325e+01
  -1.0388818e+01  -2.1733107e+01  -6.7064764e+01  -6.7121145e+01  -6.7162171e+01
  -1.0310688e+01  -1.7450140e+01  -6.6984023e+01  -6.7059495e+01  -6.7066651e+01
  -1.0232558e+01  -2.1136972e+01  -6.6903069e+01  -6.7011799e+01  -6.7031499e+01
  -1.0154428e+01  -1.6846017e+01  -6.6745584e+01  -6.6834662e+01  -6.6860715e+01
  -1.0076299e+01  -2.3689213e+01  -6.6811645e+01  -6.6845593e+01  -6.6849836e+01
  -9.9981688e+00  -2.7043255e+01  -6.6721923e+01  -6.6785382e+01  -6.6790080e+01
  -9.9200391e+00  -2.2473715e+01  -6.6586594e+01  -6.6581849e+01  -6.6593446e+01
  -9.8419093e+00  -1.5779169e+01  -6.6570877e+01  -6.6582916e+01  -6.6615410e+01
  -9.7637795e+00  -1.8824523e+01  -6.6405535e+01  -6.6381949e+01  -6.6375112e+01
  -9.6856498e+00  -1.5324363e+01  -6.6389363e+01  -6.6423045e+01  -6.6445356e+01
  -9.6075200e+00  -1.8961111e+01  -6.6195199e+01  -6.6267319e+01  -6.6304944e+01
  -9.5293902e+00  -1.4689271e+01  -6.6122510e+01  -6.6130488e+01  -6.6162937e+01
  -9.4512605e+00  -1.8412797e+01  -6.6134532e+01  -6.6136333e+01  -6.6141367e+01
  -9.3731307e+00  -1.4410459e+01  -6.6048582e+01  -6.6123588e+01  -6.6148520e+01
  -9.2950009e+00  -1.7550341e+01  -6.6017240e+01  -6.5961759e+01  -6.5921348e+01
  -9.2168711e+00  -1.3882951e+01  -6.5837214e+01  -6.5851844e+01  -6.5863457e+01
  -9.1387414e+00  -1.6602363e+01  -6.5760098e+01  -6.5787856e+01  -6.5807728e+01
  -9.0606116e+00  -1.3317551e+01  -6.5661932e+01  -6.5695582e+01  -6.5724718e+01
  -8.9824818e+00  -1.6284597e+01  -6.5485328e+01  -6.5442030e+01  -6.5466059e+01
  -8.9043521e+00  -1.2824796e+01  -6.5524936e+01  -6.5512650e+01  -6.5513361e+01
  -8.8262223e+00  -1.5961384e+01  -6.5479673e+01  -6.5427502e+01  -6.5409006e+01
  -8.7480925e+00  -1.2280439e+01  -6.5331603e+01  -6.5369890e+01  -6.5412105e+01
  -8.6699628e+00  -1.5487396e+01  -6.5113931e+01  -6.5192441e+01  -6.5202277e+01
  -8.5918330e+00  -1.0787358e+01  -6.5028562e+01  -6.5056740e+01  -6.5092963e+01
  -8.5137032e+00  -1.4680772e+01  -6.4777890e+01  -6.4673763e+01  -6.4716597e+01
  -8.4355735e+00  -1.1070564e+01  -6.4785390e+01  -6.4879448e+01  -6.4908761e+01
  -8.3574437e+00  -1.4593696e+01  -6.4431765e+01  -6.4343241e+01  -6.4321954e+01
  -8.2793139e+00  -1.0805298e+01  -6.4327762e+01  -6.4324911e+01  -6.4336928e+01
  -8.2011842e+00  -1.4525473e+01  -6.4464459e+01  -6.4398720e+01  -6.4347918e+01
  -8.1230544e+00  -1.1244061e+01  -6.3943512e+01  -6.4035769e+01  -6.4079789e+01
  -8.0449246e+00  -1.3441411e+01  -6.3822576e+01  -6.3701546e+01  -6.3651307e+01
  -7.9667948e+00  -1.0227802e+01  -6.3302087e+01  -6.3202102e+01  -6.3203696e+01
  -7.8886651e+00  -1.3125919e+01  -6.3286110e+01  -6.3080764e+01  -6.2999667e+01
  -7.8105353e+00  -9.3176714e+00  -6.3201801e+01  -6.3289598e+01  -6.3357468e+01
  -7.7324055e+00  -1.2445334e+01  -6.2224386e+01  -6.2055840e+01  -6.2043102e+01
  -7.6542758e+00  -8.9948090e+00  -6.2745743e+01  -6.2669272e+01  -6.2662143e+01
  -7.5761460e+00  -1.2279937e+01  -6.2330547e+01  -6.2203637e+01  -6.2147606e+01
  -7.4980162e+00  -8.8735173e+00  -6.1718920e+01  -6.1849979e+01  -6.1972026e+01
  -7.4198865e+00  -1.1723611e+01  -6.2225512e+01  -6.2127273e+01  -6.2036370e+01
  -7.3417567e+00  -7.9514113e+00  -6.1194141e+01  -6.1100675e+01  -6.1087501e+01
  -7.2636269e+00  -1.2310527e+01  -6.1735609e+01  -6.1759617e+01  -6.1787457e+01
  -7.1854972e+00  -7.6056311e+00  -6.1169735e+01  -6.1270471e+01  -6.1352419e+01
  -7.1073674e+00  -1.1011743e+01  -6.1054370e+01  -6.0812077e+01  -6.0734704e+01
  -7.0292376e+00  -7.7105746e+00  -6.1398693e+01  -6.1158327e+01  -6.1037105e+01
  -6.9511079e+00  -1.1459575e+01  -6.0901935e+01  -6.0916355e+01  -6.0913233e+01
  -6.8729781e+00  -7.0646763e+00  -6.0484743e+01  -6.0341806e+01  -6.0333657e+01
  -6.7948483e+00  -1.0608458e+01  -5.9825300e+01  -6.0017112e+01  -6.0121384e+01
  -6.7167185e+00  -6.8223248e+00  -5.9582196e+01  -5.9314720e+01  -5.9232730e+01
  -6.6385888e+00  -1.0390369e+01  -5.8363933e+01  -5.8310545e+01  -5.8343004e+01
  -6.5604590e+00  -6.8344826e+00  -5.8905610e+01  -5.9093252e+01  -5.9132184e+01
  -6.4823292e+00  -1.0063945e+01  -5.5731754e+01  -5.5417412e+01  -5.5316270e+01
  -6.4041995e+00  -6.0235231e+00  -5.5199143e+01  -5.5564426e+01  -5.5772851e+01
  -6.3260697e+00  -9.7983030e+00  -5.5389262e+01  -5.4832913e+01  -5.4548189e+01
  -6.2479399e+00  -6.0709013e+00  -5.1071121e+01  -5.1100978e+01  -5.1168371e+01
  -6.1698102e+00  -9.3997366e+00  -5.2555374e+01  -5.2857158e+01  -5.2927479e+01
  -6.0916804e+00  -6.2787491e+00  -4.9485353e+01  -4.9014680e+01  -4.8816683e+01
  -6.0135506e+00  -9.9573664e+00  -4.7691295e+01  -4.7919146e+01  -4.8047499e+01
  -5.9354209e+00  -5.8457453e+00  -4.9296778e+01  -4.9315107e+01  -4.9263717e+01
  -5.8572911e+00  -1.1997662e+01  -4.4374722e+01  -4.4145547e+01  -4.4075949e+01
  -5.7791613e+00  -1.7936962e+01  -4.4123840e+01  -4.4547328e+01  -4.4763429e+01
  -5.7010316e+00  -2.3713311e+01  -4.3672557e+01  -4.3285227e+01  -4.3100693e+01
  -5.6229018e+00  -2.1900112e+01  -4.0203195e+01  -4.0345842e+01  -4.0443418e+01
  -5.5447720e+00  -2.5621957e+01  -4.1880528e+01  -4.1926430e+01  -4.1916629e+01
  -5.4666423e+00  -2.6773224e+01  -3.8773038e+01  -3.8550098e+01  -3.8455854e+01
  -5.3885125e+00  -2.5643142e+01  -3.7602637e+01  -3.7784428e+01  -3.7880795e+01
  -5.3103827e+00  -3.0411168e+01  -3.8944059e+01  -3.8965416e+01  -3.8954318e+01
  -5.2322529e+00  -2.7891850e+01  -3.4612494e+01  -3.4510892e+01  -3.4478887e+01
  -5.1541232e+00  -2.8441205e+01  -3.4640954e+01  -3.4915551e+01  -3.5050239e+01
  -5.0759934e+00  -3.0637046e+01  -3.3851754e+01  -3.3674354e+01  -3.3590675e+01
  -4.9978636e+00  -2.8236780e+01  -3.1002777e+01  -3.1136619e+01  -3.1212786e+01
  -4.9197339e+00  -2.9983880e+01  -3.2461419e+01  -3.2427921e+01  -3.2404228e+01
  -4.8416041e+00  -2.8254633e+01  -2.9416795e+01  -2.9324734e+01  -2.9285578e+01
  -4.7634743e+00  -2.7314865e+01  -2.8461481e+01  -2.8570485e+01  -2.8626110e+01
  -4.6853446e+00  -2.9042613e+01  -2.9775479e+01  -2.9801216e+01  -2.9807017e+01
  -4.6072148e+00  -2.4803033e+01  -2.4957101e+01  -2.4932213e+01  -2.4924359e+01
  -4.5290850e+00  -2.4548527e+01  -2.5181759e+01  -2.5337877e+01  -2.5415053e+01
  -4.4509553e+00  -2.4149819e+01  -2.3994107e+01  -2.3934134e+01  -2.3905767e+01
  -4.3728255e+00  -1.9757690e+01  -1.9928147e+01  -2.0015300e+01  -2.0060160e+01
  -4.2946957e+00  -2.1847420e+01  -2.1946876e+01  -2.1953872e+01  -2.1956697e+01
  -4.2165660e+00  -1.6187190e+01  -1.6147972e+01  -1.6114347e+01  -1.6098515e+01
  -4.1384362e+00  -9.6440966e+00  -9.7245015e+00  -9.7662785e+00  -9.7871752e+00
  -4.0603064e+00  -3.0661399e+00  -3.0867476e+00  -3.0911200e+00  -3.0925064e+00
  -3.9821766e+00  -6.0278844e+00  -6.1008639e+00  -6.1375526e+00  -6.1557642e+00
  -3.9040469e+00  -2.7713251e+00  -2.7598084e+00  -2.7513866e+00  -2.7470053e+00
  -3.8259171e+00  -6.2636803e+00  -6.3473962e+00  -6.3910216e+00  -6.4128796e+00
  -3.7477873e+00  -2.4103297e+00  -2.4094694e+00  -2.4082120e+00  -2.4074115e+00
  -3.6696576e+00  -6.0767437e+00  -6.1829341e+00  -6.2340808e+00  -6.2591226e+00
  -3.5915278e+00  -2.2727056e+00  -2.2721628e+00  -2.2715636e+00  -2.2712412e+00
  -3.5133980e+00  -5.6091861e+00  -5.6992962e+00  -5.7447042e+00  -5.7675047e+00
  -3.4352683e+00  -2.1018757e+00  -2.0925481e+00  -2.0878590e+00  -2.0854720e+00
  -3.3571385e+00  -5.4575364e+00  -5.5486775e+00  -5.5950966e+00  -5.6187216e+00
  -3.2790087e+00  -2.0881090e+00  -2.0733416e+00  -2.0655618e+00  -2.0616098e+00
  -3.2008790e+00  -6.0292070e+00  -6.1075233e+00  -6.1478240e+00  -6.1684495e+00
  -3.1227492e+00  -1.9340244e+00  -1.9322066e+00  -1.9313943e+00  -1.9310783e+00
  -3.0446194e+00  -5.5294085e+00  -5.6380846e+00  -5.6885256e+00  -5.7126350e+00
  -2.9664897e+00  -1.8108347e+00  -1.8024153e+00  -1.7973517e+00  -1.7949023e+00
  -2.8883599e+00  -5.6489748e+00  -5.7346366e+00  -5.7746476e+00  -5.7943208e+00
  -2.8102301e+00  -1.3603750e+00  -1.3644872e+00  -1.3633608e+00  -1.3620121e+00
  -2.7321003e+00  -5.4899024e+00  -5.5807539e+00  -5.6246638e+00  -5.6463721e+00
  -2.6539706e+00  -1.5022638e+00  -1.4772078e+00  -1.4654933e+00  -1.4600547e+00
  -2.5758408e+00  -5.4013342e+00  -5.4838425e+00  -5.5239396e+00  -5.5434251e+00
  -2.4977110e+00  -1.1956125e+00  -1.1980576e+00  -1.1978775e+00  -1.1975316e+00
  -2.4195813e+00  -4.5099346e+00  -4.6221042e+00  -4.6789722e+00  -4.7074671e+00
  -2.3414515e+00  -1.1838007e+00  -1.1719381e+00  -1.1651115e+00  -1.1616484e+00
  -2.2633217e+00  -5.4900430e+00  -5.5692512e+00  -5.6061248e+00  -5.6240069e+00
  -2.1851920e+00  -1.0816104e+00  -1.0676508e+00  -1.0604666e+00  -1.0568397e+00
  -2.1070622e+00  -4.0515084e+00  -4.1317709e+00  -4.1720958e+00  -4.1923506e+00
  -2.0289324e+00  -1.9278711e+00  -1.9239207e+00  -1.9210921e+00  -1.9194874e+00
  -1.9508027e+00  -4.7132351e+00  -4.8204580e+00  -4.8751889e+00  -4.9031448e+00
  -1.8726729e+00  -1.4652662e+00  -1.4567965e+00  -1.4521522e+00  -1.4498369e+00
  -1.7945431e+00  -4.4044475e+00  -4.5120026e+00  -4.5677580e+00  -4.5961912e+00
  -1.7164134e+00  -8.4367716e-01  -8.2518184e-01  -8.1559479e-01  -8.1086495e-01
  -1.6382836e+00  -4.1582148e+00  -4.2508763e+00  -4.2951173e+00  -4.3168356e+00
  -1.5601538e+00  -1.3775045e+00  -1.3860016e+00  -1.3872526e+00  -1.3872459e+00
  -1.4820240e+00  -4.7141813e+00  -4.8322637e+00  -4.8902320e+00  -4.9191541e+00
  -1.4038943e+00  -5.6326576e-01  -5.4706930e-01  -5.3959808e-01  -5.3601079e-01
  -1.3257645e+00  -4.2065203e+00  -4.3114013e+00  -4.3619838e+00  -4.3870181e+00
  -1.2476347e+00  -7.5089207e-01  -7.2673763e-01  -7.1446627e-01  -7.0842118e-01
  -1.1695050e+00  -3.9432530e+00  -4.0255928e+00  -4.0650408e+00  -4.0845104e+00
  -1.0913752e+00  -1.0976143e+00  -1.1126406e+00  -1.1190386e+00  -1.1220071e+00
  -1.0132454e+00  -3.9995387e+00  -4.1135142e+00  -4.1685754e+00  -4.1956870e+00
  -9.3511567e-01  -3.8497860e-01  -3.8212341e-01  -3.7871423e-01  -3.7656051e-01
  -8.5698590e-01  -4.1660378e+00  -4.2635789e+00  -4.3120719e+00  -4.3363555e+00
  -7.7885613e-01  -9.0234879e-01  -8.8299543e-01  -8.7218581e-01  -8.6672372e-01
  -7.0072636e-01  -4.5082469e+00  -4.6003517e+00  -4.6476221e+00  -4.6717968e+00
  -6.2259659e-01  -1.0453946e+00  -1.0302571e+00  -1.0201155e+00  -1.0146815e+00
  -5.4446683e-01  -4.5143589e+00  -4.6179200e+00  -4.6655935e+00  -4.6887331e+00
  -4.6633706e-01  -6.6456883e-01  -6.6316794e-01  -6.6164078e-01  -6.6071095e-01
  -3.8820729e-01  -4.2671687e+00  -4.3555502e+00  -4.4020951e+00  -4.4263377e+00
  -3.1007752e-01  -3.0431876e-01  -3.0119637e-01  -2.9813203e-01  -2.9617244e-01
  -2.3194775e-01  -4.3079627e+00  -4.3911422e+00  -4.4285439e+00  -4.4463850e+00
  -1.5381798e-01  -3.3434298e-01  -3.3509349e-01  -3.3465498e-01  -3.3430371e-01
  -7.5688213e-02  -7.4898330e+00  -7.6009460e+00  -7.6546071e+00  -7.6808813e+00
   2.4415553e-03  -1.1147232e+01  -1.1096930e+01  -1.1080194e+01  -1.1073760e+01
   8.0571324e-02  -6.8837095e+00  -6.9803757e+00  -7.0234477e+00  -7.0438860e+00
   1.5870109e-01  -4.9280830e-01  -4.9610064e-01  -4.9675969e-01  -4.9695975e-01
   2.3683086e-01  -3.8415981e+00  -3.9259834e+00  -3.9679178e+00  -3.9889012e+00
   3.1496063e-01  -6.3422691e-01  -6.1128058e-01  -5.9772709e-01  -5.9044880e-01
   3.9309040e-01  -4.5660085e+00  -4.6882646e+00  -4.7485263e+00  -4.7788608e+00
   4.7122017e-01  -5.8816275e-01  -5.8337416e-01  -5.8052557e-01  -5.7926143e-01
   5.4934994e-01  -4.5955202e+00  -4.7043975e+00  -4.7587314e+00  -4.7858979e+00
   6.2747970e-01  -8.8241708e-01  -8.6177604e-01  -8.4925501e-01  -8.4261173e-01
   7.0560947e-01  -4.3070475e+00  -4.3912895e+00  -4.4276823e+00  -4.4445788e+00
   7.8373924e-01  -9.2110227e-01  -9.2416960e-01  -9.2424080e-01  -9.2389580e-01
   8.6186901e-01  -3.9210228e+00  -3.9987402e+00  -4.0371492e+00  -4.0565090e+00
   9.3999878e-01  -9.1241944e-01  -9.2229950e-01  -9.2645437e-01  -9.2843469e-01
   1.0181285e+00  -4.1542467e+00  -4.2515368e+00  -4.2985377e+00  -4.3217247e+00
   1.0962583e+00  -9.6834224e-01  -9.5352245e-01  -9.4597557e-01  -9.4225757e-01
   1.1743881e+00  -4.3764740e+00  -4.4614468e+00  -4.5037204e+00  -4.5248652e+00
   1.2525179e+00  -9.6565860e-01  -9.6249741e-01  -9.6221422e-01  -9.6253992e-01
   1.3306476e+00  -4.4378260e+00  -4.5482266e+00  -4.5971335e+00  -4.6201234e+00
   1.4087774e+00   0.0000000e+00   0.0000000e+00   0.0000000e+00   0.0000000e+00
   1.4869072e+00  -4.1589448e+00  -4.2601659e+00  -4.3078790e+00  -4.3312961e+00
   1.5650369e+00  -8.0593705e-01  -7.9750854e-01  -7.9357473e-01  -7.9166416e-01
   1.6431667e+00  -4.5889687e+00  -4.6667357e+00  -4.7060703e+00  -4.7260776e+00
   1.7212965e+00  -1.0580168e+00  -1.0481098e+00  -1.0401801e+00  -1.0358026e+00
   1.7994262e+00  -5.0372956e+00  -5.1526401e+00  -5.2117432e+00  -5.2419309e+00
   1.8775560e+00  -2.0062251e+00  -1.9943134e+00  -1.9867701e+00  -1.9828033e+00
   1.9556858e+00  -4.4564576e+00  -4.5745231e+00  -4.6309159e+00  -4.6586959e+00
   2.0338155e+00  -1.4939978e+00  -1.4749499e+00  -1.4643018e+00  -1.4591393e+00
   2.1119453e+00  -4.6378854e+00  -4.7377002e+00  -4.7851988e+00  -4.8086655e+00
   2.1900751e+00  -1.0775227e+00  -1.0730776e+00  -1.0703400e+00  -1.0688305e+00
   2.2682048e+00  -4.4515544e+00  -4.5458745e+00  -4.5943134e+00  -4.6189205e+00
   2.3463346e+00  -1.2451792e+00  -1.2486656e+00  -1.2481839e+00  -1.2472560e+00
   2.4244644e+00  -4.7737793e+00  -4.8756964e+00  -4.9255527e+00  -4.9503153e+00
   2.5025942e+00  -1.6087091e+00  -1.6050163e+00  -1.5996327e+00  -1.5963627e+00
   2.5807239e+00  -4.6987025e+00  -4.7905609e+00  -4.8320924e+00  -4.8519154e+00
   2.6588537e+00  -1.1649214e+00  -1.1783003e+00  -1.1846430e+00  -1.1877145e+00
   2.7369835e+00  -5.7629548e+00  -5.8827518e+00  -5.9421630e+00  -5.9717579e+00
   2.8151132e+00  -1.2946162e+00  -1.3010513e+00  -1.3038171e+00  -1.3052201e+00
   2.8932430e+00  -4.9375152e+00  -5.0267163e+00  -5.0719597e+00  -5.0948012e+00
   2.9713728e+00  -1.8692680e+00  -1.8583241e+00  -1.8507097e+00  -1.8466375e+00
   3.0495025e+00  -5.8533523e+00  -5.9773505e+00  -6.0366533e+00  -6.0656064e+00
   3.1276323e+00  -1.6880665e+00  -1.6704075e+00  -1.6617848e+00  -1.6576628e+00
   3.2057621e+00  -5.4626516e+00  -5.5517991e+00  -5.5946400e+00  -5.6159438e+00
   3.2838918e+00  -1.9077639e+00  -1.9154190e+00  -1.9181060e+00  -1.9193006e+00
   3.3620216e+00  -5.7041742e+00  -5.7904550e+00  -5.8314421e+00  -5.8518716e+00
   3.4401514e+00  -2.3788117e+00  -2.3712708e+00  -2.3642741e+00  -2.3603454e+00
   3.5182811e+00  -5.8346337e+00  -5.9294162e+00  -5.9747358e+00  -5.9970468e+00
   3.5964109e+00  -2.0233695e+00  -2.0226529e+00  -2.0204157e+00  -2.0190121e+00
   3.6745407e+00  -6.0233978e+00  -6.1346858e+00  -6.1881263e+00  -6.2145697e+00
   3.7526705e+00  -2.5210388e+00  -2.5016872e+00  -2.4898967e+00  -2.4841310e+00
   3.8308002e+00  -6.0733324e+00  -6.1717992e+00  -6.2209493e+00  -6.2453531e+00
   3.9089300e+00  -3.1791232e+00  -3.1789881e+00  -3.1756977e+00  -3.1738036e+00
   3.9870598e+00  -7.0782884e+00  -7.1783793e+00  -7.2301709e+00  -7.2562129e+00
   4.0651895e+00  -3.1934994e+00  -3.1925069e+00  -3.1894851e+00  -3.1876571e+00
   4.1433193e+00  -9.5679058e+00  -9.6818939e+00  -9.7376712e+00  -9.7647189e+00
   4.2214491e+00  -1.5729088e+01  -1.5699102e+01  -1.5667959e+01  -1.5652468e+01
   4.2995788e+00  -2.1724376e+01  -2.1799431e+01  -2.1859740e+01  -2.1889212e+01
   4.3777086e+00  -2.0141131e+01  -2.0286916e+01  -2.0342895e+01  -2.0372577e+01
   4.4558384e+00  -2.4073424e+01  -2.4145623e+01  -2.4083553e+01  -2.4052069e+01
   4.5339681e+00  -2.5449800e+01  -2.6060922e+01  -2.6185110e+01  -2.6244281e+01
   4.6120979e+00  -2.4547629e+01  -2.4746768e+01  -2.4759500e+01  -2.4767288e+01
   4.6902277e+00  -2.9539026e+01  -3.0151977e+01  -2.9974667e+01  -2.9879185e+01
   4.7683574e+00  -2.7212700e+01  -2.8261279e+01  -2.8439439e+01  -2.8530594e+01
   4.8464872e+00  -2.8004408e+01  -2.9382922e+01  -2.9262988e+01  -2.9207442e+01
   4.9246170e+00  -3.0423632e+01  -3.2300998e+01  -3.2359603e+01  -3.2380407e+01
   5.0027467e+00  -2.8239404e+01  -3.1426493e+01  -3.1488437e+01  -3.1528578e+01
   5.0808765e+00  -3.0205789e+01  -3.3999139e+01  -3.3850390e+01  -3.3779127e+01
   5.1590063e+00  -2.8673973e+01  -3.5459083e+01  -3.5660165e+01  -3.5759633e+01
   5.2371361e+00  -2.7990001e+01  -3.4300274e+01  -3.4261927e+01  -3.4257803e+01
   5.3152658e+00  -2.9918100e+01  -3.9394755e+01  -3.9158118e+01  -3.9008342e+01
   5.3933956e+00  -2.5910627e+01  -3.7265804e+01  -3.7572220e+01  -3.7742723e+01
   5.4715254e+00  -2.5876303e+01  -3.8861704e+01  -3.8583185e+01  -3.8459876e+01
   5.5496551e+00  -2.5693907e+01  -4.1491017e+01  -4.1656999e+01  -4.1710769e+01
   5.6277849e+00  -2.1519948e+01  -4.0560471e+01  -4.0607908e+01  -4.0657953e+01
   5.7059147e+00  -2.3832989e+01  -4.3892089e+01  -4.3573315e+01  -4.3418937e+01
   5.7840444e+00  -1.8394837e+01  -4.4773463e+01  -4.5158047e+01  -4.5363413e+01
   5.8621742e+00  -1.2075270e+01  -4.4037051e+01  -4.3869674e+01  -4.3833542e+01
   5.9403040e+00  -5.7190241e+00  -4.9519009e+01  -4.9409081e+01  -4.9264355e+01
   6.0184337e+00  -8.9047754e+00  -4.7029265e+01  -4.7424549e+01  -4.7673223e+01
   6.0965635e+00  -5.8721793e+00  -4.9596788e+01  -4.9023454e+01  -4.8775395e+01
   6.1746933e+00  -9.5878816e+00  -5.2008456e+01  -5.2540756e+01  -5.2758961e+01
   6.2528230e+00  -5.9600777e+00  -5.1139949e+01  -5.1126595e+01  -5.1182135e+01
   6.3309528e+00  -9.8511205e+00  -5.5488644e+01  -5.4931531e+01  -5.4618196e+01
   6.4090826e+00  -6.2743166e+00  -5.5295543e+01  -5.5784301e+01  -5.6053247e+01
   6.4872124e+00  -9.8377467e+00  -5.5446260e+01  -5.5101606e+01  -5.5026473e+01
   6.5653421e+00  -6.5581551e+00  -5.9123712e+01  -5.9401090e+01  -5.9482386e+01
   6.6434719e+00  -1.0141873e+01  -5.7503598e+01  -5.7578215e+01  -5.7686623e+01
   6.7216017e+00  -7.0033396e+00  -5.9775501e+01  -5.9516932e+01  -5.9378405e+01
   6.7997314e+00  -1.1173093e+01  -5.9935410e+01  -6.0034698e+01  -6.0113697e+01
   6.8778612e+00  -7.3096072e+00  -6.0316466e+01  -6.0233598e+01  -6.0217462e+01
   6.9559910e+00  -1.1138620e+01  -6.0584476e+01  -6.0470894e+01  -6.0505058e+01
   7.0341207e+00  -7.6520525e+00  -6.0781505e+01  -6.0694621e+01  -6.0686486e+01
   7.1122505e+00  -1.1723967e+01  -6.0547430e+01  -6.0569152e+01  -6.0590979e+01
   7.1903803e+00  -7.6706674e+00  -6.1192990e+01  -6.1143614e+01  -6.1117022e+01
   7.2685100e+00  -1.2038006e+01  -6.1503629e+01  -6.1459401e+01  -6.1462971e+01
   7.3466398e+00  -8.2887347e+00  -6.1311302e+01  -6.1226177e+01  -6.1214834e+01
   7.4247696e+00  -1.2426429e+01  -6.1462782e+01  -6.1399975e+01  -6.1426361e+01
   7.5028993e+00  -8.4614777e+00  -6.1841179e+01  -6.1820135e+01  -6.1817762e+01
   7.5810291e+00  -1.2016607e+01  -6.1827082e+01  -6.1806713e+01  -6.1857905e+01
   7.6591589e+00  -8.9329414e+00  -6.2509353e+01  -6.2573374e+01  -6.2590418e+01
   7.7372887e+00  -1.3482675e+01  -6.2191884e+01  -6.2120224e+01  -6.2130623e+01
   7.8154184e+00  -9.3206026e+00  -6.3069127e+01  -6.3180390e+01  -6.3195783e+01
   7.8935482e+00  -1.2539767e+01  -6.2641052e+01  -6.2553685e+01  -6.2582767e+01
   7.9716780e+00  -1.0663177e+01  -6.3028695e+01  -6.2916552e+01  -6.2888484e+01
   8.0498077e+00  -1.3698346e+01  -6.3480399e+01  -6.3653951e+01  -6.3752340e+01
   8.1279375e+00  -1.0703220e+01  -6.3718259e+01  -6.3707031e+01  -6.3735945e+01
   8.2060673e+00  -1.3896016e+01  -6.3954212e+01  -6.3857702e+01  -6.3825916e+01
   8.2841970e+00  -1.0590595e+01  -6.4269420e+01  -6.4202332e+01  -6.4170972e+01
   8.3623268e+00  -1.4162024e+01  -6.4054983e+01  -6.4034153e+01  -6.4044981e+01
   8.4404566e+00  -1.1641769e+01  -6.4682695e+01  -6.4710721e+01  -6.4693119e+01
   8.5185863e+00  -1.5236816e+01  -6.4409651e+01  -6.4385773e+01  -6.4416581e+01
   8.5967161e+00  -1.1350390e+01  -6.4736292e+01  -6.4818117e+01  -6.4842365e+01
   8.6748459e+00  -1.5256500e+01  -6.4916334e+01  -6.4932470e+01  -6.4957267e+01
   8.7529756e+00  -1.2068744e+01  -6.5039100e+01  -6.5051798e+01  -6.5046805e+01
   8.8311054e+00  -1.5525176e+01  -6.5058374e+01  -6.5049025e+01  -6.5114940e+01
   8.9092352e+00  -1.2953660e+01  -6.5233630e+01  -6.5213551e+01  -6.5226224e+01
   8.9873650e+00  -1.6127289e+01  -6.5247784e+01  -6.5317185e+01  -6.5313768e+01
   9.0654947e+00  -1.2787496e+01  -6.5416581e+01  -6.5409907e+01  -6.5409157e+01
   9.1436245e+00  -1.6847008e+01  -6.5466135e+01  -6.5458547e+01  -6.5463099e+01
   9.2217543e+00  -1.3862784e+01  -6.5454581e+01  -6.5462838e+01  -6.5496353e+01
   9.2998840e+00  -1.7751147e+01  -6.5681647e+01  -6.5682880e+01  -6.5722557e+01
   9.3780138e+00  -1.4572324e+01  -6.5771522e+01  -6.5779296e+01  -6.5785404e+01
   9.4561436e+00  -1.8328332e+01  -6.5757729e+01  -6.5802702e+01  -6.5831275e+01
   9.5342733e+00  -1.4769156e+01  -6.5982113e+01  -6.5999221e+01  -6.5976762e+01
   9.6124031e+00  -1.8662801e+01  -6.5993309e+01  -6.6038842e+01  -6.6044838e+01
   9.6905329e+00  -1.4993826e+01  -6.6141296e+01  -6.6188950e+01  -6.6193891e+01
   9.7686626e+00  -1.9293306e+01  -6.6109688e+01  -6.6099419e+01  -6.6118401e+01
   9.8467924e+00  -1.5619635e+01  -6.6203201e+01  -6.6275551e+01  -6.6310720e+01
   9.9249222e+00  -2.3076751e+01  -6.6389473e+01  -6.6430071e+01  -6.6448988e+01
   1.0003052e+01  -2.7046021e+01  -6.6452954e+01  -6.6462853e+01  -6.6475716e+01
   1.0081182e+01  -2.3086941e+01  -6.6525225e+01  -6.6574919e+01  -6.6594271e+01
   1.0159311e+01  -1.7008605e+01  -6.6614027e+01  -6.6616918e+01  -6.6618309e+01
   1.0237441e+01  -2.0666217e+01  -6.6656188e+01  -6.6731710e+01  -6.6737236e+01
   1.0315571e+01  -1.7779701e+01  -6.6775811e+01  -6.6803617e+01  -6.6796813e+01
   1.0393701e+01  -2.2029756e+01  -6.6759613e+01  -6.6888025e+01  -6.6912229e+01
   1.0471831e+01  -1.8376992e+01  -6.6920895e+01  -6.6956264e+01  -6.6978480e+01
   1.0549960e+01  -2.2716286e+01  -6.6981049e+01  -6.7027724e+01  -6.7038716e+01
   1.0628090e+01  -1.9330883e+01  -6.7034737e+01  -6.7087050e+01  -6.7091708e+01
   1.0706220e+01  -2.3090431e+01  -6.7158340e+01  -6.7170746e+01  -6.7200013e+01
   1.0784350e+01  -2.0041519e+01  -6.7171432e+01  -6.7235382e+01  -6.7252224e+01
   1.0862479e+01  -2.3380422e+01  -6.7281820e+01  -6.7341686e+01  -6.7344938e+01
   1.0940609e+01  -2.0716079e+01  -6.7329375e+01  -6.7368876e+01  -6.7381234e+01
   1.1018739e+01  -2.4308209e+01  -6.7358943e+01  -6.7444534e+01  -6.7460929e+01
   1.1096869e+01  -2.1474294e+01  -6.7523180e+01  -6.7496112e+01  -6.7516851e+01
   1.1174998e+01  -2.5235843e+01  -6.7577090e+01  -6.7590493e+01  -6.7605559e+01
   1.1253128e+01  -2.2188094e+01  -6.7627969e+01  -6.7633887e+01  -6.7648022e+01
   1.1331258e+01  -2.6021945e+01  -6.7658224e+01  -6.7730368e+01  -6.7739477e+01
   1.1409388e+01  -2.1961718e+01  -6.7707158e+01  -6.7777998e+01  -6.7783578e+01
   1.1487518e+01  -2.6487910e+01  -6.7782650e+01  -6.7851442e+01  -6.7864078e+01
   1.1565647e+01  -2.3517001e+01  -6.7850958e+01  -6.7912018e+01  -6.7920703e+01
   1.1643777e+01  -2.7685944e+01  -6.7877818e+01  -6.7979141e+01  -6.7997450e+01
   1.1721907e+01  -2.4535946e+01  -6.8035134e+01  -6.8050149e+01  -6.8065975e+01
   1.1800037e+01  -2.8896910e+01  -6.8023786e+01  -6.8103056e+01  -6.8110626e+01
   1.1878166e+01  -2.6273996e+01  -6.8080758e+01  -6.8154858e+01  -6.8167447e+01
   1.1956296e+01  -2.9128012e+01  -6.8187561e+01  -6.8230400e+01  -6.8244899e+01
   1.2034426e+01  -2.6566909e+01  -6.8189145e+01  -6.8271221e+01  -6.8288787e+01
   1.2112556e+01  -3.0128522e+01  -6.8327103e+01  -6.8348867e+01  -6.8359957e+01
   1.2190685e+01  -2.6986564e+01  -6.8321056e+01  -6.8395009e+01  -6.8405968e+01
   1.2268815e+01  -3.0783291e+01  -6.8313533e+01  -6.8471602e+01  -6.8486656e+01
   1.2346945e+01  -2.8010940e+01  -6.8542104e+01  -6.8518478e+01  -6.8530076e+01
   1.2425075e+01  -3.1975552e+01  -6.8466704e+01  -6.8574731e+01  -6.8586202e+01
   1.2503205e+01  -2.9246688e+01  -6.8502908e+01  -6.8629876e+01  -6.8642223e+01
   1.2581334e+01  -3.2785417e+01  -6.8679125e+01  -6.8691317e+01  -6.8703125e+01
   1.2659464e+01  -2.9711429e+01  -6.8615826e+01  -6.8744758e+01  -6.8758870e+01
   1.2737594e+01  -3.4764080e+01  -6.8777811e+01  -6.8801357e+01  -6.8813616e+01
   1.2815724e+01  -3.0765381e+01  -6.8764695e+01  -6.8854143e+01  -6.8868366e+01
   1.2893853e+01  -3.4875579e+01  -6.8888415e+01  -6.8911183e+01  -6.8924459e+01
   1.2971983e+01  -3.2301551e+01  -6.8945373e+01  -6.8967599e+01  -6.8980104e+01
   1.3050113e+01  -3.6760350e+01  -6.8975465e+01  -6.9019602e+01  -6.9031290e+01
   1.3128243e+01  -3.3119802e+01  -6.9013345e+01  -6.9070479e+01  -6.9084518e+01
   1.3206372e+01  -3.7395735e+01  -6.9044166e+01  -6.9127991e+01  -6.9138492e+01
   1.3284502e+01  -3.4355586e+01  -6.9107193e+01  -6.9175163e+01  -6.9188111e+01
   1.3362632e+01  -3.8687827e+01  -6.9199837e+01  -6.9227432e+01  -6.9241092e+01
   1.3440762e+01  -3.5882183e+01  -6.9195947e+01  -6.9280458e+01  -6.9292819e+01
   1.3518892e+01  -3.9908898e+01  -6.9254652e+01  -6.9334342e+01  -6.9347412e+01
   1.3597021e+01  -3.6619237e+01  -6.9352626e+01  -6.9385122e+01  -6.9396851e+01
   1.3675151e+01  -4.1197254e+01  -6.9268984e+01  -6.9432308e+01  -6.9443944e+01
   1.3753281e+01  -3.8278305e+01  -6.9243174e+01  -6.9483130e+01  -6.9495990e+01
   1.3831411e+01  -4.2430948e+01  -6.9519612e+01  -6.9531300e+01  -6.9543837e+01
   1.3909540e+01  -4.0094218e+01  -6.9359152e+01  -6.9580075e+01  -6.9594101e+01
   1.3987670e+01  -4.4687526e+01  -6.9611780e+01  -6.9629025e+01  -6.9641678e+01
   1.4065800e+01  -4.1346875e+01  -6.9522771e+01  -6.9677033e+01  -6.9690274e+01
   1.4143930e+01  -4.8297116e+01  -6.9558778e+01  -6.9725685e+01  -6.9738091e+01
   1.4222059e+01  -5.5081753e+01  -6.9509405e+01  -6.9773090e+01  -6.9785280e+01
   1.4300189e+01  -6.1402183e+01  -6.9535814e+01  -6.9820039e+01  -6.9832772e+01
   1.4378319e+01  -6.0408223e+01  -6.9304206e+01  -6.9867130e+01  -6.9880102e+01
   1.4456449e+01  -6.4411677e+01  -6.9620272e+01  -6.9913464e+01  -6.9925581e+01
   1.4534579e+01  -6.5744072e+01  -6.9479577e+01  -6.9959753e+01  -6.9972395e+01
   1.4612708e+01  -6.5630631e+01  -6.9466114e+01  -7.0004426e+01  -7.0017350e+01
   1.4690838e+01  -6.8580988e+01  -6.9702281e+01  -7.0050619e+01  -7.0063562e+01
   1.4768968e+01  -6.8582386e+01  -6.9737233e+01  -7.0095330e+01  -7.0107895e+01
   1.4847098e+01  -6.8811531e+01  -6.9461277e+01  -7.0140616e+01  -7.0153236e+01
   1.4925227e+01  -6.9727363e+01  -6.9802844e+01  -7.0184492e+01  -7.0197104e+01
   1.5003357e+01  -6.9328819e+01  -6.9531068e+01  -7.0228676e+01  -7.0241553e+01
   1.5081487e+01  -7.0107038e+01  -6.9608325e+01  -7.0272122e+01  -7.0284717e+01
   1.5159617e+01  -7.0430002e+01  -6.9843303e+01  -7.0315450e+01  -7.0328258e+01
   1.5237746e+01  -6.9813974e+01  -6.9432297e+01  -7.0358386e+01  -7.0371205e+01
   1.5315876e+01  -7.0619344e+01  -7.0051153e+01  -7.0401272e+01  -7.0414015e+01
   1.5394006e+01  -7.0224703e+01  -6.9549128e+01  -7.0443665e+01  -7.0456320e+01
   1.5472136e+01  -7.0243057e+01  -6.9804701e+01  -7.0485729e+01  -7.0498374e+01
   1.5550266e+01  -7.0548148e+01  -7.0003782e+01  -7.0527485e+01  -7.0540210e+01
   1.5628395e+01  -7.0206994e+01  -6.9735106e+01  -7.0569079e+01  -7.0581811e+01
   1.5706525e+01  -7.0646606e+01  -7.0075495e+01  -7.0610100e+01  -7.0622827e+01
   1.5784655e+01  -7.0351212e+01  -6.9700539e+01  -7.0651119e+01  -7.0663875e+01
   1.5862785e+01  -6.8245280e+01  -6.7983880e+01  -7.0691639e+01  -7.0704368e+01
   1.5940914e+01  -6.5770562e+01  -6.5689911e+01  -7.0731964e+01  -7.0744729e+01
   1.6019044e+01  -6.8374588e+01  -6.8148270e+01  -7.0771947e+01  -7.0784652e+01
   1.6097174e+01  -6.7860155e+01  -6.7499175e+01  -7.0811706e+01  -7.0824441e+01
   1.6175304e+01  -7.0327708e+01  -6.9965710e+01  -7.0851168e+01  -7.0863911e+01
   1.6253433e+01  -7.0055839e+01  -6.9579177e+01  -7.0890349e+01  -7.0903088e+01
   1.6331563e+01  -7.1284395e+01  -7.0629653e+01  -7.0929249e+01  -7.0941980e+01
   1.6409693e+01  -7.1411126e+01  -7.0794954e+01  -7.0967879e+01  -7.0980611e+01
   1.6487823e+01  -7.1620301e+01  -7.0956479e+01  -7.1006232e+01  -7.1018969e+01
   1.6565953e+01  -7.1658051e+01  -7.1019377e+01  -7.1044324e+01  -7.1057060e+01
   1.6644082e+01  -7.1664575e+01  -7.1045322e+01  -7.1082152e+01  -7.1094889e+01
   1.6722212e+01  -7.1626414e+01  -7.1051198e+01  -7.1119718e+01  -7.1132453e+01
   1.6800342e+01  -7.1593500e+01  -7.0981038e+01  -7.1157024e+01  -7.1169760e+01
   1.6878472e+01  -7.1560577e+01  -7.0917295e+01  -7.1194071e+01  -7.1206807e+01
   1.6956601e+01  -7.1773735e+01  -7.1138338e+01  -7.1230874e+01  -7.1243607e+01
   1.7034731e+01  -7.1313037e+01  -7.0750707e+01  -7.1267412e+01  -7.1280146e+01
   1.7112861e+01  -7.1727009e+01  -7.1111825e+01  -7.1303704e+01  -7.1316439e+01
   1.7190991e+01  -7.1297785e+01  -7.0791708e+01  -7.1339755e+01  -7.1352490e+01
   1.7269120e+01  -7.1789512e+01  -7.1191917e+01  -7.1375559e+01  -7.1388297e+01
   1.7347250e+01  -7.1828971e+01  -7.1145686e+01  -7.1411123e+01  -7.1423860e+01
   1.7425380e+01  -7.2045028e+01  -7.1420843e+01  -7.1446436e+01  -7.1459169e+01
   1.7503510e+01  -7.1932225e+01  -7.1376426e+01  -7.1481517e+01  -7.1494254e+01
   1.7581640e+01  -7.2078639e+01  -7.1431184e+01  -7.1516363e+01  -7.1529096e+01
   1.7659769e+01  -7.1991214e+01  -7.1363491e+01  -7.1550971e+01  -7.1563707e+01
   1.7737899e+01  -7.2163366e+01  -7.1522086e+01  -7.1585351e+01  -7.1598086e+01
   1.7816029e+01  -7.2202557e+01  -7.1573140e+01  -7.1619501e+01  -7.1632235e+01
   1.7894159e+01  -7.2272824e+01  -7.1628400e+01  -7.1653422e+01  -7.1666157e+01
   1.7972288e+01  -7.2316435e+01  -7.1663809e+01  -7.1687117e+01  -7.1699852e+01
   1.8050418e+01  -7.2359304e+01  -7.1705847e+01  -7.1720589e+01  -7.1733324e+01
   1.8128548e+01  -7.2297056e+01  -7.1658069e+01  -7.1753837e+01  -7.1766571e+01
   1.8206678e+01  -7.2393822e+01  -7.1737963e+01  -7.1786868e+01  -7.1799603e+01
   1.8284807e+01  -7.2241344e+01  -7.1625596e+01  -7.1819677e+01  -7.1832410e+01
   1.8362937e+01  -7.2346705e+01  -7.1714409e+01  -7.1852274e+01  -7.1865010e+01
   1.8441067e+01  -7.2186867e+01  -7.1581678e+01  -7.1884652e+01  -7.1897384e+01
   1.8519197e+01  -7.2425882e+01  -7.1847767e+01  -7.1916818e+01  -7.1929556e+01
   1.8597326e+01  -7.1996658e+01  -7.1447793e+01  -7.1948772e+01  -7.1961503e+01
   1.8675456e+01  -7.2431301e+01  -7.1824996e+01  -7.1980519e+01  -7.1993253e+01
   1.8753586e+01  -7.2080001e+01  -7.1505387e+01  -7.2012055e+01  -7.2024786e+01
   1.8831716e+01  -7.2690184e+01  -7.2037455e+01  -7.2043385e+01  -7.2056124e+01
   1.8909846e+01  -7.2298192e+01  -7.1651496e+01  -7.2074513e+01  -7.2087249e+01
   1.8987975e+01  -7.2680613e+01  -7.2047906e+01  -7.2105443e+01  -7.2118174e+01
   1.9066105e+01  -7.2323686e+01  -7.1735496e+01  -7.2136160e+01  -7.2148892e+01
   1.9144235e+01  -7.2528821e+01  -7.1853845e+01  -7.2166684e+01  -7.2179419e+01
   1.9222365e+01  -7.2415870e+01  -7.1863275e+01  -7.2197009e+01  -7.2209741e+01
   1.9300494e+01  -7.2556994e+01  -7.2012599e+01  -7.2227136e+01  -7.2239873e+01
   1.9378624e+01  -7.2710483e+01  -7.2057975e+01  -7.2257068e+01  -7.2269797e+01
   1.9456754e+01  -7.2831864e+01  -7.2122722e+01  -7.2286809e+01  -7.2299546e+01
   1.9534884e+01  -7.2464169e+01  -7.1848471e+01  -7.2316354e+01  -7.2329085e+01
   1.9613013e+01  -7.2737713e+01  -7.2127304e+01  -7.2345712e+01  -7.2358445e+01
   1.9691143e+01  -7.2611718e+01  -7.2045778e+01  -7.2374877e+01  -7.2387609e+01
   1.9769273e+01  -7.2974259e+01  -7.2301236e+01  -7.2403854e+01  -7.2416592e+01
   1.9847403e+01  -7.2911397e+01  -7.2281690e+01  -7.2432648e+01  -7.2445381e+01
   1.9925533e+01  -7.3065274e+01  -7.2396396e+01  -7.2461251e+01  -7.2473985e+01
   2.0003662e+01  -7.3091149e+01  -7.2415348e+01  -7.2489673e+01  -7.2502406e+01
   2.0081792e+01  -7.3164848e+01  -7.2490919e+01  -7.2517913e+01  -7.2530646e+01
   2.0159922e+01  -7.3109088e+01  -7.2445781e+01  -7.2545970e+01  -7.2558702e+01
   2.0238052e+01  -7.3221746e+01  -7.2547276e+01  -7.2573848e+01  -7.2586581e+01
   2.0316181e+01  -7.3242833e+01  -7.2575550e+01  -7.2601546e+01  -7.2614279e+01
   2.0394311e+01  -7.3285100e+01  -7.2611860e+01  -7.2629067e+01  -7.2641800e+01
   2.0472441e+01  -7.3294767e+01  -7.2625942e+01  -7.2656412e+01  -7.2669144e+01
   2.0550571e+01  -7.3335015e+01  -7.2668453e+01  -7.2683581e+01  -7.2696313e+01
   2.0628700e+01  -7.3313808e+01  -7.2644427e+01  -7.2710576e+01  -7.2723309e+01
   2.0706830e+01  -7.3342311e+01  -7.2688625e+01  -7.2737400e+01  -7.2750131e+01
   2.0784960e+01  -7.3355548e+01  -7.2716317e+01  -7.2764050e+01  -7.2776782e+01
   2.0863090e+01  -7.3375782e+01  -7.2715357e+01  -7.2790528e+01  -7.2803263e+01
   2.0941220e+01  -7.3255585e+01  -7.2619556e+01  -7.2816840e+01  -7.2829572e+01
   2.1019349e+01  -7.3410023e+01  -7.2738837e+01  -7.2842981e+01  -7.2855713e+01
   2.1097479e+01  -7.3264454e+01  -7.2569654e+01  -7.2868957e+01  -7.2881686e+01
   2.1175609e+01  -7.3329461e+01  -7.2706311e+01  -7.2894769e+01  -7.2907498e+01
   2.1253739e+01  -7.3324960e+01  -7.2642151e+01  -7.2920411e+01  -7.2933141e+01
   2.1331868e+01  -7.3294968e+01  -7.2721643e+01  -7.2945890e+01  -7.2958621e+01
   2.1409998e+01  -7.3391947e+01  -7.2768410e+01  -7.2971206e+01  -7.2983941e+01
   2.1488128e+01  -7.3324909e+01  -7.2653736e+01  -7.2996361e+01  -7.3009094e+01
   2.1566258e+01  -7.3249449e+01  -7.2718447e+01  -7.3021356e+01  -7.3034087e+01
   2.1644387e+01  -7.3631601e+01  -7.3034597e+01  -7.3046190e+01  -7.3058919e+01
   2.1722517e+01  -7.3166340e+01  -7.2650232e+01  -7.3070866e+01  -7.3083594e+01
   2.1800647e+01  -7.3399986e+01  -7.2768943e+01  -7.3095384e+01  -7.3108114e+01
   2.1878777e+01  -7.3246438e+01  -7.2666971e+01  -7.3119745e+01  -7.3132470e+01
   2.1956907e+01  -7.3675798e+01  -7.2945586e+01  -7.3143946e+01  -7.3156680e+01
   2.2035036e+01  -7.3132044e+01  -7.2504741e+01  -7.3167993e+01  -7.3180725e+01
   2.2113166e+01  -7.3605470e+01  -7.2948452e+01  -7.3191889e+01  -7.3204624e+01
   2.2191296e+01  -7.3440050e+01  -7.2738258e+01  -7.3215631e+01  -7.3228362e+01
   2.2269426e+01  -7.3632221e+01  -7.3001010e+01  -7.3239215e+01  -7.3251953e+01
   2.2347555e+01  -7.3487084e+01  -7.2845993e+01  -7.3262663e+01  -7.3275387e+01
   2.2425685e+01  -7.3845519e+01  -7.3200442e+01  -7.3285945e+01  -7.3298675e+01
   2.2503815e+01  -7.3695346e+01  -7.2977033e+01  -7.3309080e+01  -7.3321811e+01
   2.2581945e+01  -7.3780086e+01  -7.3157433e+01  -7.3332074e+01  -7.3344801e+01
   2.2660074e+01  -7.3609656e+01  -7.2965842e+01  -7.3354909e+01  -7.3367640e+01
   2.2738204e+01  -7.3933883e+01  -7.3271903e+01  -7.3377602e+01  -7.3390335e+01
   2.2816334e+01  -7.3583073e+01  -7.2992921e+01  -7.3400150e+01  -7.3412879e+01
   2.2894464e+01  -7.3952833e+01  -7.3268050e+01  -7.3422549e+01  -7.3435282e+01
   2.2972594e+01  -7.3966576e+01  -7.3320312e+01  -7.3444813e+01  -7.3457536e+01
   2.3050723e+01  -7.4036505e+01  -7.3350026e+01  -7.3466921e+01  -7.3479650e+01
   2.3128853e+01  -7.4115290e+01  -7.3433100e+01  -7.3488890e+01  -7.3501618e+01
   2.3206983e+01  -7.4150906e+01  -7.3477813e+01  -7.3510715e+01  -7.3523447e+01
   2.3285113e+01  -7.4139992e+01  -7.3447917e+01  -7.3532400e+01  -7.3545131e+01
   2.3363242e+01  -7.4222530e+01  -7.3533003e+01  -7.3553946e+01  -7.3566675e+01
   2.3441372e+01  -7.4223902e+01  -7.3539478e+01  -7.3575350e+01  -7.3588079e+01
   2.3519502e+01  -7.4266406e+01  -7.3573542e+01  -7.3596615e+01  -7.3609344e+01
   2.3597632e+01  -7.4282546e+01  -7.3588481e+01  -7.3617741e+01  -7.3630470e+01
   2.3675761e+01  -7.4290638e+01  -7.3596795e+01  -7.3638730e+01  -7.3651458e+01
   2.3753891e+01  -7.4299222e+01  -7.3594025e+01  -7.3659581e+01  -7.3672310e+01
   2.3832021e+01  -7.4316265e+01  -7.3623541e+01  -7.3680295e+01  -7.3693024e+01
   2.3910151e+01  -7.4380711e+01  -7.3665384e+01  -7.3700874e+01  -7.3713604e+01
   2.3988281e+01  -7.4320784e+01  -7.3658381e+01  -7.3721316e+01  -7.3734046e+01
   2.4066410e+01  -7.4344726e+01  -7.3715718e+01  -7.3741627e+01  -7.3754356e+01
   2.4144540e+01  -7.4455239e+01  -7.3767016e+01  -7.3761805e+01  -7.3774530e+01
   2.4222670e+01  -7.4437281e+01  -7.3748723e+01  -7.3781837e+01  -7.3794573e+01
   2.4300800e+01  -7.4458537e+01  -7.3767019e+01  -7.3801756e+01  -7.3814483e+01
   2.4378929e+01  -7.4476116e+01  -7.3785274e+01  -7.3821537e+01  -7.3834262e+01
   2.4457059e+01  -7.4519493e+01  -7.3821210e+01  -7.3841178e+01  -7.3853908e+01
   2.4535189e+01  -7.4540463e+01  -7.3839844e+01  -7.3860697e+01  -7.3873424e+01
   2.4613319e+01  -7.4549100e+01  -7.3859854e+01  -7.3880080e+01  -7.3892812e+01
   2.4691448e+01  -7.4570584e+01  -7.3874230e+01  -7.3899340e+01  -7.3912069e+01
   2.4769578e+01  -7.4587110e+01  -7.3894449e+01  -7.3918460e+01  -7.3931196e+01
   2.4847708e+01  -7.4604869e+01  -7.3904612e+01  -7.3937466e+01  -7.3950196e+01
   2.4925838e+01  -7.4625343e+01  -7.3932393e+01  -7.3956346e+01  -7.3969070e+01
   2.5003968e+01  -7.4654764e+01  -7.3951679e+01  -7.3975088e+01  -7.3987817e+01
   2.5082097e+01  -7.4665463e+01  -7.3961818e+01  -7.3993719e+01  -7.4006435e+01
   2.5160227e+01  -7.4680088e+01  -7.3987063e+01  -7.4012203e+01  -7.4024932e+01
   2.5238357e+01  -7.4713778e+01  -7.4004503e+01  -7.4030562e+01  -7.4043301e+01
   2.5316487e+01  -7.4723019e+01  -7.4026276e+01  -7.4048818e+01  -7.4061543e+01
   2.5394616e+01  -7.4717252e+01  -7.4033914e+01  -7.4066933e+01  -7.4079663e+01
   2.5472746e+01  -7.4769361e+01  -7.4056495e+01  -7.4084937e+01  -7.4097659e+01
   2.5550876e+01  -7.4776236e+01  -7.4078262e+01  -7.4102818e+01  -7.4115535e+01
   2.5629006e+01  -7.4788792e+01  -7.4095085e+01  -7.4120569e+01  -7.4133285e+01
   2.5707135e+01  -7.4831078e+01  -7.4110884e+01  -7.4138184e+01  -7.4150918e+01
   2.5785265e+01  -7.4757488e+01  -7.4128865e+01  -7.4155690e+01  -7.4168426e+01
   2.5863395e+01  -7.4896959e+01  -7.4146298e+01  -7.4173077e+01  -7.4185814e+01
   2.5941525e+01  -7.4523207e+01  -7.4164638e+01  -7.4190355e+01  -7.4203080e+01
   2.6019655e+01  -7.4782187e+01  -7.4181009e+01  -7.4207492e+01  -7.4220228e+01
   2.6097784e+01  -7.4650237e+01  -7.4198954e+01  -7.4224536e+01  -7.4237256e+01
   2.6175914e+01  -7.4883003e+01  -7.4215541e+01  -7.4241439e+01  -7.4254166e+01
   2.6254044e+01  -7.4788759e+01  -7.4232016e+01  -7.4258232e+01  -7.4270956e+01
   2.6332174e+01  -7.4902700e+01  -7.4249054e+01  -7.4274910e+01  -7.4287630e+01
   2.6410303e+01  -7.4793609e+01  -7.4265314e+01  -7.4291458e+01  -7.4304186e+01
   2.6488433e+01  -7.4896003e+01  -7.4282094e+01  -7.4307899e+01  -7.4320626e+01
   2.6566563e+01  -7.4892322e+01  -7.4298096e+01  -7.4324222e+01  -7.4336948e+01
   2.6644693e+01  -7.4976210e+01  -7.4314559e+01  -7.4340423e+01  -7.4353156e+01
   2.6722822e+01  -7.4983218e+01  -7.4330532e+01  -7.4356528e+01  -7.4369246e+01
   2.6800952e+01  -7.5030454e+01  -7.4346543e+01  -7.4372499e+01  -7.4385223e+01
   2.6879082e+01  -7.5057589e+01  -7.4362387e+01  -7.4388360e+01  -7.4401085e+01
   2.6957212e+01  -7.5081091e+01  -7.4378163e+01  -7.4404108e+01  -7.4416833e+01
   2.7035342e+01  -7.5094381e+01  -7.4393805e+01  -7.4419743e+01  -7.4432467e+01
   2.7113471e+01  -7.5103464e+01  -7.4409313e+01  -7.4435264e+01  -7.4447988e+01
   2.7191601e+01  -7.5145774e+01  -7.4424739e+01  -7.4450671e+01  -7.4463396e+01
   2.7269731e+01  -7.5150383e+01  -7.4440072e+01  -7.4465968e+01  -7.4478692e+01
   2.7347861e+01  -7.5067681e+01  -7.4455192e+01  -7.4481144e+01  -7.4493876e+01
   2.7425990e+01  -7.5111206e+01  -7.4470306e+01  -7.4496223e+01  -7.4508948e+01
   2.7504120e+01  -7.5119395e+01  -7.4485320e+01  -7.4511183e+01  -7.4523909e+01
   2.7582250e+01  -7.5122391e+01  -7.4500026e+01  -7.4526039e+01  -7.4538759e+01
   2.7660380e+01  -7.5098341e+01  -7.4514965e+01  -7.4540781e+01  -7.4553500e+01
   2.7738509e+01  -7.5225806e+01  -7.4529516e+01  -7.4555400e+01  -7.4568129e+01
   2.7816639e+01  -7.5105920e+01  -7.4544073e+01  -7.4569930e+01  -7.4582650e+01
   2.7894769e+01  -7.5260350e+01  -7.4558289e+01  -7.4584348e+01  -7.4597060e+01
   2.7972899e+01  -7.5244716e+01  -7.4572621e+01  -7.4598615e+01  -7.4611363e+01
   2.8051029e+01  -7.5244049e+01  -7.4586976e+01  -7.4612846e+01  -7.4625558e+01
   2.8129158e+01  -7.5025400e+01  -7.4601059e+01  -7.4626938e+01  -7.4639644e+01
   2.8207288e+01  -7.5272556e+01  -7.4614986e+01  -7.4640874e+01  -7.4653623e+01
   2.8285418e+01  -7.4923129e+01  -7.4628940e+01  -7.4654770e+01  -7.4667494e+01
   2.8363548e+01  -7.5100523e+01  -7.4642610e+01  -7.4668516e+01  -7.4681258e+01
   2.8441677e+01  -7.5141565e+01  -7.4656397e+01  -7.4682198e+01  -7.4694916e+01
   2.8519807e+01  -7.5177895e+01  -7.4669822e+01  -7.4695729e+01  -7.4708467e+01
   2.8597937e+01  -7.4850581e+01  -7.4683302e+01  -7.4709168e+01  -7.4721913e+01
   2.8676067e+01  -7.5207347e+01  -7.4696690e+01  -7.4722527e+01  -7.4735253e+01
   2.8754196e+01  -7.5058042e+01  -7.4709921e+01  -7.4735777e+01  -7.4748488e+01
   2.8832326e+01  -7.5315968e+01  -7.4722992e+01  -7.4748909e+01  -7.4761617e+01
   2.8910456e+01  -7.5142980e+01  -7.4736068e+01  -7.4761925e+01  -7.4774644e+01
   2.8988586e+01  -7.5436135e+01  -7.4749028e+01  -7.4774837e+01  -7.4787566e+01
   2.9066715e+01  -7.4992735e+01  -7.4761793e+01  -7.4787667e+01  -7.4800383e+01
   2.9144845e+01  -7.5302780e+01  -7.4774491e+01  -7.4800339e+01  -7.4813096e+01
   2.9222975e+01  -7.5205170e+01  -7.4787073e+01  -7.4812987e+01  -7.4825706e+01
   2.9301105e+01  -7.5309063e+01  -7.4799665e+01  -7.4825515e+01  -7.4838216e+01
   2.9379235e+01  -7.5369963e+01  -7.4812048e+01  -7.4837919e+01  -7.4850621e+01
   2.9457364e+01  -7.5498966e+01  -7.4824324e+01  -7.4850202e+01  -7.4862925e+01
   2.9535494e+01  -7.5325401e+01  -7.4836566e+01  -7.4862394e+01  -7.4875127e+01
   2.9613624e+01  -7.5420943e+01  -7.4848676e+01  -7.4874461e+01  -7.4887226e+01
   2.9691754e+01  -7.5343023e+01  -7.4860669e+01  -7.4886512e+01  -7.4899224e+01
   2.9769883e+01  -7.5546329e+01  -7.4872524e+01  -7.4898376e+01  -7.4911121e+01
   2.9848013e+01  -7.5399452e+01  -7.4884357e+01  -7.4910199e+01  -7.4922917e+01
   2.9926143e+01  -7.5547016e+01  -7.4896057e+01  -7.4921901e+01  -7.4934613e+01
   3.0004273e+01  -7.5597073e+01  -7.4907646e+01  -7.4933504e+01  -7.4946209e+01
   3.0082402e+01  -7.5645517e+01  -7.4919162e+01  -7.4944978e+01  -7.4957705e+01
   3.0160532e+01  -7.5595866e+01  -7.4930535e+01  -7.4956372e+01  -7.4969101e+01
   3.0238662e+01  -7.5594636e+01  -7.4941855e+01  -7.4967676e+01  -7.4980398e+01
   3.0316792e+01  -7.5653266e+01  -7.4953045e+01  -7.4978877e+01  -7.4991596e+01
   3.0394922e+01  -7.5699300e+01  -7.4964136e+01  -7.4989957e+01  -7.5002695e+01
   3.0473051e+01  -7.5682664e+01  -7.4975155e+01  -7.5000985e+01  -7.5013695e+01
   3.0551181e+01  -7.5704110e+01  -7.4986050e+01  -7.5011878e+01  -7.5024598e+01
   3.0629311e+01  -7.5707922e+01  -7.4996856e+01  -7.5022683e+01  -7.5035402e+01
   3.0707441e+01  -7.5711339e+01  -7.5007561e+01  -7.5033383e+01  -7.5046108e+01
   3.0785570e+01  -7.5720627e+01  -7.5018180e+01  -7.5044003e+01  -7.5056717e+01
   3.0863700e+01  -7.5739249e+01  -7.5028678e+01  -7.5054509e+01  -7.5067229e+01
   3.0941830e+01  -7.5716423e+01  -7.5039106e+01  -7.5064924e+01  -7.5077643e+01
   3.1019960e+01  -7.5743425e+01  -7.5049422e+01  -7.5075261e+01  -7.5087961e+01
   3.1098089e+01  -7.5737250e+01  -7.5059615e+01  -7.5085438e+01  -7.5098183e+01
   3.1176219e+01  -7.5752494e+01  -7.5069765e+01  -7.5095570e+01  -7.5108307e+01
   3.1254349e+01  -7.5859712e+01  -7.5079799e+01  -7.5105615e+01  -7.5118337e+01
   3.1332479e+01  -7.5735684e+01  -7.5089753e+01  -7.5115565e+01  -7.5128269e+01
   3.1410609e+01  -7.5683820e+01  -7.5099605e+01  -7.5125420e+01  -7.5138107e+01
   3.1488738e+01  -7.5744328e+01  -7.5109287e+01  -7.5135162e+01  -7.5147849e+01
   3.1566868e+01  -7.5603859e+01  -7.5118980e+01  -7.5144788e+01  -7.5157496e+01
   3.1644998e+01  -7.5781316e+01  -7.5128547e+01  -7.5154377e+01  -7.5167048e+01
   3.1723128e+01  -7.5639956e+01  -7.5137874e+01  -7.5163695e+01  -7.5176506e+01
   3.1801257e+01  -7.5861814e+01  -7.5147419e+01  -7.5173205e+01  -7.5185869e+01
   3.1879387e+01  -7.5627554e+01  -7.5156674e+01  -7.5182478e+01  -7.5195138e+01
   3.1957517e+01  -7.5860154e+01  -7.5165692e+01  -7.5191488e+01  -7.5204312e+01
   3.2035647e+01  -7.5695961e+01  -7.5174904e+01  -7.5200722e+01  -7.5213394e+01
   3.2113776e+01  -7.5747370e+01  -7.5183660e+01  -7.5209428e+01  -7.5222380e+01
   3.2191906e+01  -7.5692888e+01  -7.5192763e+01  -7.5218591e+01  -7.5231274e+01
   3.2270036e+01  -7.5750928e+01  -7.5201489e+01  -7.5227335e+01  -7.5240074e+01
   3.2348166e+01  -7.5569510e+01  -7.5210085e+01  -7.5235895e+01  -7.5248782e+01
   3.2426296e+01  -7.5863424e+01  -7.5218914e+01  -7.5244713e+01  -7.5257397e+01
   3.2504425e+01  -7.5831095e+01  -7.5227504e+01  -7.5253334e+01  -7.5265919e+01
   3.2582555e+01  -7.5776587e+01  -7.5235831e+01  -7.5261478e+01  -7.5274348e+01
   3.2660685e+01  -7.5500834e+01  -7.5244207e+01  -7.5270010e+01  -7.5282686e+01
   3.2738815e+01  -7.5885746e+01  -7.5252372e+01  -7.5278155e+01  -7.5290931e+01
   3.2816944e+01  -7.5497202e+01  -7.5260623e+01  -7.5286445e+01  -7.5299084e+01
   3.2895074e+01  -7.5935561e+01  -7.5268337e+01  -7.5294139e+01  -7.5307146e+01
   3.2973204e+01  -7.5809319e+01  -7.5276658e+01  -7.5302432e+01  -7.5315115e+01
   3.3051334e+01  -7.5967299e+01  -7.5284524e+01  -7.5310250e+01  -7.5322995e+01
   3.3129463e+01  -7.5768492e+01  -7.5292321e+01  -7.5318178e+01  -7.5330782e+01
   3.3207593e+01  -7.5908905e+01  -7.5300054e+01  -7.5325831e+01  -7.5338479e+01
   3.3285723e+01  -7.5812234e+01  -7.5307547e+01  -7.5333374e+01  -7.5346085e+01
   3.3363853e+01  -7.5945578e+01  -7.5314812e+01  -7.5340650e+01  -7.5353600e+01
   3.3441983e+01  -7.5906128e+01  -7.5322552e+01  -7.5348379e+01  -7.5361024e+01
   3.3520112e+01  -7.6011816e+01  -7.5329626e+01  -7.5355374e+01  -7.5368358e+01
   3.3598242e+01  -7.6037160e+01  -7.5336956e+01  -7.5362720e+01  -7.5375602e+01
   3.3676372e+01  -7.6053519e+01  -7.5344463e+01  -7.5370240e+01  -7.5382756e+01
   3.3754502e+01  -7.5972467e+01  -7.5351495e+01  -7.5377287e+01  -7.5389820e+01
   3.3832631e+01  -7.6011266e+01  -7.5358087e+01  -7.5383794e+01  -7.5396795e+01
   3.3910761e+01  -7.6043821e+01  -7.5365136e+01  -7.5390971e+01  -7.5403679e+01
   3.3988891e+01  -7.6037142e+01  -7.5371721e+01  -7.5397383e+01  -7.5410475e+01
   3.4067021e+01  -7.6094113e+01  -7.5378672e+01  -7.5404511e+01  -7.5417181e+01
   3.4145150e+01  -7.6091558e+01  -7.5384962e+01  -7.5410735e+01  -7.5423798e+01
   3.4223280e+01  -7.6099043e+01  -7.5391900e+01  -7.5417669e+01  -7.5430326e+01
   3.4301410e+01  -7.6105630e+01  -7.5398247e+01  -7.5424039e+01  -7.5436765e+01
   3.4379540e+01  -7.6110947e+01  -7.5404596e+01  -7.5430375e+01  -7.5443115e+01
   3.4457670e+01  -7.6119914e+01  -7.5410639e+01  -7.5436483e+01  -7.5449377e+01
   3.4535799e+01  -7.6125616e+01  -7.5417309e+01  -7.5443076e+01  -7.5455551e+01
   3.4613929e+01  -7.6128876e+01  -7.5422099e+01  -7.5447957e+01  -7.5461636e+01
   3.4692059e+01  -7.6135589e+01  -7.5429034e+01  -7.5454747e+01  -7.5467633e+01
   3.4770189e+01  -7.6147557e+01  -7.5435343e+01  -7.5461388e+01  -7.5473542e+01
   3.4848318e+01  -7.6147150e+01  -7.5438747e+01  -7.5464785e+01  -7.5479363e+01
   3.4926448e+01  -7.6152856e+01  -7.5447322e+01  -7.5473101e+01  -7.5485096e+01
   3.5004578e+01  -7.6161114e+01  -7.5453014e+01  -7.5478527e+01  -7.5490741e+01
   3.5082708e+01  -7.6165238e+01  -7.5453862e+01  -7.5479133e+01  -7.5496299e+01
   3.5160837e+01  -7.6177590e+01  -7.5465330e+01  -7.5491260e+01  -7.5501770e+01
   3.5238967e+01  -7.6172190e+01  -7.5461811e+01  -7.5486914e+01  -7.5507153e+01
   3.5317097e+01  -7.6183951e+01  -7.5475044e+01  -7.5500971e+01  -7.5512449e+01
   3.5395227e+01  -7.6173231e+01  -7.5465068e+01  -7.5491315e+01  -7.5517658e+01
   3.5473357e+01  -7.6190783e+01  -7.5483574e+01  -7.5509246e+01  -7.5522779e+01
   3.5551486e+01  -7.6196388e+01  -7.5486663e+01  -7.5512529e+01  -7.5527815e+01
   3.5629616e+01  -7.6205792e+01  -7.5497670e+01  -7.5523681e+01  -7.5532763e+01
   3.5707746e+01  -7.6215690e+01  -7.5506990e+01  -7.5531148e+01  -7.5537624e+01
   3.5785876e+01  -7.6178229e+01  -7.5485889e+01  -7.5512163e+01  -7.5542400e+01
   3.5864005e+01  -7.6224972e+01  -7.5514274e+01  -7.5539333e+01  -7.5547088e+01
   3.5942135e+01  -7.6048442e+01  -7.5424290e+01  -7.5449883e+01  -7.5551690e+01
   3.6020265e+01  -7.6063533e+01  -7.5399275e+01  -7.5423783e+01  -7.5556206e+01
   3.6098395e+01  -7.5859053e+01  -7.5194809e+01  -7.5218126e+01  -7.5560635e+01
   3.6176524e+01  -7.6190302e+01  -7.5501739e+01  -7.5527762e+01  -7.5564979e+01
   3.6254654e+01  -7.5984129e+01  -7.5317459e+01  -7.5343270e+01  -7.5569236e+01
   3.6332784e+01  -7.6181007e+01  -7.5441994e+01  -7.5468854e+01  -7.5573408e+01
   3.6410914e+01  -7.5986899e+01  -7.5351346e+01  -7.5375937e+01  -7.5577494e+01
   3.6489044e+01  -7.6092604e+01  -7.5395432e+01  -7.5422328e+01  -7.5581494e+01
   3.6567173e+01  -7.6048508e+01  -7.5370684e+01  -7.5395927e+01  -7.5585409e+01
   3.6645303e+01  -7.6146138e+01  -7.5427604e+01  -7.5452141e+01  -7.5589237e+01
   3.6723433e+01  -7.5952551e+01  -7.5286474e+01  -7.5311154e+01  -7.5592981e+01
   3.6801563e+01  -7.6229423e+01  -7.5515056e+01  -7.5540631e+01  -7.5596639e+01
   3.6879692e+01  -7.6046422e+01  -7.5365195e+01  -7.5390746e+01  -7.5600211e+01
   3.6957822e+01  -7.6182180e+01  -7.5464159e+01  -7.5491892e+01  -7.5603698e+01
   3.7035952e+01  -7.6239885e+01  -7.5548821e+01  -7.5572883e+01  -7.5607101e+01
   3.7114082e+01  -7.6271874e+01  -7.5550553e+01  -7.5577554e+01  -7.5610418e+01
   3.7192211e+01  -7.6187285e+01  -7.5482678e+01  -7.5507680e+01  -7.5613649e+01
   3.7270341e+01  -7.6232273e+01  -7.5539439e+01  -7.5566314e+01  -7.5616796e+01
   3.7348471e+01  -7.6224914e+01  -7.5553020e+01  -7.5578622e+01  -7.5619858e+01
   3.7426601e+01  -7.6265326e+01  -7.5537375e+01  -7.5563141e+01  -7.5622835e+01
   3.7504731e+01  -7.6205131e+01  -7.5471516e+01  -7.5496552e+01  -7.5625727e+01
   3.7582860e+01  -7.6294749e+01  -7.5589924e+01  -7.5615824e+01  -7.5628535e+01
   3.7660990e+01  -7.6326532e+01  -7.5607710e+01  -7.5633266e+01  -7.5631258e+01
   3.7739120e+01  -7.6295982e+01  -7.5588251e+01  -7.5614120e+01  -7.5633896e+01
   3.7817250e+01  -7.6301234e+01  -7.5589215e+01  -7.5614548e+01  -7.5636450e+01
   3.7895379e+01  -7.6282988e+01  -7.5582960e+01  -7.5609077e+01  -7.5638919e+01
   3.7973509e+01  -7.6304590e+01  -7.5598820e+01  -7.5624442e+01  -7.5641303e+01
   3.8051639e+01  -7.6315336e+01  -7.5606500e+01  -7.5632304e+01  -7.5643603e+01
   3.8129769e+01  -7.6316268e+01  -7.5608173e+01  -7.5633975e+01  -7.5645819e+01
   3.8207898e+01  -7.6319666e+01  -7.5612257e+01  -7.5638144e+01  -7.5647951e+01
   3.8286028e+01  -7.6310286e+01  -7.5605112e+01  -7.5630633e+01  -7.5649998e+01
   3.8364158e+01  -7.6306304e+01  -7.5603846e+01  -7.5629867e+01  -7.5651961e+01
   3.8442288e+01  -7.6351892e+01  -7.5635530e+01  -7.5661511e+01  -7.5653839e+01
   3.8520418e+01  -7.6290373e+01  -7.5582256e+01  -7.5608564e+01  -7.5655634e+01
   3.8598547e+01  -7.6293536e+01  -7.5580492e+01  -7.5606463e+01  -7.5657344e+01
   3.8676677e+01  -7.6288542e+01  -7.5572219e+01  -7.5597965e+01  -7.5658970e+01
   3.8754807e+01  -7.6307524e+01  -7.5587050e+01  -7.5612224e+01  -7.5660512e+01
   3.8832937e+01  -7.6217352e+01  -7.5528571e+01  -7.5554626e+01  -7.5661970e+01
   3.8911066e+01  -7.6226762e+01  -7.5574323e+01  -7.5599683e+01  -7.5663345e+01
   3.8989196e+01  -7.6264903e+01  -7.5573434e+01  -7.5600003e+01  -7.5664635e+01
   3.9067326e+01  -7.6056406e+01  -7.5409451e+01  -7.5433776e+01  -7.5665841e+01
   3.9145456e+01  -7.6267890e+01  -7.5587897e+01  -7.5615304e+01  -7.5666963e+01
   3.9223585e+01  -7.6145552e+01  -7.5422399e+01  -7.5445954e+01  -7.5668001e+01
   3.9301715e+01  -7.6260597e+01  -7.5542950e+01  -7.5569693e+01  -7.5668956e+01
   3.9379845e+01  -7.6099204e+01  -7.5417825e+01  -7.5441819e+01  -7.5669826e+01
   3.9457975e+01  -7.6264153e+01  -7.5594552e+01  -7.5620140e+01  -7.5670613e+01
   3.9536104e+01  -7.6222812e+01  -7.5532686e+01  -7.5558461e+01  -7.5671316e+01
   3.9614234e+01  -7.6269372e+01  -7.5595175e+01  -7.5621219e+01  -7.5671935e+01
   3.9692364e+01  -7.6131634e+01  -7.5436771e+01  -7.5459632e+01  -7.5672470e+01
   3.9770494e+01  -7.6246215e+01  -7.5552114e+01  -7.5577340e+01  -7.5672921e+01
   3.9848624e+01  -7.5980554e+01  -7.5292862e+01  -7.5316091e+01  -7.5673289e+01
   3.9926753e+01  -7.6255010e+01  -7.5552806e+01  -7.5578659e+01  -7.5673572e+01
