  -4.0000000e+01  -7.7007666e+01  -7.7577639e+01  -7.5464706e+01  -7.5472820e+01
  -3.9921870e+01  -7.7011425e+01  -7.7578167e+01  -7.5465793e+01  -7.5472692e+01
  -3.9843740e+01  -7.6962752e+01  -7.7534220e+01  -7.5432682e+01  -7.5472479e+01
  -3.9765611e+01  -7.6971862e+01  -7.7530636e+01  -7.5432631e+01  -7.5472183e+01
  -3.9687481e+01  -7.6806535e+01  -7.7378255e+01  -7.5322037e+01  -7.5471802e+01
  -3.9609351e+01  -7.6871198e+01  -7.7413906e+01  -7.5343923e+01  -7.5471338e+01
  -3.9531221e+01  -7.6923020e+01  -7.7444290e+01  -7.5388665e+01  -7.5470789e+01
  -3.9453092e+01  -7.6818608e+01  -7.7347157e+01  -7.5305457e+01  -7.5470157e+01
  -3.9374962e+01  -7.6624913e+01  -7.7155239e+01  -7.5189793e+01  -7.5469440e+01
  -3.9296832e+01  -7.6711091e+01  -7.7261612e+01  -7.5246806e+01  -7.5468640e+01
  -3.9218702e+01  -7.6648843e+01  -7.7103633e+01  -7.5160284e+01  -7.5467756e+01
  -3.9140573e+01  -7.6846246e+01  -7.7392060e+01  -7.5368628e+01  -7.5466787e+01
  -3.9062443e+01  -7.6641230e+01  -7.7175192e+01  -7.5258896e+01  -7.5465734e+01
  -3.8984313e+01  -7.6617489e+01  -7.7245083e+01  -7.5262437e+01  -7.5464597e+01
  -3.8906183e+01  -7.6570478e+01  -7.7117980e+01  -7.5242228e+01  -7.5463377e+01
  -3.8828053e+01  -7.6692612e+01  -7.7296260e+01  -7.5330663e+01  -7.5462072e+01
  -3.8749924e+01  -7.6318956e+01  -7.6803829e+01  -7.5013401e+01  -7.5460683e+01
  -3.8671794e+01  -7.6453916e+01  -7.6985121e+01  -7.5088150e+01  -7.5459209e+01
  -3.8593664e+01  -7.5799584e+01  -7.6161343e+01  -7.4527363e+01  -7.5457652e+01
  -3.8515534e+01  -7.6524608e+01  -7.7089892e+01  -7.5172781e+01  -7.5456010e+01
  -3.8437405e+01  -7.5621672e+01  -7.5991243e+01  -7.4386735e+01  -7.5454283e+01
  -3.8359275e+01  -7.6197108e+01  -7.6807385e+01  -7.4954438e+01  -7.5452473e+01
  -3.8281145e+01  -7.5552750e+01  -7.5885669e+01  -7.4319927e+01  -7.5450578e+01
  -3.8203015e+01  -7.6221715e+01  -7.6712357e+01  -7.4889566e+01  -7.5448599e+01
  -3.8124886e+01  -7.5746071e+01  -7.6085434e+01  -7.4512223e+01  -7.5446535e+01
  -3.8046756e+01  -7.6031601e+01  -7.6581405e+01  -7.4805291e+01  -7.5444387e+01
  -3.7968626e+01  -7.5449766e+01  -7.5880010e+01  -7.4371804e+01  -7.5442154e+01
  -3.7890496e+01  -7.6194669e+01  -7.6743096e+01  -7.4942013e+01  -7.5439837e+01
  -3.7812366e+01  -7.5489127e+01  -7.5934940e+01  -7.4376765e+01  -7.5437435e+01
  -3.7734237e+01  -7.6029738e+01  -7.6536778e+01  -7.4786503e+01  -7.5434948e+01
  -3.7656107e+01  -7.5072424e+01  -7.5389160e+01  -7.3962596e+01  -7.5432376e+01
  -3.7577977e+01  -7.5776322e+01  -7.6338916e+01  -7.4612412e+01  -7.5429721e+01
  -3.7499847e+01  -7.5528321e+01  -7.6068153e+01  -7.4524219e+01  -7.5426979e+01
  -3.7421718e+01  -7.6112946e+01  -7.6548401e+01  -7.4805330e+01  -7.5424153e+01
  -3.7343588e+01  -7.4898056e+01  -7.5370522e+01  -7.3942868e+01  -7.5421243e+01
  -3.7265458e+01  -7.6111992e+01  -7.6448632e+01  -7.4688813e+01  -7.5418246e+01
  -3.7187328e+01  -7.4847036e+01  -7.5260495e+01  -7.3827226e+01  -7.5415166e+01
  -3.7109199e+01  -7.6068724e+01  -7.6579988e+01  -7.4810121e+01  -7.5411999e+01
  -3.7031069e+01  -7.5493171e+01  -7.5932858e+01  -7.4460580e+01  -7.5408748e+01
  -3.6952939e+01  -7.5906397e+01  -7.6469031e+01  -7.4704199e+01  -7.5405412e+01
  -3.6874809e+01  -7.5347112e+01  -7.5616473e+01  -7.4148829e+01  -7.5401990e+01
  -3.6796679e+01  -7.5908299e+01  -7.6541120e+01  -7.4754397e+01  -7.5398483e+01
  -3.6718550e+01  -7.5317892e+01  -7.5741122e+01  -7.4199492e+01  -7.5394890e+01
  -3.6640420e+01  -7.6268668e+01  -7.6803746e+01  -7.4952255e+01  -7.5391212e+01
  -3.6562290e+01  -7.5399114e+01  -7.5707242e+01  -7.4165299e+01  -7.5387447e+01
  -3.6484160e+01  -7.6236135e+01  -7.6684759e+01  -7.4848801e+01  -7.5383598e+01
  -3.6406031e+01  -7.5391462e+01  -7.5868369e+01  -7.4261297e+01  -7.5379662e+01
  -3.6327901e+01  -7.6336887e+01  -7.7033766e+01  -7.5116234e+01  -7.5375641e+01
  -3.6249771e+01  -7.5680694e+01  -7.6145210e+01  -7.4496538e+01  -7.5371534e+01
  -3.6171641e+01  -7.6533305e+01  -7.7119960e+01  -7.5149830e+01  -7.5367340e+01
  -3.6093512e+01  -7.5914500e+01  -7.6294683e+01  -7.4557429e+01  -7.5363062e+01
  -3.6015382e+01  -7.6454568e+01  -7.6983620e+01  -7.5034167e+01  -7.5358695e+01
  -3.5937252e+01  -7.6236237e+01  -7.6682455e+01  -7.4839000e+01  -7.5354244e+01
  -3.5859122e+01  -7.6653820e+01  -7.7213952e+01  -7.5157071e+01  -7.5349705e+01
  -3.5780992e+01  -7.6889302e+01  -7.7511855e+01  -7.5357311e+01  -7.5345080e+01
  -3.5702863e+01  -7.6862421e+01  -7.7460461e+01  -7.5306723e+01  -7.5340369e+01
  -3.5624733e+01  -7.6837743e+01  -7.7434719e+01  -7.5288500e+01  -7.5335570e+01
  -3.5546603e+01  -7.6882272e+01  -7.7476338e+01  -7.5311506e+01  -7.5330685e+01
  -3.5468473e+01  -7.6849255e+01  -7.7459076e+01  -7.5302650e+01  -7.5325714e+01
  -3.5390344e+01  -7.6847747e+01  -7.7461120e+01  -7.5299267e+01  -7.5320655e+01
  -3.5312214e+01  -7.6852604e+01  -7.7461146e+01  -7.5295640e+01  -7.5315509e+01
  -3.5234084e+01  -7.6843006e+01  -7.7456206e+01  -7.5288915e+01  -7.5310276e+01
  -3.5155954e+01  -7.6845754e+01  -7.7455053e+01  -7.5284891e+01  -7.5304955e+01
  -3.5077825e+01  -7.6836793e+01  -7.7449584e+01  -7.5277690e+01  -7.5299547e+01
  -3.4999695e+01  -7.6830840e+01  -7.7445293e+01  -7.5271275e+01  -7.5294052e+01
  -3.4921565e+01  -7.6829936e+01  -7.7442807e+01  -7.5266169e+01  -7.5288469e+01
  -3.4843435e+01  -7.6824481e+01  -7.7441038e+01  -7.5261974e+01  -7.5282797e+01
  -3.4765305e+01  -7.6818584e+01  -7.7436978e+01  -7.5255585e+01  -7.5277039e+01
  -3.4687176e+01  -7.6814704e+01  -7.7434627e+01  -7.5250622e+01  -7.5271192e+01
  -3.4609046e+01  -7.6806470e+01  -7.7429891e+01  -7.5243705e+01  -7.5265256e+01
  -3.4530916e+01  -7.6802407e+01  -7.7428688e+01  -7.5239459e+01  -7.5259233e+01
  -3.4452786e+01  -7.6809066e+01  -7.7424517e+01  -7.5232286e+01  -7.5253121e+01
  -3.4374657e+01  -7.6795307e+01  -7.7419872e+01  -7.5225794e+01  -7.5246921e+01
  -3.4296527e+01  -7.6766531e+01  -7.7419449e+01  -7.5221451e+01  -7.5240632e+01
  -3.4218397e+01  -7.6746740e+01  -7.7410836e+01  -7.5211975e+01  -7.5234254e+01
  -3.4140267e+01  -7.6659379e+01  -7.7409157e+01  -7.5206700e+01  -7.5227788e+01
  -3.4062138e+01  -7.6359530e+01  -7.7407907e+01  -7.5201777e+01  -7.5221231e+01
  -3.3984008e+01  -7.6562134e+01  -7.7402163e+01  -7.5193883e+01  -7.5214587e+01
  -3.3905878e+01  -7.6002476e+01  -7.7400780e+01  -7.5188657e+01  -7.5207852e+01
  -3.3827748e+01  -7.6398151e+01  -7.7395960e+01  -7.5180597e+01  -7.5201028e+01
  -3.3749619e+01  -7.6043410e+01  -7.7390611e+01  -7.5172904e+01  -7.5194115e+01
  -3.3671489e+01  -7.6514823e+01  -7.7388539e+01  -7.5167071e+01  -7.5187111e+01
  -3.3593359e+01  -7.5865710e+01  -7.7383940e+01  -7.5159656e+01  -7.5180017e+01
  -3.3515229e+01  -7.6380679e+01  -7.7381167e+01  -7.5153413e+01  -7.5172834e+01
  -3.3437099e+01  -7.5840468e+01  -7.7376329e+01  -7.5145091e+01  -7.5165560e+01
  -3.3358970e+01  -7.6149976e+01  -7.7373252e+01  -7.5138412e+01  -7.5158195e+01
  -3.3280840e+01  -7.5397319e+01  -7.7368972e+01  -7.5130650e+01  -7.5150740e+01
  -3.3202710e+01  -7.6154797e+01  -7.7364918e+01  -7.5123196e+01  -7.5143195e+01
  -3.3124580e+01  -7.5869926e+01  -7.7360843e+01  -7.5115531e+01  -7.5135558e+01
  -3.3046451e+01  -7.5852531e+01  -7.7357948e+01  -7.5108722e+01  -7.5127829e+01
  -3.2968321e+01  -7.5130578e+01  -7.7352232e+01  -7.5099387e+01  -7.5120011e+01
  -3.2890191e+01  -7.6076389e+01  -7.7348957e+01  -7.5091930e+01  -7.5112100e+01
  -3.2812061e+01  -7.5135345e+01  -7.7345495e+01  -7.5084592e+01  -7.5104098e+01
  -3.2733932e+01  -7.5803652e+01  -7.7340813e+01  -7.5075995e+01  -7.5096003e+01
  -3.2655802e+01  -7.5801012e+01  -7.7337486e+01  -7.5068384e+01  -7.5087819e+01
  -3.2577672e+01  -7.6118946e+01  -7.7333591e+01  -7.5060101e+01  -7.5079540e+01
  -3.2499542e+01  -7.5264125e+01  -7.7328573e+01  -7.5051343e+01  -7.5071171e+01
  -3.2421412e+01  -7.6089180e+01  -7.7325867e+01  -7.5043598e+01  -7.5062708e+01
  -3.2343283e+01  -7.5152225e+01  -7.7320036e+01  -7.5034306e+01  -7.5054151e+01
  -3.2265153e+01  -7.6047632e+01  -7.7316098e+01  -7.5025607e+01  -7.5045503e+01
  -3.2187023e+01  -7.5090528e+01  -7.7312393e+01  -7.5017022e+01  -7.5036760e+01
  -3.2108893e+01  -7.6259589e+01  -7.7307992e+01  -7.5008239e+01  -7.5027926e+01
  -3.2030764e+01  -7.5489213e+01  -7.7304145e+01  -7.4999426e+01  -7.5018996e+01
  -3.1952634e+01  -7.6094020e+01  -7.7300030e+01  -7.4990374e+01  -7.5009974e+01
  -3.1874504e+01  -7.5668480e+01  -7.7295556e+01  -7.4981189e+01  -7.5000858e+01
  -3.1796374e+01  -7.6292314e+01  -7.7291597e+01  -7.4972151e+01  -7.4991647e+01
  -3.1718245e+01  -7.5572268e+01  -7.7287273e+01  -7.4962791e+01  -7.4982343e+01
  -3.1640115e+01  -7.6387530e+01  -7.7283112e+01  -7.4953490e+01  -7.4972943e+01
  -3.1561985e+01  -7.6189416e+01  -7.7278805e+01  -7.4943779e+01  -7.4963449e+01
  -3.1483855e+01  -7.6161010e+01  -7.7274851e+01  -7.4934388e+01  -7.4953859e+01
  -3.1405725e+01  -7.6096424e+01  -7.7270637e+01  -7.4924638e+01  -7.4944175e+01
  -3.1327596e+01  -7.6194509e+01  -7.7266476e+01  -7.4914925e+01  -7.4934396e+01
  -3.1249466e+01  -7.6098258e+01  -7.7262315e+01  -7.4905047e+01  -7.4924520e+01
  -3.1171336e+01  -7.6435677e+01  -7.7258298e+01  -7.4895186e+01  -7.4914548e+01
  -3.1093206e+01  -7.6305418e+01  -7.7254045e+01  -7.4885001e+01  -7.4904480e+01
  -3.1015077e+01  -7.6351683e+01  -7.7249973e+01  -7.4874835e+01  -7.4894316e+01
  -3.0936947e+01  -7.6378687e+01  -7.7245920e+01  -7.4864632e+01  -7.4884056e+01
  -3.0858817e+01  -7.6467525e+01  -7.7241857e+01  -7.4854260e+01  -7.4873698e+01
  -3.0780687e+01  -7.6454781e+01  -7.7237857e+01  -7.4843835e+01  -7.4863244e+01
  -3.0702558e+01  -7.6465392e+01  -7.7233863e+01  -7.4833298e+01  -7.4852692e+01
  -3.0624428e+01  -7.6456573e+01  -7.7229878e+01  -7.4822648e+01  -7.4842042e+01
  -3.0546298e+01  -7.6435398e+01  -7.7225923e+01  -7.4811902e+01  -7.4831295e+01
  -3.0468168e+01  -7.6386632e+01  -7.7222055e+01  -7.4801065e+01  -7.4820449e+01
  -3.0390038e+01  -7.6375990e+01  -7.7218200e+01  -7.4790149e+01  -7.4809505e+01
  -3.0311909e+01  -7.6270788e+01  -7.7214383e+01  -7.4779131e+01  -7.4798463e+01
  -3.0233779e+01  -7.6412027e+01  -7.7210610e+01  -7.4767969e+01  -7.4787321e+01
  -3.0155649e+01  -7.6230690e+01  -7.7206900e+01  -7.4756751e+01  -7.4776081e+01
  -3.0077519e+01  -7.6371497e+01  -7.7203171e+01  -7.4745414e+01  -7.4764740e+01
  -2.9999390e+01  -7.6321556e+01  -7.7199609e+01  -7.4733966e+01  -7.4753301e+01
  -2.9921260e+01  -7.6324996e+01  -7.7196115e+01  -7.4722443e+01  -7.4741762e+01
  -2.9843130e+01  -7.5964559e+01  -7.7192529e+01  -7.4710778e+01  -7.4730120e+01
  -2.9765000e+01  -7.6084132e+01  -7.7189262e+01  -7.4699048e+01  -7.4718381e+01
  -2.9686871e+01  -7.6009975e+01  -7.7185898e+01  -7.4687280e+01  -7.4706539e+01
  -2.9608741e+01  -7.6156033e+01  -7.7182619e+01  -7.4675284e+01  -7.4694597e+01
  -2.9530611e+01  -7.6017657e+01  -7.7179424e+01  -7.4663284e+01  -7.4682553e+01
  -2.9452481e+01  -7.6210337e+01  -7.7176322e+01  -7.4651118e+01  -7.4670406e+01
  -2.9374351e+01  -7.5893011e+01  -7.7173380e+01  -7.4638875e+01  -7.4658159e+01
  -2.9296222e+01  -7.6133450e+01  -7.7170446e+01  -7.4626513e+01  -7.4645809e+01
  -2.9218092e+01  -7.6001596e+01  -7.7167641e+01  -7.4614075e+01  -7.4633355e+01
  -2.9139962e+01  -7.6157474e+01  -7.7164991e+01  -7.4601564e+01  -7.4620799e+01
  -2.9061832e+01  -7.6086910e+01  -7.7162502e+01  -7.4588890e+01  -7.4608141e+01
  -2.8983703e+01  -7.6169236e+01  -7.7160009e+01  -7.4576144e+01  -7.4595377e+01
  -2.8905573e+01  -7.6145459e+01  -7.7157742e+01  -7.4563275e+01  -7.4582511e+01
  -2.8827443e+01  -7.6257720e+01  -7.7155580e+01  -7.4550305e+01  -7.4569540e+01
  -2.8749313e+01  -7.6257814e+01  -7.7153574e+01  -7.4537240e+01  -7.4556464e+01
  -2.8671184e+01  -7.6199760e+01  -7.7151764e+01  -7.4524064e+01  -7.4543284e+01
  -2.8593054e+01  -7.5991917e+01  -7.7150061e+01  -7.4510806e+01  -7.4529998e+01
  -2.8514924e+01  -7.5862496e+01  -7.7148537e+01  -7.4497391e+01  -7.4516607e+01
  -2.8436794e+01  -7.5193702e+01  -7.7147117e+01  -7.4483854e+01  -7.4503109e+01
  -2.8358664e+01  -7.5416057e+01  -7.7146085e+01  -7.4470324e+01  -7.4489507e+01
  -2.8280535e+01  -7.4282717e+01  -7.7144850e+01  -7.4456558e+01  -7.4475793e+01
  -2.8202405e+01  -7.5252137e+01  -7.7144706e+01  -7.4442729e+01  -7.4461979e+01
  -2.8124275e+01  -7.2918290e+01  -7.7143696e+01  -7.4428910e+01  -7.4448050e+01
  -2.8046145e+01  -7.3805946e+01  -7.7142941e+01  -7.4414757e+01  -7.4434016e+01
  -2.7968016e+01  -7.1364625e+01  -7.7144434e+01  -7.4400832e+01  -7.4419885e+01
  -2.7889886e+01  -7.2184862e+01  -7.7142243e+01  -7.4386564e+01  -7.4405627e+01
  -2.7811756e+01  -6.9800798e+01  -7.7143749e+01  -7.4372061e+01  -7.4391274e+01
  -2.7733626e+01  -7.0748428e+01  -7.7143920e+01  -7.4357727e+01  -7.4376800e+01
  -2.7655497e+01  -6.7071405e+01  -7.7145748e+01  -7.4343004e+01  -7.4362225e+01
  -2.7577367e+01  -6.9486528e+01  -7.7147210e+01  -7.4328399e+01  -7.4347541e+01
  -2.7499237e+01  -6.6471961e+01  -7.7146944e+01  -7.4313671e+01  -7.4332740e+01
  -2.7421107e+01  -6.7635902e+01  -7.7152737e+01  -7.4298672e+01  -7.4317839e+01
  -2.7342977e+01  -6.3811274e+01  -7.7156595e+01  -7.4283930e+01  -7.4302821e+01
  -2.7264848e+01  -6.6336186e+01  -7.7158912e+01  -7.4268462e+01  -7.4287696e+01
  -2.7186718e+01  -6.2168203e+01  -7.7157679e+01  -7.4253369e+01  -7.4272429e+01
  -2.7108588e+01  -6.4800214e+01  -7.7169243e+01  -7.4237845e+01  -7.4257104e+01
  -2.7030458e+01  -6.0544177e+01  -7.7167183e+01  -7.4222391e+01  -7.4241608e+01
  -2.6952329e+01  -6.3590168e+01  -7.7167383e+01  -7.4206991e+01  -7.4226025e+01
  -2.6874199e+01  -5.9097395e+01  -7.7181552e+01  -7.4191456e+01  -7.4210338e+01
  -2.6796069e+01  -6.1986296e+01  -7.7189391e+01  -7.4175038e+01  -7.4194540e+01
  -2.6717939e+01  -5.7822512e+01  -7.7195598e+01  -7.4160006e+01  -7.4178639e+01
  -2.6639810e+01  -6.0382703e+01  -7.7191193e+01  -7.4143586e+01  -7.4162563e+01
  -2.6561680e+01  -5.6598467e+01  -7.7197174e+01  -7.4126842e+01  -7.4146410e+01
  -2.6483550e+01  -5.9218162e+01  -7.7207317e+01  -7.4111370e+01  -7.4130161e+01
  -2.6405420e+01  -5.5237633e+01  -7.7203472e+01  -7.4094280e+01  -7.4113733e+01
  -2.6327290e+01  -5.8210753e+01  -7.7244531e+01  -7.4077426e+01  -7.4097257e+01
  -2.6249161e+01  -5.3392538e+01  -7.7200638e+01  -7.4061794e+01  -7.4080553e+01
  -2.6171031e+01  -5.7330216e+01  -7.7221975e+01  -7.4043906e+01  -7.4063843e+01
  -2.6092901e+01  -5.2879377e+01  -7.7260874e+01  -7.4028615e+01  -7.4047068e+01
  -2.6014771e+01  -5.5592369e+01  -7.7089171e+01  -7.4011621e+01  -7.4030003e+01
  -2.5936642e+01  -5.2198622e+01  -7.7192466e+01  -7.3994126e+01  -7.4012951e+01
  -2.5858512e+01  -5.7728199e+01  -7.7033286e+01  -7.3976965e+01  -7.3995701e+01
  -2.5780382e+01  -6.3569958e+01  -7.7080623e+01  -7.3959113e+01  -7.3978408e+01
  -2.5702252e+01  -6.7785320e+01  -7.6997874e+01  -7.3941810e+01  -7.3960910e+01
  -2.5624123e+01  -6.5262634e+01  -7.6488991e+01  -7.3924452e+01  -7.3943327e+01
  -2.5545993e+01  -6.8730936e+01  -7.7006349e+01  -7.3906085e+01  -7.3925735e+01
  -2.5467863e+01  -6.9473261e+01  -7.6432590e+01  -7.3889451e+01  -7.3907864e+01
  -2.5389733e+01  -6.8598265e+01  -7.5855741e+01  -7.3870776e+01  -7.3889966e+01
  -2.5311603e+01  -7.0863861e+01  -7.6099870e+01  -7.3853102e+01  -7.3871751e+01
  -2.5233474e+01  -6.9764916e+01  -7.4500497e+01  -7.3834266e+01  -7.3853792e+01
  -2.5155344e+01  -6.9942040e+01  -7.4423301e+01  -7.3815847e+01  -7.3835317e+01
  -2.5077214e+01  -7.0576469e+01  -7.3649894e+01  -7.3797517e+01  -7.3816808e+01
  -2.4999084e+01  -6.8377032e+01  -7.1609662e+01  -7.3779762e+01  -7.3798246e+01
  -2.4920955e+01  -6.9897981e+01  -7.2498581e+01  -7.3758940e+01  -7.3779624e+01
  -2.4842825e+01  -6.8497792e+01  -6.9733920e+01  -7.3742604e+01  -7.3760921e+01
  -2.4764695e+01  -6.7120236e+01  -6.8652513e+01  -7.3723495e+01  -7.3741696e+01
  -2.4686565e+01  -6.8211964e+01  -6.9256196e+01  -7.3703115e+01  -7.3722782e+01
  -2.4608436e+01  -6.4631117e+01  -6.4705539e+01  -7.3685440e+01  -7.3703572e+01
  -2.4530306e+01  -6.3966825e+01  -6.4556252e+01  -7.3664470e+01  -7.3684263e+01
  -2.4452176e+01  -6.3784876e+01  -6.3876558e+01  -7.3643823e+01  -7.3664770e+01
  -2.4374046e+01  -5.8846203e+01  -5.9204509e+01  -7.3626223e+01  -7.3644811e+01
  -2.4295916e+01  -6.0321642e+01  -6.0517968e+01  -7.3604240e+01  -7.3625289e+01
  -2.4217787e+01  -5.4206120e+01  -5.4233018e+01  -7.3587327e+01  -7.3605576e+01
  -2.4139657e+01  -4.7383090e+01  -4.7521568e+01  -7.3567901e+01  -7.3585410e+01
  -2.4061527e+01  -4.0135040e+01  -4.0142341e+01  -7.3547581e+01  -7.3565451e+01
  -2.3983397e+01  -4.3456066e+01  -4.3573119e+01  -7.3526299e+01  -7.3545101e+01
  -2.3905268e+01  -3.9584631e+01  -3.9594300e+01  -7.3505526e+01  -7.3525036e+01
  -2.3827138e+01  -4.2700637e+01  -4.2816470e+01  -7.3485318e+01  -7.3504058e+01
  -2.3749008e+01  -3.8463748e+01  -3.8481787e+01  -7.3464324e+01  -7.3483624e+01
  -2.3670878e+01  -4.2307173e+01  -4.2446745e+01  -7.3442998e+01  -7.3463166e+01
  -2.3592749e+01  -3.8375389e+01  -3.8365366e+01  -7.3423016e+01  -7.3441798e+01
  -2.3514619e+01  -4.1187215e+01  -4.1305015e+01  -7.3401860e+01  -7.3421016e+01
  -2.3436489e+01  -3.7257424e+01  -3.7271876e+01  -7.3381207e+01  -7.3399432e+01
  -2.3358359e+01  -4.1198394e+01  -4.1329350e+01  -7.3358543e+01  -7.3378830e+01
  -2.3280230e+01  -3.7033957e+01  -3.7040661e+01  -7.3336954e+01  -7.3357020e+01
  -2.3202100e+01  -3.9939173e+01  -4.0073993e+01  -7.3315331e+01  -7.3334972e+01
  -2.3123970e+01  -3.7184398e+01  -3.7215525e+01  -7.3294479e+01  -7.3313203e+01
  -2.3045840e+01  -3.8586203e+01  -3.8704315e+01  -7.3269553e+01  -7.3291236e+01
  -2.2967710e+01  -3.4953107e+01  -3.4957090e+01  -7.3250644e+01  -7.3269448e+01
  -2.2889581e+01  -3.8373933e+01  -3.8461398e+01  -7.3229206e+01  -7.3246395e+01
  -2.2811451e+01  -3.4143805e+01  -3.4152363e+01  -7.3205424e+01  -7.3225075e+01
  -2.2733321e+01  -3.7592464e+01  -3.7696177e+01  -7.3184334e+01  -7.3201964e+01
  -2.2655191e+01  -3.4398688e+01  -3.4420956e+01  -7.3160064e+01  -7.3180234e+01
  -2.2577062e+01  -3.7129830e+01  -3.7264336e+01  -7.3135578e+01  -7.3156887e+01
  -2.2498932e+01  -3.2968004e+01  -3.2989258e+01  -7.3114079e+01  -7.3133235e+01
  -2.2420802e+01  -3.6226503e+01  -3.6367097e+01  -7.3089524e+01  -7.3110569e+01
  -2.2342672e+01  -3.2739447e+01  -3.2753262e+01  -7.3068265e+01  -7.3086957e+01
  -2.2264543e+01  -3.6507085e+01  -3.6643601e+01  -7.3046786e+01  -7.3064130e+01
  -2.2186413e+01  -3.2050130e+01  -3.2078778e+01  -7.3023301e+01  -7.3040884e+01
  -2.2108283e+01  -3.5338358e+01  -3.5470332e+01  -7.2997045e+01  -7.3016901e+01
  -2.2030153e+01  -3.1218178e+01  -3.1224070e+01  -7.2974009e+01  -7.2994256e+01
  -2.1952023e+01  -3.4524910e+01  -3.4640592e+01  -7.2951237e+01  -7.2968507e+01
  -2.1873894e+01  -3.1201654e+01  -3.1226096e+01  -7.2924935e+01  -7.2945898e+01
  -2.1795764e+01  -3.4959765e+01  -3.5100786e+01  -7.2902146e+01  -7.2921577e+01
  -2.1717634e+01  -3.0190079e+01  -3.0200265e+01  -7.2875756e+01  -7.2895403e+01
  -2.1639504e+01  -3.3618150e+01  -3.3733513e+01  -7.2852596e+01  -7.2872043e+01
  -2.1561375e+01  -2.9943223e+01  -2.9952627e+01  -7.2828355e+01  -7.2846835e+01
  -2.1483245e+01  -3.2836060e+01  -3.2957110e+01  -7.2801509e+01  -7.2823099e+01
  -2.1405115e+01  -2.9250788e+01  -2.9277561e+01  -7.2776764e+01  -7.2797832e+01
  -2.1326985e+01  -3.2456834e+01  -3.2579747e+01  -7.2752464e+01  -7.2771589e+01
  -2.1248856e+01  -2.8762528e+01  -2.8772524e+01  -7.2726268e+01  -7.2746199e+01
  -2.1170726e+01  -3.2270074e+01  -3.2393571e+01  -7.2697797e+01  -7.2719215e+01
  -2.1092596e+01  -2.7580300e+01  -2.7597138e+01  -7.2674955e+01  -7.2693749e+01
  -2.1014466e+01  -3.1164418e+01  -3.1281689e+01  -7.2649787e+01  -7.2666603e+01
  -2.0936336e+01  -2.7151257e+01  -2.7155971e+01  -7.2623228e+01  -7.2643896e+01
  -2.0858207e+01  -3.0584572e+01  -3.0691572e+01  -7.2596919e+01  -7.2614395e+01
  -2.0780077e+01  -2.7242757e+01  -2.7265622e+01  -7.2571050e+01  -7.2591700e+01
  -2.0701947e+01  -3.0326921e+01  -3.0428157e+01  -7.2543396e+01  -7.2563378e+01
  -2.0623817e+01  -2.6241814e+01  -2.6243398e+01  -7.2516144e+01  -7.2536207e+01
  -2.0545688e+01  -3.0396687e+01  -3.0535495e+01  -7.2490086e+01  -7.2509319e+01
  -2.0467558e+01  -2.5950045e+01  -2.5953726e+01  -7.2461212e+01  -7.2479404e+01
  -2.0389428e+01  -2.9321510e+01  -2.9419122e+01  -7.2437943e+01  -7.2456546e+01
  -2.0311298e+01  -2.5675198e+01  -2.5676667e+01  -7.2409054e+01  -7.2428586e+01
  -2.0233169e+01  -2.8540786e+01  -2.8654719e+01  -7.2378742e+01  -7.2400271e+01
  -2.0155039e+01  -2.5554470e+01  -2.5568989e+01  -7.2352717e+01  -7.2374484e+01
  -2.0076909e+01  -3.1414947e+01  -3.1548496e+01  -7.2328097e+01  -7.2343144e+01
  -1.9998779e+01  -3.5005438e+01  -3.4975224e+01  -7.2296118e+01  -7.2320011e+01
  -1.9920649e+01  -3.1061427e+01  -3.1195926e+01  -7.2270781e+01  -7.2288819e+01
  -1.9842520e+01  -2.4168109e+01  -2.4187883e+01  -7.2237607e+01  -7.2256042e+01
  -1.9764390e+01  -2.7219072e+01  -2.7326399e+01  -7.2210625e+01  -7.2230671e+01
  -1.9686260e+01  -2.3852786e+01  -2.3856534e+01  -7.2182687e+01  -7.2201817e+01
  -1.9608130e+01  -2.7183025e+01  -2.7288092e+01  -7.2150483e+01  -7.2173112e+01
  -1.9530001e+01  -2.3230162e+01  -2.3236702e+01  -7.2122164e+01  -7.2143973e+01
  -1.9451871e+01  -2.6639477e+01  -2.6757430e+01  -7.2096916e+01  -7.2114827e+01
  -1.9373741e+01  -2.2324605e+01  -2.2344748e+01  -7.2062965e+01  -7.2084188e+01
  -1.9295611e+01  -2.5838432e+01  -2.5950282e+01  -7.2028381e+01  -7.2049578e+01
  -1.9217482e+01  -2.2922965e+01  -2.2934029e+01  -7.2003790e+01  -7.2019480e+01
  -1.9139352e+01  -2.5361047e+01  -2.5459547e+01  -7.1971511e+01  -7.1989203e+01
  -1.9061222e+01  -2.2350539e+01  -2.2374397e+01  -7.1942089e+01  -7.1965632e+01
  -1.8983092e+01  -2.5354503e+01  -2.5505134e+01  -7.1908887e+01  -7.1925582e+01
  -1.8904962e+01  -2.1690848e+01  -2.1704765e+01  -7.1882225e+01  -7.1902765e+01
  -1.8826833e+01  -2.4209372e+01  -2.4297154e+01  -7.1851569e+01  -7.1870013e+01
  -1.8748703e+01  -2.1269869e+01  -2.1273172e+01  -7.1819949e+01  -7.1839857e+01
  -1.8670573e+01  -2.4307844e+01  -2.4437827e+01  -7.1790385e+01  -7.1807899e+01
  -1.8592443e+01  -2.0321154e+01  -2.0301625e+01  -7.1753133e+01  -7.1767738e+01
  -1.8514314e+01  -2.3858072e+01  -2.3966648e+01  -7.1728892e+01  -7.1749846e+01
  -1.8436184e+01  -2.0002131e+01  -2.0012268e+01  -7.1689383e+01  -7.1712322e+01
  -1.8358054e+01  -2.3824816e+01  -2.3979070e+01  -7.1658389e+01  -7.1680459e+01
  -1.8279924e+01  -1.9838609e+01  -1.9856729e+01  -7.1623756e+01  -7.1646633e+01
  -1.8201795e+01  -2.3481483e+01  -2.3607670e+01  -7.1598700e+01  -7.1613117e+01
  -1.8123665e+01  -1.9568425e+01  -1.9585431e+01  -7.1561832e+01  -7.1589807e+01
  -1.8045535e+01  -2.2546863e+01  -2.2657588e+01  -7.1528396e+01  -7.1547698e+01
  -1.7967405e+01  -1.9133145e+01  -1.9129159e+01  -7.1495022e+01  -7.1507794e+01
  -1.7889275e+01  -2.2501524e+01  -2.2612958e+01  -7.1457555e+01  -7.1478056e+01
  -1.7811146e+01  -1.9352320e+01  -1.9342728e+01  -7.1427799e+01  -7.1445181e+01
  -1.7733016e+01  -2.1886760e+01  -2.2005384e+01  -7.1386770e+01  -7.1408547e+01
  -1.7654886e+01  -1.8211637e+01  -1.8234857e+01  -7.1353185e+01  -7.1372779e+01
  -1.7576756e+01  -2.1588582e+01  -2.1710489e+01  -7.1329712e+01  -7.1347719e+01
  -1.7498627e+01  -1.8694054e+01  -1.8707055e+01  -7.1284370e+01  -7.1305120e+01
  -1.7420497e+01  -2.0854905e+01  -2.0981155e+01  -7.1240487e+01  -7.1264199e+01
  -1.7342367e+01  -1.7464560e+01  -1.7477451e+01  -7.1219891e+01  -7.1229213e+01
  -1.7264237e+01  -2.1023877e+01  -2.1131293e+01  -7.1176817e+01  -7.1196628e+01
  -1.7186108e+01  -1.7199680e+01  -1.7217374e+01  -7.1141300e+01  -7.1168598e+01
  -1.7107978e+01  -2.0453346e+01  -2.0600012e+01  -7.1102293e+01  -7.1115387e+01
  -1.7029848e+01  -1.6719876e+01  -1.6739361e+01  -7.1070909e+01  -7.1088049e+01
  -1.6951718e+01  -2.0391587e+01  -2.0520169e+01  -7.1035524e+01  -7.1055687e+01
  -1.6873588e+01  -1.6309706e+01  -1.6318508e+01  -7.1003849e+01  -7.1021520e+01
  -1.6795459e+01  -1.9880644e+01  -1.9978171e+01  -7.0970310e+01  -7.0988428e+01
  -1.6717329e+01  -1.6254911e+01  -1.6278545e+01  -7.0926029e+01  -7.0935003e+01
  -1.6639199e+01  -1.9419588e+01  -1.9523943e+01  -7.0900604e+01  -7.0923989e+01
  -1.6561069e+01  -1.6021070e+01  -1.6022635e+01  -7.0842394e+01  -7.0865526e+01
  -1.6482940e+01  -1.9136877e+01  -1.9244882e+01  -7.0817735e+01  -7.0837137e+01
  -1.6404810e+01  -1.5583457e+01  -1.5613888e+01  -7.0761252e+01  -7.0781241e+01
  -1.6326680e+01  -1.8923285e+01  -1.9060665e+01  -7.0739260e+01  -7.0757001e+01
  -1.6248550e+01  -1.4660897e+01  -1.4672242e+01  -7.0693081e+01  -7.0726884e+01
  -1.6170421e+01  -1.9061165e+01  -1.9174130e+01  -7.0648400e+01  -7.0673986e+01
  -1.6092291e+01  -1.4987049e+01  -1.5001166e+01  -7.0627583e+01  -7.0632257e+01
  -1.6014161e+01  -1.8246424e+01  -1.8378328e+01  -7.0562836e+01  -7.0583531e+01
  -1.5936031e+01  -1.5177922e+01  -1.5191477e+01  -7.0537469e+01  -7.0546126e+01
  -1.5857901e+01  -2.1169328e+01  -2.1278156e+01  -7.0481877e+01  -7.0499335e+01
  -1.5779772e+01  -2.7534266e+01  -2.7466958e+01  -7.0441515e+01  -7.0451051e+01
  -1.5701642e+01  -3.2716205e+01  -3.2897111e+01  -7.0421234e+01  -7.0442573e+01
  -1.5623512e+01  -3.0285718e+01  -3.0494383e+01  -7.0355337e+01  -7.0371335e+01
  -1.5545382e+01  -3.4543393e+01  -3.4518218e+01  -7.0311496e+01  -7.0339270e+01
  -1.5467253e+01  -3.5226267e+01  -3.5816585e+01  -7.0297457e+01  -7.0303202e+01
  -1.5389123e+01  -3.4891411e+01  -3.5491693e+01  -7.0240543e+01  -7.0263376e+01
  -1.5310993e+01  -3.8611741e+01  -3.9495776e+01  -7.0189156e+01  -7.0218822e+01
  -1.5232863e+01  -3.7077897e+01  -3.7969126e+01  -7.0153956e+01  -7.0158292e+01
  -1.5154734e+01  -3.7997723e+01  -3.8952716e+01  -7.0106981e+01  -7.0113163e+01
  -1.5076604e+01  -3.9500691e+01  -4.1454497e+01  -7.0058891e+01  -7.0085708e+01
  -1.4998474e+01  -3.6494921e+01  -3.9437945e+01  -7.0032080e+01  -7.0045835e+01
  -1.4920344e+01  -3.8763913e+01  -4.2284462e+01  -7.0005320e+01  -7.0023830e+01
  -1.4842214e+01  -3.6897635e+01  -4.3359163e+01  -6.9953378e+01  -6.9961590e+01
  -1.4764085e+01  -3.5748120e+01  -4.3179410e+01  -6.9917668e+01  -6.9942743e+01
  -1.4685955e+01  -3.7331399e+01  -4.6592233e+01  -6.9833743e+01  -6.9846858e+01
  -1.4607825e+01  -3.3559322e+01  -4.5068715e+01  -6.9827310e+01  -6.9840375e+01
  -1.4529695e+01  -3.3379223e+01  -4.6303579e+01  -6.9732370e+01  -6.9741271e+01
  -1.4451566e+01  -3.3557853e+01  -4.8429848e+01  -6.9716304e+01  -6.9739645e+01
  -1.4373436e+01  -2.8593281e+01  -4.6717835e+01  -6.9643248e+01  -6.9685234e+01
  -1.4295306e+01  -3.0409920e+01  -5.0026216e+01  -6.9596399e+01  -6.9629937e+01
  -1.4217176e+01  -2.4481604e+01  -5.0700472e+01  -6.9601748e+01  -6.9603800e+01
  -1.4139047e+01  -1.7894273e+01  -5.0981327e+01  -6.9474686e+01  -6.9495821e+01
  -1.4060917e+01  -1.0926078e+01  -5.4838280e+01  -6.9469971e+01  -6.9460172e+01
  -1.3982787e+01  -1.4516227e+01  -5.2975423e+01  -6.9390360e+01  -6.9399403e+01
  -1.3904657e+01  -1.0897260e+01  -5.5067991e+01  -6.9350788e+01  -6.9339016e+01
  -1.3826527e+01  -1.4270550e+01  -5.6905084e+01  -6.9321456e+01  -6.9348047e+01
  -1.3748398e+01  -1.0293103e+01  -5.6035607e+01  -6.9221708e+01  -6.9224302e+01
  -1.3670268e+01  -1.4381543e+01  -6.0067409e+01  -6.9211048e+01  -6.9235006e+01
  -1.3592138e+01  -1.0690143e+01  -5.9603594e+01  -6.9193016e+01  -6.9209494e+01
  -1.3514008e+01  -1.3752361e+01  -6.0436305e+01  -6.9121682e+01  -6.9147364e+01
  -1.3435879e+01  -1.0062994e+01  -6.3803476e+01  -6.9036520e+01  -6.9066294e+01
  -1.3357749e+01  -1.4247393e+01  -6.1958484e+01  -6.9026340e+01  -6.9015728e+01
  -1.3279619e+01  -1.0299070e+01  -6.3962358e+01  -6.8952435e+01  -6.8938848e+01
  -1.3201489e+01  -1.3453264e+01  -6.4464709e+01  -6.8861854e+01  -6.8895808e+01
  -1.3123360e+01  -1.0917663e+01  -6.4583865e+01  -6.8854602e+01  -6.8864111e+01
  -1.3045230e+01  -1.2538722e+01  -6.3841936e+01  -6.8849478e+01  -6.8858828e+01
  -1.2967100e+01  -9.1303449e+00  -6.4960877e+01  -6.8784629e+01  -6.8807663e+01
  -1.2888970e+01  -1.2765766e+01  -6.4432081e+01  -6.8710787e+01  -6.8735263e+01
  -1.2810841e+01  -8.7566966e+00  -6.4060721e+01  -6.8608499e+01  -6.8596138e+01
  -1.2732711e+01  -1.2430020e+01  -6.4206206e+01  -6.8630280e+01  -6.8635640e+01
  -1.2654581e+01  -9.4509380e+00  -6.3749587e+01  -6.8496666e+01  -6.8487311e+01
  -1.2576451e+01  -1.2385193e+01  -6.3854138e+01  -6.8473873e+01  -6.8496362e+01
  -1.2498321e+01  -8.4284374e+00  -6.3674688e+01  -6.8345023e+01  -6.8396082e+01
  -1.2420192e+01  -1.1898750e+01  -6.3680684e+01  -6.8309743e+01  -6.8345059e+01
  -1.2342062e+01  -8.6214427e+00  -6.4775143e+01  -6.8348776e+01  -6.8362827e+01
  -1.2263932e+01  -1.2579589e+01  -6.4873348e+01  -6.8104155e+01  -6.8125579e+01
  -1.2185802e+01  -8.3182357e+00  -6.5097788e+01  -6.8162053e+01  -6.8127864e+01
  -1.2107673e+01  -1.1806790e+01  -6.4876823e+01  -6.8026269e+01  -6.8022891e+01
  -1.2029543e+01  -7.8807086e+00  -6.5149506e+01  -6.8024778e+01  -6.7987745e+01
  -1.1951413e+01  -1.1388071e+01  -6.5045674e+01  -6.7931791e+01  -6.7959138e+01
  -1.1873283e+01  -8.2482865e+00  -6.5267617e+01  -6.7794870e+01  -6.7768153e+01
  -1.1795154e+01  -1.2199656e+01  -6.5871435e+01  -6.7860446e+01  -6.7858234e+01
  -1.1717024e+01  -7.6186808e+00  -6.5841313e+01  -6.7801766e+01  -6.7851423e+01
  -1.1638894e+01  -1.1233019e+01  -6.6172573e+01  -6.7734446e+01  -6.7759980e+01
  -1.1560764e+01  -7.7381833e+00  -6.6586768e+01  -6.7591743e+01  -6.7623229e+01
  -1.1482634e+01  -1.0813293e+01  -6.6012996e+01  -6.7618187e+01  -6.7588235e+01
  -1.1404505e+01  -7.4068413e+00  -6.6371733e+01  -6.7528642e+01  -6.7497722e+01
  -1.1326375e+01  -1.0796706e+01  -6.6328965e+01  -6.7316804e+01  -6.7346568e+01
  -1.1248245e+01  -7.2751847e+00  -6.6448399e+01  -6.7384687e+01  -6.7392780e+01
  -1.1170115e+01  -1.0964816e+01  -6.6035388e+01  -6.7366779e+01  -6.7346542e+01
  -1.1091986e+01  -6.4436010e+00  -6.6446484e+01  -6.7279926e+01  -6.7339292e+01
  -1.1013856e+01  -1.0198780e+01  -6.6321591e+01  -6.7129313e+01  -6.7144675e+01
  -1.0935726e+01  -6.3578263e+00  -6.6200811e+01  -6.7055556e+01  -6.7003322e+01
  -1.0857596e+01  -9.9649395e+00  -6.6185023e+01  -6.7082610e+01  -6.7083048e+01
  -1.0779467e+01  -6.7876029e+00  -6.5868799e+01  -6.6967689e+01  -6.6946784e+01
  -1.0701337e+01  -1.0039405e+01  -6.5750843e+01  -6.6892174e+01  -6.6891885e+01
  -1.0623207e+01  -6.1180343e+00  -6.5843389e+01  -6.6669054e+01  -6.6726737e+01
  -1.0545077e+01  -1.0434810e+01  -6.5364048e+01  -6.6633819e+01  -6.6663485e+01
  -1.0466947e+01  -6.1528750e+00  -6.5930256e+01  -6.6687629e+01  -6.6725772e+01
  -1.0388818e+01  -9.6849825e+00  -6.5870649e+01  -6.6263442e+01  -6.6283028e+01
  -1.0310688e+01  -6.1992085e+00  -6.5805546e+01  -6.6489281e+01  -6.6438665e+01
  -1.0232558e+01  -9.2220845e+00  -6.5662953e+01  -6.6161490e+01  -6.6139964e+01
  -1.0154428e+01  -6.3934009e+00  -6.5642524e+01  -6.6286452e+01  -6.6256578e+01
  -1.0076299e+01  -1.2410301e+01  -6.5357977e+01  -6.6009853e+01  -6.6019633e+01
  -9.9981688e+00  -1.6155952e+01  -6.5405796e+01  -6.5810230e+01  -6.5735526e+01
  -9.9200391e+00  -1.2363075e+01  -6.5588960e+01  -6.5972116e+01  -6.5918749e+01
  -9.8419093e+00  -5.6251328e+00  -6.5167169e+01  -6.5752287e+01  -6.5834203e+01
  -9.7637795e+00  -8.8277750e+00  -6.5527363e+01  -6.5770485e+01  -6.5796976e+01
  -9.6856498e+00  -5.6121395e+00  -6.5295714e+01  -6.5544973e+01  -6.5589014e+01
  -9.6075200e+00  -9.0911775e+00  -6.5116037e+01  -6.5469538e+01  -6.5427002e+01
  -9.5293902e+00  -5.2818473e+00  -6.5077107e+01  -6.5448078e+01  -6.5444234e+01
  -9.4512605e+00  -8.8404292e+00  -6.4948815e+01  -6.5011743e+01  -6.5010097e+01
  -9.3731307e+00  -4.6703903e+00  -6.4981218e+01  -6.5233284e+01  -6.5259130e+01
  -9.2950009e+00  -8.3305777e+00  -6.4791197e+01  -6.5026254e+01  -6.4956655e+01
  -9.2168711e+00  -5.5557259e+00  -6.4612312e+01  -6.4902561e+01  -6.4998994e+01
  -9.1387414e+00  -8.1357060e+00  -6.4643646e+01  -6.4700180e+01  -6.4683735e+01
  -9.0606116e+00  -5.2665313e+00  -6.4750938e+01  -6.4735750e+01  -6.4645453e+01
  -8.9824818e+00  -8.4139668e+00  -6.4433939e+01  -6.4645249e+01  -6.4647736e+01
  -8.9043521e+00  -4.8865445e+00  -6.4402058e+01  -6.4710481e+01  -6.4713393e+01
  -8.8262223e+00  -7.5433517e+00  -6.4459634e+01  -6.4572706e+01  -6.4512931e+01
  -8.7480925e+00  -4.7418728e+00  -6.4099458e+01  -6.4119630e+01  -6.4177673e+01
  -8.6699628e+00  -7.9169058e+00  -6.3701865e+01  -6.4075530e+01  -6.4116642e+01
  -8.5918330e+00  -4.0660566e+00  -6.3905650e+01  -6.4010706e+01  -6.4040157e+01
  -8.5137032e+00  -7.7357299e+00  -6.3402249e+01  -6.3280761e+01  -6.3306738e+01
  -8.4355735e+00  -4.0155961e+00  -6.3651411e+01  -6.3960039e+01  -6.3925111e+01
  -8.3574437e+00  -7.9717029e+00  -6.3035074e+01  -6.2853220e+01  -6.2796399e+01
  -8.2793139e+00  -4.1168026e+00  -6.2756675e+01  -6.3146224e+01  -6.3272042e+01
  -8.2011842e+00  -7.8929872e+00  -6.2736357e+01  -6.2651464e+01  -6.2581190e+01
  -8.1230544e+00  -4.1075220e+00  -6.2067657e+01  -6.1792814e+01  -6.1706586e+01
  -8.0449246e+00  -7.2174730e+00  -6.2184688e+01  -6.2186180e+01  -6.2130012e+01
  -7.9667948e+00  -3.9315057e+00  -6.1303077e+01  -6.1234082e+01  -6.1208912e+01
  -7.8886651e+00  -7.4267784e+00  -6.1202969e+01  -6.1295159e+01  -6.1402270e+01
  -7.8105353e+00  -4.4057893e+00  -6.0928981e+01  -6.1130919e+01  -6.1178815e+01
  -7.7324055e+00  -7.0664300e+00  -6.0014112e+01  -5.9908770e+01  -5.9895726e+01
  -7.6542758e+00  -3.5163916e+00  -5.9891868e+01  -6.0140613e+01  -6.0280532e+01
  -7.5761460e+00  -7.0207838e+00  -6.0051795e+01  -5.9783627e+01  -5.9715732e+01
  -7.4980162e+00  -4.2481968e+00  -5.9444236e+01  -5.9511579e+01  -5.9615620e+01
  -7.4198865e+00  -6.5323991e+00  -5.9215261e+01  -5.9124892e+01  -5.9033341e+01
  -7.3417567e+00  -3.2651977e+00  -5.8782563e+01  -5.8830921e+01  -5.8871102e+01
  -7.2636269e+00  -6.9449175e+00  -5.9027554e+01  -5.8926508e+01  -5.8877136e+01
  -7.1854972e+00  -3.2433707e+00  -5.8918977e+01  -5.8789574e+01  -5.8736452e+01
  -7.1073674e+00  -6.6168218e+00  -5.8355184e+01  -5.8410670e+01  -5.8438870e+01
  -7.0292376e+00  -3.0016796e+00  -5.8694612e+01  -5.8688649e+01  -5.8714484e+01
  -6.9511079e+00  -6.7946667e+00  -5.9163596e+01  -5.8963994e+01  -5.8880957e+01
  -6.8729781e+00  -2.8296287e+00  -5.8058215e+01  -5.7873962e+01  -5.7896902e+01
  -6.7948483e+00  -6.5195700e+00  -5.7770890e+01  -5.8076778e+01  -5.8197019e+01
  -6.7167185e+00  -3.0092162e+00  -5.7731324e+01  -5.7433588e+01  -5.7292344e+01
  -6.6385888e+00  -6.2894787e+00  -5.5191680e+01  -5.5232112e+01  -5.5342171e+01
  -6.5604590e+00  -3.0074877e+00  -5.7044983e+01  -5.7397022e+01  -5.7379114e+01
  -6.4823292e+00  -6.2382344e+00  -5.3322865e+01  -5.2914678e+01  -5.2796434e+01
  -6.4041995e+00  -2.7999570e+00  -5.2001919e+01  -5.2810500e+01  -5.3247912e+01
  -6.3260697e+00  -6.2535483e+00  -5.3358694e+01  -5.2749276e+01  -5.2437318e+01
  -6.2479399e+00  -2.1032569e+00  -4.8366969e+01  -4.8282224e+01  -4.8318244e+01
  -6.1698102e+00  -6.6159681e+00  -4.9467410e+01  -4.9962559e+01  -5.0134950e+01
  -6.0916804e+00  -2.6544130e+00  -4.6867654e+01  -4.6334616e+01  -4.6104725e+01
  -6.0135506e+00  -6.0241353e+00  -4.4512751e+01  -4.4894424e+01  -4.5118560e+01
  -5.9354209e+00  -3.0668143e+00  -4.6233763e+01  -4.6306050e+01  -4.6231543e+01
  -5.8572911e+00  -9.1687983e+00  -4.1567023e+01  -4.1430037e+01  -4.1401546e+01
  -5.7791613e+00  -1.5641536e+01  -4.1258598e+01  -4.1723270e+01  -4.1976591e+01
  -5.7010316e+00  -2.0934818e+01  -4.2037321e+01  -4.1681214e+01  -4.1500887e+01
  -5.6229018e+00  -1.8613837e+01  -3.7984063e+01  -3.8110856e+01  -3.8205451e+01
  -5.5447720e+00  -2.2971995e+01  -3.9174756e+01  -3.9339419e+01  -3.9382253e+01
  -5.4666423e+00  -2.3781389e+01  -3.6544086e+01  -3.6306695e+01  -3.6197578e+01
  -5.3885125e+00  -2.3547868e+01  -3.5282944e+01  -3.5531605e+01  -3.5659293e+01
  -5.3103827e+00  -2.7367614e+01  -3.6408725e+01  -3.6366224e+01  -3.6312524e+01
  -5.2322529e+00  -2.5949281e+01  -3.2299929e+01  -3.2268229e+01  -3.2267602e+01
  -5.1541232e+00  -2.6959786e+01  -3.2446374e+01  -3.2693663e+01  -3.2827125e+01
  -5.0759934e+00  -2.8574210e+01  -3.2746571e+01  -3.2564016e+01  -3.2471715e+01
  -4.9978636e+00  -2.5679285e+01  -2.9358766e+01  -2.9505144e+01  -2.9585041e+01
  -4.9197339e+00  -2.8038368e+01  -3.0589004e+01  -3.0640281e+01  -3.0652098e+01
  -4.8416041e+00  -2.6278230e+01  -2.7712033e+01  -2.7628891e+01  -2.7588690e+01
  -4.7634743e+00  -2.5238485e+01  -2.6782396e+01  -2.6921645e+01  -2.6989892e+01
  -4.6853446e+00  -2.6932663e+01  -2.7798374e+01  -2.7760407e+01  -2.7734807e+01
  -4.6072148e+00  -2.3251446e+01  -2.3330932e+01  -2.3336287e+01  -2.3343033e+01
  -4.5290850e+00  -2.3171049e+01  -2.3543573e+01  -2.3694222e+01  -2.3772901e+01
  -4.4509553e+00  -2.3458542e+01  -2.3395527e+01  -2.3305296e+01  -2.3260866e+01
  -4.3728255e+00  -1.8587557e+01  -1.8879043e+01  -1.8974825e+01  -1.9021273e+01
  -4.2946957e+00  -2.0497548e+01  -2.0686217e+01  -2.0741209e+01  -2.0766883e+01
  -4.2165660e+00  -1.4671350e+01  -1.4684257e+01  -1.4674359e+01  -1.4669802e+01
  -4.1384362e+00  -8.1845927e+00  -8.3237195e+00  -8.3837378e+00  -8.4133187e+00
  -4.0603064e+00  -1.3148380e+00  -1.3232455e+00  -1.3282846e+00  -1.3309192e+00
  -3.9821766e+00  -5.0031581e+00  -5.1191832e+00  -5.1805575e+00  -5.2113004e+00
  -3.9040469e+00  -1.4813004e+00  -1.4923054e+00  -1.4984533e+00  -1.5017843e+00
  -3.8259171e+00  -4.9521735e+00  -5.0700227e+00  -5.1301832e+00  -5.1602606e+00
  -3.7477873e+00  -1.0722591e+00  -1.0879666e+00  -1.0963070e+00  -1.1007066e+00
  -3.6696576e+00  -5.2577445e+00  -5.3943215e+00  -5.4607681e+00  -5.4936643e+00
  -3.5915278e+00  -1.6617540e+00  -1.6553171e+00  -1.6531629e+00  -1.6520595e+00
  -3.5133980e+00  -4.8202902e+00  -4.9325422e+00  -4.9907777e+00  -5.0203009e+00
  -3.4352683e+00  -1.2260621e+00  -1.2399014e+00  -1.2465882e+00  -1.2498476e+00
  -3.3571385e+00  -5.5041234e+00  -5.6330024e+00  -5.6988387e+00  -5.7318376e+00
  -3.2790087e+00  -1.6512391e+00  -1.6617712e+00  -1.6682142e+00  -1.6716736e+00
  -3.2008790e+00  -4.8996872e+00  -5.0287371e+00  -5.0937054e+00  -5.1262918e+00
  -3.1227492e+00  -2.4581916e+00  -2.4865444e+00  -2.5026412e+00  -2.5109725e+00
  -3.0446194e+00  -4.1720965e+00  -4.2931545e+00  -4.3574430e+00  -4.3907010e+00
  -2.9664897e+00  -8.5702791e-01  -8.6054422e-01  -8.6280081e-01  -8.6393392e-01
  -2.8883599e+00  -4.5857019e+00  -4.6737035e+00  -4.7172401e+00  -4.7390304e+00
  -2.8102301e+00  -6.6880741e-01  -6.7828727e-01  -6.8437456e-01  -6.8763259e-01
  -2.7321003e+00  -4.4333212e+00  -4.5395828e+00  -4.5939846e+00  -4.6214962e+00
  -2.6539706e+00  -1.5466810e+00  -1.5644768e+00  -1.5727890e+00  -1.5767793e+00
  -2.5758408e+00  -4.5724531e+00  -4.7097843e+00  -4.7827372e+00  -4.8201369e+00
  -2.4977110e+00  -7.0639191e-01  -7.2629687e-01  -7.3788508e-01  -7.4404595e-01
  -2.4195813e+00  -4.2673167e+00  -4.4043747e+00  -4.4761012e+00  -4.5124958e+00
  -2.3414515e+00  -1.0796262e+00  -1.0936328e+00  -1.1011258e+00  -1.1048693e+00
  -2.2633217e+00  -5.1280462e+00  -5.2634369e+00  -5.3301025e+00  -5.3629093e+00
  -2.1851920e+00  -9.5638941e-01  -9.8658585e-01  -1.0019353e+00  -1.0094337e+00
  -2.1070622e+00  -4.5352258e+00  -4.6656904e+00  -4.7339877e+00  -4.7687452e+00
  -2.0289324e+00  -6.9772811e-01  -7.0477803e-01  -7.1026510e-01  -7.1359272e-01
  -1.9508027e+00  -4.2932504e+00  -4.4075926e+00  -4.4682855e+00  -4.4993589e+00
  -1.8726729e+00  -1.2420493e+00  -1.2660871e+00  -1.2801944e+00  -1.2877839e+00
  -1.7945431e+00  -5.2816114e+00  -5.4216422e+00  -5.4919352e+00  -5.5266224e+00
  -1.7164134e+00  -7.8791496e-01  -7.9826991e-01  -8.0435987e-01  -8.0753224e-01
  -1.6382836e+00  -4.4908770e+00  -4.6048796e+00  -4.6611625e+00  -4.6893605e+00
  -1.5601538e+00  -1.0831159e+00  -1.0899221e+00  -1.0933411e+00  -1.0950796e+00
  -1.4820240e+00  -4.2443135e+00  -4.3664333e+00  -4.4279617e+00  -4.4588538e+00
  -1.4038943e+00  -9.2504860e-01  -9.5200085e-01  -9.6710992e-01  -9.7481366e-01
  -1.3257645e+00  -4.4002993e+00  -4.5248822e+00  -4.5880956e+00  -4.6199106e+00
  -1.2476347e+00  -9.6576448e-01  -9.7720272e-01  -9.8461673e-01  -9.8845341e-01
  -1.1695050e+00  -4.7408661e+00  -4.8617165e+00  -4.9199041e+00  -4.9485168e+00
  -1.0913752e+00  -3.0553892e-01  -3.2159647e-01  -3.2995274e-01  -3.3418583e-01
  -1.0132454e+00  -4.1453587e+00  -4.2647238e+00  -4.3272027e+00  -4.3591747e+00
  -9.3511567e-01  -3.8993804e-01  -3.9486558e-01  -3.9908630e-01  -4.0158766e-01
  -8.5698590e-01  -4.0815397e+00  -4.1867949e+00  -4.2401406e+00  -4.2672511e+00
  -7.7885613e-01  -9.8906502e-01  -1.0123492e+00  -1.0234478e+00  -1.0288435e+00
  -7.0072636e-01  -4.3248446e+00  -4.4247084e+00  -4.4770513e+00  -4.5037321e+00
  -6.2259659e-01  -4.8781983e-01  -4.8951698e-01  -4.9077573e-01  -4.9139718e-01
  -5.4446683e-01  -4.8884438e+00  -5.0260641e+00  -5.0957947e+00  -5.1308271e+00
  -4.6633706e-01  -6.8984044e-01  -6.9255001e-01  -6.9464749e-01  -6.9586289e-01
  -3.8820729e-01  -4.3054121e+00  -4.4021046e+00  -4.4501888e+00  -4.4741570e+00
  -3.1007752e-01  -9.0263476e-01  -9.0440219e-01  -9.0569054e-01  -9.0639896e-01
  -2.3194775e-01  -4.0079435e+00  -4.1238881e+00  -4.1851323e+00  -4.2163975e+00
  -1.5381798e-01  -1.2621411e+00  -1.2765298e+00  -1.2861582e+00  -1.2913836e+00
  -7.5688213e-02  -7.3607050e+00  -7.4967924e+00  -7.5655696e+00  -7.5999682e+00
   2.4415553e-03  -1.1189991e+01  -1.1156990e+01  -1.1145370e+01  -1.1140547e+01
   8.0571324e-02  -7.4786816e+00  -7.6145184e+00  -7.6835488e+00  -7.7180801e+00
   1.5870109e-01  -8.2211671e-01  -8.4090650e-01  -8.5168409e-01  -8.5731153e-01
   2.3683086e-01  -4.1065022e+00  -4.2130032e+00  -4.2673091e+00  -4.2945774e+00
   3.1496063e-01  -9.7187850e-01  -9.7522178e-01  -9.7791400e-01  -9.7931796e-01
   3.9309040e-01  -4.5316134e+00  -4.6368783e+00  -4.6912233e+00  -4.7186697e+00
   4.7122017e-01  -8.0395187e-01  -8.1193801e-01  -8.1830711e-01  -8.2184967e-01
   5.4934994e-01  -4.4425925e+00  -4.5620609e+00  -4.6236102e+00  -4.6545746e+00
   6.2747970e-01  -3.5369298e-01  -3.7335451e-01  -3.8409925e-01  -3.8971860e-01
   7.0560947e-01  -4.0941840e+00  -4.2052582e+00  -4.2616196e+00  -4.2899095e+00
   7.8373924e-01  -1.3995579e+00  -1.4113038e+00  -1.4184407e+00  -1.4221139e+00
   8.6186901e-01  -4.0599992e+00  -4.1594546e+00  -4.2122794e+00  -4.2391736e+00
   9.3999878e-01  -1.2706106e+00  -1.2944524e+00  -1.3076052e+00  -1.3142673e+00
   1.0181285e+00  -4.4976715e+00  -4.6465882e+00  -4.7207695e+00  -4.7576275e+00
   1.0962583e+00  -1.0499299e+00  -1.0633874e+00  -1.0717843e+00  -1.0762946e+00
   1.1743881e+00  -3.7859696e+00  -3.8740250e+00  -3.9179270e+00  -3.9398823e+00
   1.2525179e+00  -1.0637428e+00  -1.0671051e+00  -1.0692190e+00  -1.0702298e+00
   1.3306476e+00  -4.3172216e+00  -4.4470790e+00  -4.5139271e+00  -4.5477322e+00
   1.4087774e+00  -5.4560413e-01  -5.2628639e-01  -5.1763761e-01  -5.1367627e-01
   1.4869072e+00  -4.2938887e+00  -4.4038024e+00  -4.4610838e+00  -4.4902302e+00
   1.5650369e+00  -6.5250193e-01  -6.6353114e-01  -6.6901882e-01  -6.7181320e-01
   1.6431667e+00  -4.6865071e+00  -4.8415762e+00  -4.9225401e+00  -4.9636756e+00
   1.7212965e+00  -9.1023144e-01  -9.2886073e-01  -9.3699764e-01  -9.4065128e-01
   1.7994262e+00  -4.7650653e+00  -4.8902786e+00  -4.9531171e+00  -4.9845935e+00
   1.8775560e+00  -1.0574984e+00  -1.0750313e+00  -1.0855419e+00  -1.0909297e+00
   1.9556858e+00  -4.2451476e+00  -4.3553792e+00  -4.4105892e+00  -4.4379732e+00
   2.0338155e+00  -1.0372137e+00  -1.0326592e+00  -1.0319104e+00  -1.0320599e+00
   2.1119453e+00  -4.6098412e+00  -4.7227847e+00  -4.7824016e+00  -4.8129796e+00
   2.1900751e+00  -1.6667220e+00  -1.6568521e+00  -1.6527464e+00  -1.6508789e+00
   2.2682048e+00  -4.4045697e+00  -4.5239302e+00  -4.5855713e+00  -4.6166550e+00
   2.3463346e+00  -9.3162185e-01  -9.5578494e-01  -9.6902205e-01  -9.7565705e-01
   2.4244644e+00  -4.5135986e+00  -4.6338746e+00  -4.6944898e+00  -4.7248031e+00
   2.5025942e+00  -1.8183959e+00  -1.8307304e+00  -1.8406264e+00  -1.8463181e+00
   2.5807239e+00  -4.1798695e+00  -4.3059980e+00  -4.3695410e+00  -4.4014490e+00
   2.6588537e+00  -9.8903699e-01  -1.0012106e+00  -1.0075940e+00  -1.0107233e+00
   2.7369835e+00  -4.7453931e+00  -4.8532420e+00  -4.9071928e+00  -4.9342507e+00
   2.8151132e+00  -1.1206980e+00  -1.1383863e+00  -1.1497887e+00  -1.1561592e+00
   2.8932430e+00  -4.5710340e+00  -4.7168695e+00  -4.7867834e+00  -4.8210978e+00
   2.9713728e+00  -1.0323078e+00  -1.0519962e+00  -1.0617937e+00  -1.0664422e+00
   3.0495025e+00  -4.9014815e+00  -5.0289257e+00  -5.0919190e+00  -5.1233523e+00
   3.1276323e+00  -1.0131290e+00  -1.0214957e+00  -1.0271433e+00  -1.0300736e+00
   3.2057621e+00  -4.7790466e+00  -4.8748973e+00  -4.9235576e+00  -4.9479979e+00
   3.2838918e+00  -1.3448108e+00  -1.3684000e+00  -1.3817627e+00  -1.3885821e+00
   3.3620216e+00  -4.7013009e+00  -4.8056242e+00  -4.8587272e+00  -4.8853628e+00
   3.4401514e+00  -1.4952614e+00  -1.4969856e+00  -1.4990414e+00  -1.5004109e+00
   3.5182811e+00  -4.8021831e+00  -4.9105675e+00  -4.9664993e+00  -4.9947763e+00
   3.5964109e+00  -1.4398801e+00  -1.4696616e+00  -1.4866890e+00  -1.4957738e+00
   3.6745407e+00  -4.9697651e+00  -5.1049553e+00  -5.1719425e+00  -5.2055846e+00
   3.7526705e+00  -8.9487111e-01  -9.0609373e-01  -9.1321027e-01  -9.1683491e-01
   3.8308002e+00  -5.4835754e+00  -5.5961032e+00  -5.6542517e+00  -5.6832677e+00
   3.9089300e+00  -1.5977164e+00  -1.6113653e+00  -1.6212530e+00  -1.6265407e+00
   3.9870598e+00  -5.0425591e+00  -5.1752243e+00  -5.2385813e+00  -5.2705084e+00
   4.0651895e+00  -2.1613340e+00  -2.1749937e+00  -2.1843489e+00  -2.1891620e+00
   4.1433193e+00  -8.3383637e+00  -8.4465899e+00  -8.5091748e+00  -8.5412951e+00
   4.2214491e+00  -1.4887792e+01  -1.4819082e+01  -1.4807301e+01  -1.4802636e+01
   4.2995788e+00  -2.0255180e+01  -2.0435879e+01  -2.0514605e+01  -2.0552414e+01
   4.3777086e+00  -1.8009257e+01  -1.8218825e+01  -1.8307954e+01  -1.8356563e+01
   4.4558384e+00  -2.2445274e+01  -2.2424766e+01  -2.2386959e+01  -2.2370218e+01
   4.5339681e+00  -2.3332094e+01  -2.3907812e+01  -2.4047306e+01  -2.4116173e+01
   4.6120979e+00  -2.3171605e+01  -2.3764237e+01  -2.3777358e+01  -2.3785784e+01
   4.6902277e+00  -2.7064644e+01  -2.7949622e+01  -2.7934070e+01  -2.7922338e+01
   4.7683574e+00  -2.5723808e+01  -2.6602288e+01  -2.6748947e+01  -2.6828692e+01
   4.8464872e+00  -2.6808378e+01  -2.7767486e+01  -2.7696244e+01  -2.7666359e+01
   4.9246170e+00  -2.8492917e+01  -3.0454987e+01  -3.0577418e+01  -3.0630885e+01
   5.0027467e+00  -2.5678499e+01  -2.8617934e+01  -2.8761318e+01  -2.8845687e+01
   5.0808765e+00  -2.8115080e+01  -3.1646277e+01  -3.1533454e+01  -3.1485060e+01
   5.1590063e+00  -2.6434665e+01  -3.2880855e+01  -3.3138673e+01  -3.3263404e+01
   5.2371361e+00  -2.5467269e+01  -3.2892089e+01  -3.2847729e+01  -3.2834053e+01
   5.3152658e+00  -2.7235717e+01  -3.6500319e+01  -3.6429999e+01  -3.6381699e+01
   5.3933956e+00  -2.3631888e+01  -3.5135518e+01  -3.5344471e+01  -3.5466887e+01
   5.4715254e+00  -2.3623817e+01  -3.6569380e+01  -3.6383467e+01  -3.6305900e+01
   5.5496551e+00  -2.3983415e+01  -3.8875111e+01  -3.9164231e+01  -3.9287322e+01
   5.6277849e+00  -1.9191526e+01  -3.7318308e+01  -3.7494985e+01  -3.7609051e+01
   5.7059147e+00  -2.1177731e+01  -4.0834298e+01  -4.0589804e+01  -4.0479288e+01
   5.7840444e+00  -1.5426085e+01  -4.1632190e+01  -4.2058008e+01  -4.2268855e+01
   5.8621742e+00  -9.0153857e+00  -4.2118535e+01  -4.1880524e+01  -4.1788917e+01
   5.9403040e+00  -2.2205403e+00  -4.6217416e+01  -4.6100510e+01  -4.5979160e+01
   6.0184337e+00  -5.9843892e+00  -4.4494047e+01  -4.4755645e+01  -4.4928127e+01
   6.0965635e+00  -2.5382531e+00  -4.6809732e+01  -4.6359541e+01  -4.6173580e+01
   6.1746933e+00  -6.0848062e+00  -4.8839243e+01  -4.9457299e+01  -4.9711237e+01
   6.2528230e+00  -2.2807261e+00  -4.8065555e+01  -4.8163889e+01  -4.8255348e+01
   6.3309528e+00  -6.5420641e+00  -5.2482423e+01  -5.2020875e+01  -5.1794826e+01
   6.4090826e+00  -3.0219915e+00  -5.2090899e+01  -5.2651166e+01  -5.2953036e+01
   6.4872124e+00  -6.2564418e+00  -5.3177700e+01  -5.2554887e+01  -5.2317959e+01
   6.5653421e+00  -2.7381554e+00  -5.6911622e+01  -5.7019869e+01  -5.6960584e+01
   6.6434719e+00  -7.0919463e+00  -5.5194267e+01  -5.5370306e+01  -5.5517006e+01
   6.7216017e+00  -3.3159570e+00  -5.7396614e+01  -5.6870324e+01  -5.6693521e+01
   6.7997314e+00  -6.6400757e+00  -5.8240068e+01  -5.8206520e+01  -5.8193366e+01
   6.8778612e+00  -4.2748899e+00  -5.8523467e+01  -5.8133245e+01  -5.7967965e+01
   6.9559910e+00  -6.0653589e+00  -5.7896425e+01  -5.7765009e+01  -5.7837276e+01
   7.0341207e+00  -2.8267393e+00  -5.9182338e+01  -5.9003610e+01  -5.8904189e+01
   7.1122505e+00  -6.6320111e+00  -5.8800131e+01  -5.8975840e+01  -5.9064870e+01
   7.1903803e+00  -2.7917973e+00  -5.8547730e+01  -5.8511172e+01  -5.8625093e+01
   7.2685100e+00  -6.6326560e+00  -5.8881028e+01  -5.8848639e+01  -5.8849334e+01
   7.3466398e+00  -3.8223581e+00  -5.8571866e+01  -5.8603717e+01  -5.8673283e+01
   7.4247696e+00  -6.9254996e+00  -5.8911991e+01  -5.8980432e+01  -5.9071243e+01
   7.5028993e+00  -3.1365063e+00  -5.8790723e+01  -5.8800316e+01  -5.8859966e+01
   7.5810291e+00  -6.7741702e+00  -5.9041062e+01  -5.9107681e+01  -5.9190422e+01
   7.6591589e+00  -3.6636824e+00  -6.0254802e+01  -6.0165033e+01  -6.0093502e+01
   7.7372887e+00  -7.7896257e+00  -6.0541348e+01  -6.0368445e+01  -6.0259269e+01
   7.8154184e+00  -3.6958265e+00  -6.0998319e+01  -6.1159847e+01  -6.1187643e+01
   7.8935482e+00  -7.3519350e+00  -6.1005550e+01  -6.0918538e+01  -6.0931752e+01
   7.9716780e+00  -3.5922669e+00  -6.1436619e+01  -6.1309894e+01  -6.1275775e+01
   8.0498077e+00  -7.2650016e+00  -6.1472604e+01  -6.1901935e+01  -6.2007718e+01
   8.1279375e+00  -4.2920706e+00  -6.1798482e+01  -6.1837142e+01  -6.1899091e+01
   8.2060673e+00  -8.4094259e+00  -6.2742956e+01  -6.2618535e+01  -6.2588681e+01
   8.2841970e+00  -3.9939485e+00  -6.2800440e+01  -6.3009867e+01  -6.3022688e+01
   8.3623268e+00  -7.7753979e+00  -6.3291842e+01  -6.2903159e+01  -6.2746165e+01
   8.4404566e+00  -4.4461628e+00  -6.3903345e+01  -6.4099769e+01  -6.4083211e+01
   8.5185863e+00  -7.6861040e+00  -6.3502340e+01  -6.3574019e+01  -6.3634173e+01
   8.5967161e+00  -4.4456284e+00  -6.3982640e+01  -6.3982232e+01  -6.3971502e+01
   8.6748459e+00  -7.9995255e+00  -6.4110502e+01  -6.4171538e+01  -6.4111592e+01
   8.7529756e+00  -4.6445675e+00  -6.4401792e+01  -6.4362651e+01  -6.4292821e+01
   8.8311054e+00  -8.4979198e+00  -6.4038532e+01  -6.3975041e+01  -6.4088958e+01
   8.9092352e+00  -4.1426049e+00  -6.4653792e+01  -6.4656399e+01  -6.4521955e+01
   8.9873650e+00  -8.0620327e+00  -6.4622106e+01  -6.4881437e+01  -6.4926905e+01
   9.0654947e+00  -4.3862330e+00  -6.4594778e+01  -6.4645133e+01  -6.4750428e+01
   9.1436245e+00  -8.1571015e+00  -6.4778548e+01  -6.4963443e+01  -6.4922515e+01
   9.2217543e+00  -5.1452496e+00  -6.4571097e+01  -6.4872375e+01  -6.4950047e+01
   9.2998840e+00  -8.5608013e+00  -6.4583893e+01  -6.4762539e+01  -6.4839204e+01
   9.3780138e+00  -4.8045156e+00  -6.4841714e+01  -6.5002252e+01  -6.5024731e+01
   9.4561436e+00  -9.2855911e+00  -6.4455328e+01  -6.4992796e+01  -6.5150081e+01
   9.5342733e+00  -5.1676972e+00  -6.5207108e+01  -6.5231398e+01  -6.5120245e+01
   9.6124031e+00  -8.8642345e+00  -6.5242828e+01  -6.5579406e+01  -6.5495169e+01
   9.6905329e+00  -5.5426301e+00  -6.5313925e+01  -6.5870159e+01  -6.5919682e+01
   9.7686626e+00  -8.7297706e+00  -6.5401456e+01  -6.5688484e+01  -6.5658821e+01
   9.8467924e+00  -6.0652144e+00  -6.5466837e+01  -6.5927440e+01  -6.5958995e+01
   9.9249222e+00  -1.2245118e+01  -6.5289837e+01  -6.5953227e+01  -6.5973088e+01
   1.0003052e+01  -1.6156383e+01  -6.5434136e+01  -6.5928981e+01  -6.5990794e+01
   1.0081182e+01  -1.2528368e+01  -6.5787216e+01  -6.6199636e+01  -6.6235023e+01
   1.0159311e+01  -5.9532996e+00  -6.5504997e+01  -6.6222804e+01  -6.6202995e+01
   1.0237441e+01  -9.3201623e+00  -6.5953731e+01  -6.6286299e+01  -6.6244339e+01
   1.0315571e+01  -6.2685396e+00  -6.5906066e+01  -6.6691640e+01  -6.6679150e+01
   1.0393701e+01  -9.9106664e+00  -6.5878619e+01  -6.6523362e+01  -6.6557057e+01
   1.0471831e+01  -6.2677000e+00  -6.5956186e+01  -6.6761543e+01  -6.6782672e+01
   1.0549960e+01  -9.9889370e+00  -6.5959627e+01  -6.6750504e+01  -6.6721214e+01
   1.0628090e+01  -5.9842111e+00  -6.6138337e+01  -6.6857738e+01  -6.6861827e+01
   1.0706220e+01  -9.8083896e+00  -6.6088607e+01  -6.6791690e+01  -6.6894918e+01
   1.0784350e+01  -7.1982118e+00  -6.6028089e+01  -6.6944128e+01  -6.6878000e+01
   1.0862479e+01  -9.9436993e+00  -6.6191012e+01  -6.7190624e+01  -6.7227425e+01
   1.0940609e+01  -7.2389580e+00  -6.6397487e+01  -6.7147721e+01  -6.7215635e+01
   1.1018739e+01  -1.0550193e+01  -6.6213436e+01  -6.7312145e+01  -6.7285056e+01
   1.1096869e+01  -7.1883384e+00  -6.6364174e+01  -6.7350197e+01  -6.7389817e+01
   1.1174998e+01  -1.0010185e+01  -6.6470405e+01  -6.7274462e+01  -6.7332709e+01
   1.1253128e+01  -7.3736162e+00  -6.6330076e+01  -6.7384529e+01  -6.7428167e+01
   1.1331258e+01  -1.0712895e+01  -6.6053086e+01  -6.7521880e+01  -6.7630939e+01
   1.1409388e+01  -7.0278639e+00  -6.6451470e+01  -6.7458936e+01  -6.7423977e+01
   1.1487518e+01  -1.0863626e+01  -6.6089486e+01  -6.7681560e+01  -6.7643852e+01
   1.1565647e+01  -7.3085932e+00  -6.6425541e+01  -6.7882721e+01  -6.7901287e+01
   1.1643777e+01  -1.1429387e+01  -6.6048495e+01  -6.7763853e+01  -6.7762323e+01
   1.1721907e+01  -7.7404188e+00  -6.5924906e+01  -6.7956054e+01  -6.7971187e+01
   1.1800037e+01  -1.1682500e+01  -6.6021314e+01  -6.7993765e+01  -6.7996607e+01
   1.1878166e+01  -8.0639797e+00  -6.5488153e+01  -6.7930940e+01  -6.7987641e+01
   1.1956296e+01  -1.1339233e+01  -6.5810530e+01  -6.8138655e+01  -6.8167308e+01
   1.2034426e+01  -8.2203150e+00  -6.5111709e+01  -6.8048742e+01  -6.8064019e+01
   1.2112556e+01  -1.1882945e+01  -6.5193337e+01  -6.8127475e+01  -6.8136587e+01
   1.2190685e+01  -9.0284280e+00  -6.5122936e+01  -6.8293991e+01  -6.8284181e+01
   1.2268815e+01  -1.1856136e+01  -6.4420017e+01  -6.8276655e+01  -6.8305560e+01
   1.2346945e+01  -8.4729956e+00  -6.4468219e+01  -6.8424474e+01  -6.8434357e+01
   1.2425075e+01  -1.2144539e+01  -6.4745244e+01  -6.8437085e+01  -6.8434322e+01
   1.2503205e+01  -9.5404713e+00  -6.4369956e+01  -6.8488773e+01  -6.8510520e+01
   1.2581334e+01  -1.1993412e+01  -6.4278141e+01  -6.8554708e+01  -6.8621997e+01
   1.2659464e+01  -8.8932347e+00  -6.3998182e+01  -6.8547702e+01  -6.8538798e+01
   1.2737594e+01  -1.2741679e+01  -6.4387954e+01  -6.8703970e+01  -6.8740697e+01
   1.2815724e+01  -9.2087933e+00  -6.4411424e+01  -6.8720983e+01  -6.8762690e+01
   1.2893853e+01  -1.2751309e+01  -6.3945790e+01  -6.8817158e+01  -6.8811287e+01
   1.2971983e+01  -9.3059275e+00  -6.4599988e+01  -6.8877971e+01  -6.8891909e+01
   1.3050113e+01  -1.3266670e+01  -6.5064477e+01  -6.8882190e+01  -6.8927791e+01
   1.3128243e+01  -9.4725890e+00  -6.4229433e+01  -6.8912865e+01  -6.8955513e+01
   1.3206372e+01  -1.3331613e+01  -6.4068813e+01  -6.9070592e+01  -6.9125281e+01
   1.3284502e+01  -9.9925239e+00  -6.4239503e+01  -6.8989530e+01  -6.9006439e+01
   1.3362632e+01  -1.3444161e+01  -6.2092247e+01  -6.9097503e+01  -6.9090747e+01
   1.3440762e+01  -1.0332238e+01  -6.3898155e+01  -6.9223524e+01  -6.9228351e+01
   1.3518892e+01  -1.3734472e+01  -6.0638966e+01  -6.9179816e+01  -6.9196873e+01
   1.3597021e+01  -1.0467710e+01  -5.9538892e+01  -6.9310551e+01  -6.9314014e+01
   1.3675151e+01  -1.4093040e+01  -6.0998733e+01  -6.9375909e+01  -6.9381294e+01
   1.3753281e+01  -1.0115788e+01  -5.6283280e+01  -6.9340382e+01  -6.9381016e+01
   1.3831411e+01  -1.4801646e+01  -5.7558308e+01  -6.9481737e+01  -6.9495098e+01
   1.3909540e+01  -1.1012619e+01  -5.5139603e+01  -6.9421855e+01  -6.9457599e+01
   1.3987670e+01  -1.4556041e+01  -5.3022307e+01  -6.9474169e+01  -6.9501070e+01
   1.4065800e+01  -1.1772759e+01  -5.4902386e+01  -6.9549937e+01  -6.9546888e+01
   1.4143930e+01  -1.8047423e+01  -5.0430436e+01  -6.9589774e+01  -6.9616637e+01
   1.4222059e+01  -2.4697649e+01  -5.0313985e+01  -6.9673136e+01  -6.9677748e+01
   1.4300189e+01  -3.0162972e+01  -5.1264263e+01  -6.9708176e+01  -6.9719469e+01
   1.4378319e+01  -2.8016723e+01  -4.7394400e+01  -6.9749940e+01  -6.9769962e+01
   1.4456449e+01  -3.2558816e+01  -4.8730526e+01  -6.9820804e+01  -6.9860217e+01
   1.4534579e+01  -3.3527871e+01  -4.6290132e+01  -6.9817722e+01  -6.9837350e+01
   1.4612708e+01  -3.3474843e+01  -4.5213387e+01  -6.9897061e+01  -6.9931572e+01
   1.4690838e+01  -3.7477728e+01  -4.6503438e+01  -6.9928621e+01  -6.9957578e+01
   1.4768968e+01  -3.6228574e+01  -4.2575194e+01  -6.9993421e+01  -7.0002461e+01
   1.4847098e+01  -3.7430855e+01  -4.2917034e+01  -7.0043916e+01  -7.0051289e+01
   1.4925227e+01  -3.9214200e+01  -4.3396922e+01  -7.0079855e+01  -7.0115750e+01
   1.5003357e+01  -3.6494878e+01  -4.0188739e+01  -7.0100495e+01  -7.0132369e+01
   1.5081487e+01  -3.9048381e+01  -4.1586567e+01  -7.0207588e+01  -7.0231549e+01
   1.5159617e+01  -3.7466012e+01  -3.8897189e+01  -7.0180066e+01  -7.0215647e+01
   1.5237746e+01  -3.6598823e+01  -3.8147389e+01  -7.0230637e+01  -7.0238783e+01
   1.5315876e+01  -3.8463547e+01  -3.9333562e+01  -7.0304305e+01  -7.0309294e+01
   1.5394006e+01  -3.4977054e+01  -3.5055604e+01  -7.0307928e+01  -7.0330423e+01
   1.5472136e+01  -3.5080914e+01  -3.5451727e+01  -7.0386199e+01  -7.0391622e+01
   1.5550266e+01  -3.5538848e+01  -3.5488069e+01  -7.0445894e+01  -7.0456501e+01
   1.5628395e+01  -3.0861960e+01  -3.1155971e+01  -7.0450983e+01  -7.0478041e+01
   1.5706525e+01  -3.2964732e+01  -3.3149350e+01  -7.0527936e+01  -7.0535619e+01
   1.5784655e+01  -2.7318351e+01  -2.7330207e+01  -7.0522722e+01  -7.0559529e+01
   1.5862785e+01  -2.1016430e+01  -2.1155100e+01  -7.0556831e+01  -7.0586670e+01
   1.5940914e+01  -1.4331474e+01  -1.4339963e+01  -7.0599671e+01  -7.0605071e+01
   1.6019044e+01  -1.8206154e+01  -1.8322221e+01  -7.0649389e+01  -7.0673726e+01
   1.6097174e+01  -1.4871640e+01  -1.4881907e+01  -7.0695640e+01  -7.0703958e+01
   1.6175304e+01  -1.8529800e+01  -1.8647477e+01  -7.0731899e+01  -7.0749032e+01
   1.6253433e+01  -1.4838523e+01  -1.4854348e+01  -7.0775487e+01  -7.0792786e+01
   1.6331563e+01  -1.9212055e+01  -1.9348918e+01  -7.0819411e+01  -7.0845190e+01
   1.6409693e+01  -1.5806137e+01  -1.5799748e+01  -7.0846343e+01  -7.0873079e+01
   1.6487823e+01  -1.9154938e+01  -1.9267657e+01  -7.0887395e+01  -7.0917341e+01
   1.6565953e+01  -1.5751901e+01  -1.5766208e+01  -7.0920793e+01  -7.0945513e+01
   1.6644082e+01  -2.0222624e+01  -2.0349981e+01  -7.0967483e+01  -7.0983515e+01
   1.6722212e+01  -1.6561969e+01  -1.6571845e+01  -7.1005637e+01  -7.1016470e+01
   1.6800342e+01  -2.0003717e+01  -2.0132981e+01  -7.1042329e+01  -7.1071449e+01
   1.6878472e+01  -1.7754793e+01  -1.7783346e+01  -7.1071481e+01  -7.1095323e+01
   1.6956601e+01  -1.9663995e+01  -1.9785447e+01  -7.1131529e+01  -7.1143990e+01
   1.7034731e+01  -1.6544411e+01  -1.6547743e+01  -7.1143039e+01  -7.1177599e+01
   1.7112861e+01  -2.0467840e+01  -2.0556505e+01  -7.1175995e+01  -7.1189673e+01
   1.7190991e+01  -1.6749034e+01  -1.6758353e+01  -7.1220894e+01  -7.1230972e+01
   1.7269120e+01  -2.0712708e+01  -2.0818511e+01  -7.1245143e+01  -7.1266165e+01
   1.7347250e+01  -1.8022173e+01  -1.8040824e+01  -7.1290337e+01  -7.1302565e+01
   1.7425380e+01  -2.1247482e+01  -2.1385580e+01  -7.1334195e+01  -7.1348664e+01
   1.7503510e+01  -1.7581872e+01  -1.7602229e+01  -7.1361402e+01  -7.1382438e+01
   1.7581640e+01  -2.1343687e+01  -2.1481603e+01  -7.1401436e+01  -7.1411027e+01
   1.7659769e+01  -1.8360642e+01  -1.8373934e+01  -7.1426699e+01  -7.1455985e+01
   1.7737899e+01  -2.2609663e+01  -2.2745350e+01  -7.1453894e+01  -7.1481730e+01
   1.7816029e+01  -1.8642595e+01  -1.8672089e+01  -7.1487145e+01  -7.1499672e+01
   1.7894159e+01  -2.2423803e+01  -2.2555358e+01  -7.1528858e+01  -7.1550810e+01
   1.7972288e+01  -1.8793119e+01  -1.8800473e+01  -7.1559354e+01  -7.1573250e+01
   1.8050418e+01  -2.2595835e+01  -2.2710945e+01  -7.1589585e+01  -7.1608684e+01
   1.8128548e+01  -1.9750934e+01  -1.9775116e+01  -7.1629557e+01  -7.1647210e+01
   1.8206678e+01  -2.3998696e+01  -2.4139969e+01  -7.1657525e+01  -7.1678106e+01
   1.8284807e+01  -1.9716220e+01  -1.9726097e+01  -7.1695100e+01  -7.1719757e+01
   1.8362937e+01  -2.3627878e+01  -2.3743324e+01  -7.1723706e+01  -7.1748829e+01
   1.8441067e+01  -2.0430761e+01  -2.0439104e+01  -7.1754669e+01  -7.1778273e+01
   1.8519197e+01  -2.3807005e+01  -2.3928227e+01  -7.1790735e+01  -7.1808457e+01
   1.8597326e+01  -2.0699367e+01  -2.0727054e+01  -7.1821062e+01  -7.1836523e+01
   1.8675456e+01  -2.4392596e+01  -2.4516529e+01  -7.1850565e+01  -7.1875509e+01
   1.8753586e+01  -2.1171821e+01  -2.1182973e+01  -7.1882912e+01  -7.1903474e+01
   1.8831716e+01  -2.5163055e+01  -2.5284846e+01  -7.1920368e+01  -7.1930908e+01
   1.8909846e+01  -2.0945056e+01  -2.0961232e+01  -7.1943837e+01  -7.1971489e+01
   1.8987975e+01  -2.5005270e+01  -2.5123867e+01  -7.1973680e+01  -7.1989323e+01
   1.9066105e+01  -2.1468737e+01  -2.1474145e+01  -7.2005135e+01  -7.2019744e+01
   1.9144235e+01  -2.5381947e+01  -2.5487865e+01  -7.2034337e+01  -7.2052672e+01
   1.9222365e+01  -2.2511657e+01  -2.2534904e+01  -7.2063498e+01  -7.2080511e+01
   1.9300494e+01  -2.6070416e+01  -2.6170504e+01  -7.2095379e+01  -7.2112008e+01
   1.9378624e+01  -2.2457984e+01  -2.2460738e+01  -7.2125752e+01  -7.2145674e+01
   1.9456754e+01  -2.7082316e+01  -2.7221244e+01  -7.2153114e+01  -7.2166736e+01
   1.9534884e+01  -2.3113257e+01  -2.3116334e+01  -7.2184412e+01  -7.2206808e+01
   1.9613013e+01  -2.6956462e+01  -2.7054679e+01  -7.2208680e+01  -7.2233910e+01
   1.9691143e+01  -2.3784738e+01  -2.3787284e+01  -7.2238983e+01  -7.2255715e+01
   1.9769273e+01  -2.7124597e+01  -2.7239859e+01  -7.2270460e+01  -7.2291044e+01
   1.9847403e+01  -2.4609121e+01  -2.4623766e+01  -7.2296622e+01  -7.2313564e+01
   1.9925533e+01  -3.0942914e+01  -3.1078703e+01  -7.2321503e+01  -7.2341121e+01
   2.0003662e+01  -3.5001072e+01  -3.4972918e+01  -7.2353635e+01  -7.2372544e+01
   2.0081792e+01  -3.1532758e+01  -3.1669022e+01  -7.2378157e+01  -7.2396806e+01
   2.0159922e+01  -2.5114751e+01  -2.5134081e+01  -7.2410464e+01  -7.2432056e+01
   2.0238052e+01  -2.8637759e+01  -2.8745833e+01  -7.2436255e+01  -7.2457611e+01
   2.0316181e+01  -2.5748144e+01  -2.5750954e+01  -7.2463075e+01  -7.2485542e+01
   2.0394311e+01  -2.9549159e+01  -2.9654992e+01  -7.2492894e+01  -7.2510393e+01
   2.0472441e+01  -2.6065035e+01  -2.6072011e+01  -7.2518760e+01  -7.2536433e+01
   2.0550571e+01  -2.9951522e+01  -3.0070027e+01  -7.2542499e+01  -7.2564914e+01
   2.0628700e+01  -2.6108495e+01  -2.6128700e+01  -7.2571903e+01  -7.2591293e+01
   2.0706830e+01  -3.0099502e+01  -3.0211385e+01  -7.2601422e+01  -7.2613739e+01
   2.0784960e+01  -2.7652518e+01  -2.7664595e+01  -7.2623565e+01  -7.2645834e+01
   2.0863090e+01  -3.0565122e+01  -3.0663307e+01  -7.2651234e+01  -7.2668085e+01
   2.0941220e+01  -2.8029622e+01  -2.8053327e+01  -7.2676752e+01  -7.2693675e+01
   2.1019349e+01  -3.1513050e+01  -3.1661801e+01  -7.2703695e+01  -7.2721023e+01
   2.1097479e+01  -2.8319972e+01  -2.8333769e+01  -7.2726994e+01  -7.2745473e+01
   2.1175609e+01  -3.1317781e+01  -3.1403561e+01  -7.2752184e+01  -7.2769828e+01
   2.1253739e+01  -2.8856618e+01  -2.8859874e+01  -7.2778062e+01  -7.2797878e+01
   2.1331868e+01  -3.2377291e+01  -3.2507041e+01  -7.2802041e+01  -7.2819011e+01
   2.1409998e+01  -2.8870335e+01  -2.8851399e+01  -7.2829226e+01  -7.2848513e+01
   2.1488128e+01  -3.2887986e+01  -3.2993650e+01  -7.2851115e+01  -7.2874087e+01
   2.1566258e+01  -2.9515504e+01  -2.9525053e+01  -7.2878475e+01  -7.2896790e+01
   2.1644387e+01  -3.3824087e+01  -3.3973526e+01  -7.2902487e+01  -7.2922694e+01
   2.1722517e+01  -3.0314719e+01  -3.0333307e+01  -7.2927473e+01  -7.2945121e+01
   2.1800647e+01  -3.4442048e+01  -3.4570193e+01  -7.2948739e+01  -7.2968385e+01
   2.1878777e+01  -3.1012434e+01  -3.1029882e+01  -7.2974169e+01  -7.2993340e+01
   2.1956907e+01  -3.4482268e+01  -3.4591778e+01  -7.2997739e+01  -7.3015862e+01
   2.2035036e+01  -3.1552918e+01  -3.1549616e+01  -7.3021919e+01  -7.3042055e+01
   2.2113166e+01  -3.5417601e+01  -3.5523770e+01  -7.3046216e+01  -7.3065243e+01
   2.2191296e+01  -3.2755557e+01  -3.2745767e+01  -7.3068762e+01  -7.3089619e+01
   2.2269426e+01  -3.5786351e+01  -3.5902278e+01  -7.3093899e+01  -7.3111361e+01
   2.2347555e+01  -3.2604797e+01  -3.2626479e+01  -7.3116574e+01  -7.3134725e+01
   2.2425685e+01  -3.6481026e+01  -3.6604168e+01  -7.3136972e+01  -7.3157713e+01
   2.2503815e+01  -3.4073212e+01  -3.4085673e+01  -7.3161888e+01  -7.3180474e+01
   2.2581945e+01  -3.6734136e+01  -3.6862972e+01  -7.3186490e+01  -7.3201711e+01
   2.2660074e+01  -3.3850619e+01  -3.3863576e+01  -7.3205691e+01  -7.3225625e+01
   2.2738204e+01  -3.7909911e+01  -3.8022331e+01  -7.3229620e+01  -7.3247542e+01
   2.2816334e+01  -3.4597796e+01  -3.4614240e+01  -7.3251835e+01  -7.3269622e+01
   2.2894464e+01  -3.8347658e+01  -3.8497517e+01  -7.3274229e+01  -7.3292252e+01
   2.2972594e+01  -3.5121619e+01  -3.5139691e+01  -7.3295390e+01  -7.3313899e+01
   2.3050723e+01  -3.9311223e+01  -3.9441262e+01  -7.3316724e+01  -7.3334853e+01
   2.3128853e+01  -3.5734096e+01  -3.5748516e+01  -7.3338012e+01  -7.3357382e+01
   2.3206983e+01  -3.9830717e+01  -3.9929239e+01  -7.3359029e+01  -7.3378016e+01
   2.3285113e+01  -3.6722043e+01  -3.6745575e+01  -7.3381286e+01  -7.3400194e+01
   2.3363242e+01  -4.0404343e+01  -4.0507929e+01  -7.3401098e+01  -7.3422185e+01
   2.3441372e+01  -3.7531744e+01  -3.7535745e+01  -7.3424352e+01  -7.3443019e+01
   2.3519502e+01  -4.1167716e+01  -4.1277708e+01  -7.3443790e+01  -7.3463935e+01
   2.3597632e+01  -3.8149400e+01  -3.8182588e+01  -7.3466546e+01  -7.3484461e+01
   2.3675761e+01  -4.2001219e+01  -4.2144139e+01  -7.3485322e+01  -7.3504807e+01
   2.3753891e+01  -3.8286792e+01  -3.8298555e+01  -7.3506476e+01  -7.3525276e+01
   2.3832021e+01  -4.3218291e+01  -4.3332605e+01  -7.3527228e+01  -7.3545654e+01
   2.3910151e+01  -3.9689046e+01  -3.9711900e+01  -7.3546311e+01  -7.3566097e+01
   2.3988281e+01  -4.3504959e+01  -4.3632123e+01  -7.3568112e+01  -7.3586264e+01
   2.4066410e+01  -4.0973752e+01  -4.0990214e+01  -7.3587102e+01  -7.3606733e+01
   2.4144540e+01  -4.7523112e+01  -4.7642125e+01  -7.3607994e+01  -7.3626034e+01
   2.4222670e+01  -5.4371507e+01  -5.4305478e+01  -7.3627601e+01  -7.3646074e+01
   2.4300800e+01  -6.0094009e+01  -6.0308161e+01  -7.3645954e+01  -7.3665607e+01
   2.4378929e+01  -5.8303733e+01  -5.8520570e+01  -7.3666705e+01  -7.3684978e+01
   2.4457059e+01  -6.2820324e+01  -6.2882765e+01  -7.3686409e+01  -7.3704162e+01
   2.4535189e+01  -6.4023433e+01  -6.4785205e+01  -7.3703917e+01  -7.3723335e+01
   2.4613319e+01  -6.4330869e+01  -6.4977847e+01  -7.3723793e+01  -7.3742542e+01
   2.4691448e+01  -6.8198086e+01  -6.9092126e+01  -7.3743074e+01  -7.3761452e+01
   2.4769578e+01  -6.7373725e+01  -6.8361043e+01  -7.3761375e+01  -7.3780441e+01
   2.4847708e+01  -6.8591455e+01  -6.9601966e+01  -7.3780406e+01  -7.3799118e+01
   2.4925838e+01  -7.0516632e+01  -7.2132477e+01  -7.3798926e+01  -7.3817442e+01
   2.5003968e+01  -6.8486537e+01  -7.1200764e+01  -7.3816924e+01  -7.3836009e+01
   2.5082097e+01  -7.0444537e+01  -7.3730226e+01  -7.3834656e+01  -7.3854352e+01
   2.5160227e+01  -6.9280910e+01  -7.3905210e+01  -7.3853217e+01  -7.3872478e+01
   2.5238357e+01  -6.9120153e+01  -7.4399140e+01  -7.3870994e+01  -7.3890804e+01
   2.5316487e+01  -7.0911073e+01  -7.6533099e+01  -7.3889875e+01  -7.3908781e+01
   2.5394616e+01  -6.8267601e+01  -7.5713677e+01  -7.3906613e+01  -7.3926494e+01
   2.5472746e+01  -6.8872432e+01  -7.6618733e+01  -7.3925641e+01  -7.3944225e+01
   2.5550876e+01  -6.9903498e+01  -7.6929692e+01  -7.3942457e+01  -7.3961772e+01
   2.5629006e+01  -6.5886581e+01  -7.6624917e+01  -7.3960318e+01  -7.3979104e+01
   2.5707135e+01  -6.7857600e+01  -7.7386503e+01  -7.3977633e+01  -7.3996565e+01
   2.5785265e+01  -6.3233690e+01  -7.6997130e+01  -7.3994039e+01  -7.4013651e+01
   2.5863395e+01  -5.7512833e+01  -7.7162184e+01  -7.4012342e+01  -7.4030765e+01
   2.5941525e+01  -5.1336361e+01  -7.7421773e+01  -7.4028599e+01  -7.4047854e+01
   2.6019655e+01  -5.5611178e+01  -7.7237646e+01  -7.4045832e+01  -7.4064604e+01
   2.6097784e+01  -5.2669445e+01  -7.7384623e+01  -7.4062426e+01  -7.4081444e+01
   2.6175914e+01  -5.6739539e+01  -7.7338113e+01  -7.4078854e+01  -7.4098056e+01
   2.6254044e+01  -5.3568137e+01  -7.7275885e+01  -7.4095841e+01  -7.4114521e+01
   2.6332174e+01  -5.8360590e+01  -7.7326294e+01  -7.4111879e+01  -7.4130938e+01
   2.6410303e+01  -5.5393182e+01  -7.7297742e+01  -7.4127747e+01  -7.4147118e+01
   2.6488433e+01  -5.9235939e+01  -7.7314648e+01  -7.4144101e+01  -7.4163320e+01
   2.6566563e+01  -5.6371320e+01  -7.7285391e+01  -7.4160344e+01  -7.4179345e+01
   2.6644693e+01  -6.1206604e+01  -7.7287526e+01  -7.4175821e+01  -7.4195304e+01
   2.6722822e+01  -5.8047522e+01  -7.7278959e+01  -7.4191955e+01  -7.4211113e+01
   2.6800952e+01  -6.2092288e+01  -7.7266223e+01  -7.4207808e+01  -7.4226776e+01
   2.6879082e+01  -6.0441709e+01  -7.7258113e+01  -7.4223138e+01  -7.4242355e+01
   2.6957212e+01  -6.2692966e+01  -7.7266103e+01  -7.4238297e+01  -7.4257861e+01
   2.7035342e+01  -6.0299553e+01  -7.7240796e+01  -7.4253795e+01  -7.4273170e+01
   2.7113471e+01  -6.4643830e+01  -7.7244127e+01  -7.4269108e+01  -7.4288442e+01
   2.7191601e+01  -6.1718253e+01  -7.7245386e+01  -7.4284361e+01  -7.4303583e+01
   2.7269731e+01  -6.6088112e+01  -7.7235119e+01  -7.4299073e+01  -7.4318577e+01
   2.7347861e+01  -6.4575048e+01  -7.7237129e+01  -7.4314292e+01  -7.4333496e+01
   2.7425990e+01  -6.7945998e+01  -7.7234236e+01  -7.4328993e+01  -7.4348296e+01
   2.7504120e+01  -6.5264187e+01  -7.7225945e+01  -7.4343786e+01  -7.4362956e+01
   2.7582250e+01  -6.9415813e+01  -7.7230992e+01  -7.4358295e+01  -7.4377553e+01
   2.7660380e+01  -6.7606217e+01  -7.7220649e+01  -7.4372577e+01  -7.4391991e+01
   2.7738509e+01  -7.1390430e+01  -7.7219909e+01  -7.4387233e+01  -7.4406346e+01
   2.7816639e+01  -6.8921567e+01  -7.7220166e+01  -7.4401264e+01  -7.4420601e+01
   2.7894769e+01  -7.2728825e+01  -7.7217704e+01  -7.4415472e+01  -7.4434734e+01
   2.7972899e+01  -7.0905643e+01  -7.7218028e+01  -7.4429424e+01  -7.4448771e+01
   2.8051029e+01  -7.3963386e+01  -7.7217516e+01  -7.4443399e+01  -7.4462693e+01
   2.8129158e+01  -7.2974303e+01  -7.7216514e+01  -7.4457241e+01  -7.4476505e+01
   2.8207288e+01  -7.5221516e+01  -7.7216703e+01  -7.4470846e+01  -7.4490215e+01
   2.8285418e+01  -7.4379106e+01  -7.7216583e+01  -7.4484436e+01  -7.4503809e+01
   2.8363548e+01  -7.5849618e+01  -7.7216955e+01  -7.4497927e+01  -7.4517305e+01
   2.8441677e+01  -7.5688028e+01  -7.7217321e+01  -7.4511329e+01  -7.4530692e+01
   2.8519807e+01  -7.5977907e+01  -7.7218222e+01  -7.4524572e+01  -7.4543976e+01
   2.8597937e+01  -7.6051205e+01  -7.7219101e+01  -7.4537768e+01  -7.4557153e+01
   2.8676067e+01  -7.6207229e+01  -7.7220170e+01  -7.4550846e+01  -7.4570225e+01
   2.8754196e+01  -7.6247300e+01  -7.7221414e+01  -7.4563798e+01  -7.4583192e+01
   2.8832326e+01  -7.6238740e+01  -7.7222798e+01  -7.4576660e+01  -7.4596055e+01
   2.8910456e+01  -7.6199105e+01  -7.7224404e+01  -7.4589412e+01  -7.4608815e+01
   2.8988586e+01  -7.6286580e+01  -7.7226092e+01  -7.4602052e+01  -7.4621470e+01
   2.9066715e+01  -7.6089896e+01  -7.7227894e+01  -7.4614603e+01  -7.4634022e+01
   2.9144845e+01  -7.6085912e+01  -7.7229898e+01  -7.4627061e+01  -7.4646472e+01
   2.9222975e+01  -7.5963314e+01  -7.7231894e+01  -7.4639390e+01  -7.4658817e+01
   2.9301105e+01  -7.6083229e+01  -7.7234013e+01  -7.4651616e+01  -7.4671060e+01
   2.9379235e+01  -7.5793966e+01  -7.7236454e+01  -7.4663735e+01  -7.4683204e+01
   2.9457364e+01  -7.6111176e+01  -7.7238621e+01  -7.4675773e+01  -7.4695242e+01
   2.9535494e+01  -7.5758447e+01  -7.7241411e+01  -7.4687735e+01  -7.4707183e+01
   2.9613624e+01  -7.6071119e+01  -7.7243988e+01  -7.4699497e+01  -7.4719021e+01
   2.9691754e+01  -7.5800505e+01  -7.7246656e+01  -7.4711294e+01  -7.4730758e+01
   2.9769883e+01  -7.6262671e+01  -7.7249439e+01  -7.4722886e+01  -7.4742394e+01
   2.9848013e+01  -7.6032477e+01  -7.7252275e+01  -7.4734460e+01  -7.4753929e+01
   2.9926143e+01  -7.6320397e+01  -7.7255099e+01  -7.4745824e+01  -7.4765364e+01
   3.0004273e+01  -7.6332549e+01  -7.7258126e+01  -7.4757157e+01  -7.4776700e+01
   3.0082402e+01  -7.6379261e+01  -7.7261226e+01  -7.4768427e+01  -7.4787936e+01
   3.0160532e+01  -7.6167800e+01  -7.7264255e+01  -7.4779540e+01  -7.4799075e+01
   3.0238662e+01  -7.6296010e+01  -7.7267494e+01  -7.4790587e+01  -7.4810113e+01
   3.0316792e+01  -7.6309666e+01  -7.7270694e+01  -7.4801505e+01  -7.4821053e+01
   3.0394922e+01  -7.6385356e+01  -7.7273946e+01  -7.4812350e+01  -7.4831894e+01
   3.0473051e+01  -7.6464123e+01  -7.7277244e+01  -7.4823067e+01  -7.4842637e+01
   3.0551181e+01  -7.6445791e+01  -7.7280592e+01  -7.4833687e+01  -7.4853282e+01
   3.0629311e+01  -7.6454432e+01  -7.7283980e+01  -7.4844226e+01  -7.4863830e+01
   3.0707441e+01  -7.6467452e+01  -7.7287407e+01  -7.4854662e+01  -7.4874281e+01
   3.0785570e+01  -7.6443804e+01  -7.7290873e+01  -7.4865006e+01  -7.4884634e+01
   3.0863700e+01  -7.6434387e+01  -7.7294357e+01  -7.4875263e+01  -7.4894890e+01
   3.0941830e+01  -7.6362014e+01  -7.7297837e+01  -7.4885380e+01  -7.4905050e+01
   3.1019960e+01  -7.6507799e+01  -7.7301434e+01  -7.4895443e+01  -7.4915113e+01
   3.1098089e+01  -7.6324037e+01  -7.7304951e+01  -7.4905353e+01  -7.4925080e+01
   3.1176219e+01  -7.6316296e+01  -7.7308567e+01  -7.4915250e+01  -7.4934952e+01
   3.1254349e+01  -7.6152791e+01  -7.7312186e+01  -7.4925033e+01  -7.4944727e+01
   3.1332479e+01  -7.6262005e+01  -7.7315906e+01  -7.4934716e+01  -7.4954408e+01
   3.1410609e+01  -7.5876097e+01  -7.7319420e+01  -7.4944240e+01  -7.4963992e+01
   3.1488738e+01  -7.5987901e+01  -7.7323052e+01  -7.4953792e+01  -7.4973481e+01
   3.1566868e+01  -7.5598182e+01  -7.7326626e+01  -7.4962988e+01  -7.4982875e+01
   3.1644998e+01  -7.6087553e+01  -7.7330342e+01  -7.4972410e+01  -7.4992176e+01
   3.1723128e+01  -7.5627927e+01  -7.7333825e+01  -7.4981382e+01  -7.5001382e+01
   3.1801257e+01  -7.6387080e+01  -7.7337809e+01  -7.4990800e+01  -7.5010494e+01
   3.1879387e+01  -7.5452099e+01  -7.7341290e+01  -7.4999702e+01  -7.5019513e+01
   3.1957517e+01  -7.6152992e+01  -7.7344711e+01  -7.5008467e+01  -7.5028437e+01
   3.2035647e+01  -7.5606639e+01  -7.7348935e+01  -7.5017432e+01  -7.5037268e+01
   3.2113776e+01  -7.5763718e+01  -7.7351829e+01  -7.5025769e+01  -7.5046005e+01
   3.2191906e+01  -7.5531368e+01  -7.7355738e+01  -7.5034462e+01  -7.5054648e+01
   3.2270036e+01  -7.5860299e+01  -7.7359270e+01  -7.5042853e+01  -7.5063201e+01
   3.2348166e+01  -7.5001254e+01  -7.7363053e+01  -7.5051314e+01  -7.5071658e+01
   3.2426296e+01  -7.6185813e+01  -7.7366707e+01  -7.5060053e+01  -7.5080024e+01
   3.2504425e+01  -7.5671095e+01  -7.7369954e+01  -7.5067788e+01  -7.5088298e+01
   3.2582555e+01  -7.5991094e+01  -7.7374165e+01  -7.5076499e+01  -7.5096479e+01
   3.2660685e+01  -7.5442610e+01  -7.7377962e+01  -7.5084634e+01  -7.5104569e+01
   3.2738815e+01  -7.5924898e+01  -7.7381393e+01  -7.5092650e+01  -7.5112565e+01
   3.2816944e+01  -7.5366259e+01  -7.7384491e+01  -7.5100086e+01  -7.5120472e+01
   3.2895074e+01  -7.6168310e+01  -7.7388968e+01  -7.5108365e+01  -7.5128285e+01
   3.2973204e+01  -7.5210811e+01  -7.7391564e+01  -7.5115374e+01  -7.5136008e+01
   3.3051334e+01  -7.6373021e+01  -7.7394877e+01  -7.5123074e+01  -7.5143641e+01
   3.3129463e+01  -7.5707507e+01  -7.7399000e+01  -7.5130969e+01  -7.5151183e+01
   3.3207593e+01  -7.6382974e+01  -7.7402639e+01  -7.5138459e+01  -7.5158632e+01
   3.3285723e+01  -7.5535393e+01  -7.7405921e+01  -7.5145693e+01  -7.5165992e+01
   3.3363853e+01  -7.6047111e+01  -7.7408730e+01  -7.5152675e+01  -7.5173260e+01
   3.3441983e+01  -7.5802219e+01  -7.7412156e+01  -7.5159439e+01  -7.5180438e+01
   3.3520112e+01  -7.6356568e+01  -7.7415583e+01  -7.5166844e+01  -7.5187528e+01
   3.3598242e+01  -7.6148376e+01  -7.7418544e+01  -7.5173248e+01  -7.5194526e+01
   3.3676372e+01  -7.6740838e+01  -7.7422781e+01  -7.5181175e+01  -7.5201434e+01
   3.3754502e+01  -7.6030836e+01  -7.7425316e+01  -7.5187478e+01  -7.5208255e+01
   3.3832631e+01  -7.6529872e+01  -7.7428532e+01  -7.5194135e+01  -7.5214984e+01
   3.3910761e+01  -7.6484425e+01  -7.7433034e+01  -7.5201211e+01  -7.5221625e+01
   3.3988891e+01  -7.6437478e+01  -7.7433246e+01  -7.5205809e+01  -7.5228176e+01
   3.4067021e+01  -7.6453673e+01  -7.7437652e+01  -7.5212862e+01  -7.5234637e+01
   3.4145150e+01  -7.6727494e+01  -7.7440613e+01  -7.5219036e+01  -7.5241010e+01
   3.4223280e+01  -7.6768115e+01  -7.7444175e+01  -7.5225482e+01  -7.5247294e+01
   3.4301410e+01  -7.6781379e+01  -7.7446349e+01  -7.5231646e+01  -7.5253490e+01
   3.4379540e+01  -7.6785208e+01  -7.7448528e+01  -7.5236732e+01  -7.5259597e+01
   3.4457670e+01  -7.6791685e+01  -7.7454841e+01  -7.5245193e+01  -7.5265615e+01
   3.4535799e+01  -7.6815954e+01  -7.7457191e+01  -7.5250644e+01  -7.5271545e+01
   3.4613929e+01  -7.6812420e+01  -7.7459332e+01  -7.5255843e+01  -7.5277387e+01
   3.4692059e+01  -7.6812669e+01  -7.7462427e+01  -7.5261602e+01  -7.5283141e+01
   3.4770189e+01  -7.6819181e+01  -7.7465365e+01  -7.5267288e+01  -7.5288807e+01
   3.4848318e+01  -7.6824226e+01  -7.7467697e+01  -7.5272488e+01  -7.5294385e+01
   3.4926448e+01  -7.6830117e+01  -7.7471986e+01  -7.5279034e+01  -7.5299876e+01
   3.5004578e+01  -7.6831867e+01  -7.7473968e+01  -7.5283847e+01  -7.5305279e+01
   3.5082708e+01  -7.6840087e+01  -7.7473284e+01  -7.5286732e+01  -7.5310594e+01
   3.5160837e+01  -7.6838852e+01  -7.7477466e+01  -7.5292415e+01  -7.5315822e+01
   3.5238967e+01  -7.6840455e+01  -7.7477025e+01  -7.5295664e+01  -7.5320963e+01
   3.5317097e+01  -7.6843106e+01  -7.7474572e+01  -7.5297394e+01  -7.5326017e+01
   3.5395227e+01  -7.6840093e+01  -7.7472093e+01  -7.5298317e+01  -7.5330984e+01
   3.5473357e+01  -7.6859456e+01  -7.7471777e+01  -7.5299918e+01  -7.5335864e+01
   3.5551486e+01  -7.6857945e+01  -7.7490568e+01  -7.5319860e+01  -7.5340658e+01
   3.5629616e+01  -7.6840285e+01  -7.7457670e+01  -7.5296443e+01  -7.5345363e+01
   3.5707746e+01  -7.6881080e+01  -7.7496820e+01  -7.5329153e+01  -7.5349984e+01
   3.5785876e+01  -7.6855301e+01  -7.7452125e+01  -7.5300144e+01  -7.5354516e+01
   3.5864005e+01  -7.6636367e+01  -7.7210565e+01  -7.5143660e+01  -7.5358963e+01
   3.5942135e+01  -7.5942696e+01  -7.6481873e+01  -7.4676193e+01  -7.5363324e+01
   3.6020265e+01  -7.6465118e+01  -7.7031825e+01  -7.5054439e+01  -7.5367598e+01
   3.6098395e+01  -7.5949587e+01  -7.6306776e+01  -7.4566701e+01  -7.5371787e+01
   3.6176524e+01  -7.6378739e+01  -7.6941376e+01  -7.5009113e+01  -7.5375889e+01
   3.6254654e+01  -7.5734762e+01  -7.6170226e+01  -7.4521026e+01  -7.5379905e+01
   3.6332784e+01  -7.6253667e+01  -7.6790499e+01  -7.4888463e+01  -7.5383836e+01
   3.6410914e+01  -7.5537489e+01  -7.6080798e+01  -7.4434562e+01  -7.5387680e+01
   3.6489044e+01  -7.6189807e+01  -7.6693396e+01  -7.4842908e+01  -7.5391439e+01
   3.6567173e+01  -7.5451430e+01  -7.5977526e+01  -7.4401227e+01  -7.5395112e+01
   3.6645303e+01  -7.6550265e+01  -7.6909636e+01  -7.5024930e+01  -7.5398700e+01
   3.6723433e+01  -7.5328241e+01  -7.5726200e+01  -7.4183470e+01  -7.5402203e+01
   3.6801563e+01  -7.6370264e+01  -7.6832540e+01  -7.4989070e+01  -7.5405619e+01
   3.6879692e+01  -7.5597522e+01  -7.5998006e+01  -7.4397057e+01  -7.5408950e+01
   3.6957822e+01  -7.5961473e+01  -7.6585404e+01  -7.4806974e+01  -7.5412198e+01
   3.7035952e+01  -7.5071919e+01  -7.5388421e+01  -7.3950923e+01  -7.5415357e+01
   3.7114082e+01  -7.5797797e+01  -7.6365471e+01  -7.4602592e+01  -7.5418433e+01
   3.7192211e+01  -7.4782461e+01  -7.5146348e+01  -7.3745648e+01  -7.5421424e+01
   3.7270341e+01  -7.6292033e+01  -7.6826766e+01  -7.5016377e+01  -7.5424329e+01
   3.7348471e+01  -7.5486237e+01  -7.5888078e+01  -7.4384228e+01  -7.5427151e+01
   3.7426601e+01  -7.5973229e+01  -7.6634124e+01  -7.4847503e+01  -7.5429887e+01
   3.7504731e+01  -7.4847736e+01  -7.5242934e+01  -7.3833126e+01  -7.5432538e+01
   3.7582860e+01  -7.6065478e+01  -7.6570876e+01  -7.4817414e+01  -7.5435105e+01
   3.7660990e+01  -7.6023192e+01  -7.6335830e+01  -7.4787304e+01  -7.5437585e+01
   3.7739120e+01  -7.6202694e+01  -7.6715063e+01  -7.4895293e+01  -7.5439981e+01
   3.7817250e+01  -7.5108617e+01  -7.5442780e+01  -7.4006996e+01  -7.5442294e+01
   3.7895379e+01  -7.5955225e+01  -7.6508076e+01  -7.4748651e+01  -7.5444522e+01
   3.7973509e+01  -7.5016566e+01  -7.5507938e+01  -7.4047443e+01  -7.5446665e+01
   3.8051639e+01  -7.6364253e+01  -7.6919856e+01  -7.5080315e+01  -7.5448723e+01
   3.8129769e+01  -7.5353579e+01  -7.5762252e+01  -7.4215317e+01  -7.5450698e+01
   3.8207898e+01  -7.6371752e+01  -7.6960828e+01  -7.5077511e+01  -7.5452587e+01
   3.8286028e+01  -7.5846772e+01  -7.6218806e+01  -7.4617192e+01  -7.5454393e+01
   3.8364158e+01  -7.6317574e+01  -7.6901940e+01  -7.5051368e+01  -7.5456114e+01
   3.8442288e+01  -7.5502143e+01  -7.5972670e+01  -7.4358066e+01  -7.5457750e+01
   3.8520418e+01  -7.6429795e+01  -7.6917289e+01  -7.5048930e+01  -7.5459303e+01
   3.8598547e+01  -7.5635326e+01  -7.6171679e+01  -7.4492928e+01  -7.5460771e+01
   3.8676677e+01  -7.6725339e+01  -7.7283323e+01  -7.5322802e+01  -7.5462155e+01
   3.8754807e+01  -7.5934978e+01  -7.6433822e+01  -7.4693953e+01  -7.5463455e+01
   3.8832937e+01  -7.6764712e+01  -7.7292878e+01  -7.5303625e+01  -7.5464671e+01
   3.8911066e+01  -7.6000186e+01  -7.6413394e+01  -7.4674470e+01  -7.5465802e+01
   3.8989196e+01  -7.6656040e+01  -7.7219879e+01  -7.5235136e+01  -7.5466849e+01
   3.9067326e+01  -7.6241890e+01  -7.6787410e+01  -7.4953301e+01  -7.5467813e+01
   3.9145456e+01  -7.6858269e+01  -7.7395809e+01  -7.5364532e+01  -7.5468692e+01
   3.9223585e+01  -7.6529873e+01  -7.7064289e+01  -7.5139457e+01  -7.5469487e+01
   3.9301715e+01  -7.6853578e+01  -7.7382491e+01  -7.5346502e+01  -7.5470199e+01
   3.9379845e+01  -7.6593968e+01  -7.7197418e+01  -7.5230280e+01  -7.5470826e+01
   3.9457975e+01  -7.6825010e+01  -7.7389784e+01  -7.5332677e+01  -7.5471369e+01
   3.9536104e+01  -7.6788001e+01  -7.7310879e+01  -7.5282625e+01  -7.5471828e+01
   3.9614234e+01  -7.6915038e+01  -7.7491651e+01  -7.5404594e+01  -7.5472203e+01
   3.9692364e+01  -7.6907440e+01  -7.7499274e+01  -7.5416345e+01  -7.5472495e+01
   3.9770494e+01  -7.6990868e+01  -7.7572804e+01  -7.5463922e+01  -7.5472702e+01
   3.9848624e+01  -7.6979937e+01  -7.7549325e+01  -7.5444119e+01  -7.5472825e+01
   3.9926753e+01  -7.7010453e+01  -7.7584726e+01  -7.5470668e+01  -7.5472865e+01
