  -4.0000000e+01  -1.0574911e+01  -1.0519730e+01  -1.0496407e+01  -7.1725966e+01
  -3.9921865e+01  -7.0155076e+00  -7.0898814e+00  -7.1276590e+00  -7.1725984e+01
  -3.9843731e+01  -7.4703040e-01  -7.6002531e-01  -7.6365275e-01  -7.1726314e+01
  -3.9765596e+01  -3.5327775e+00  -3.6257320e+00  -3.6733313e+00  -7.1726037e+01
  -3.9687462e+01  -4.5753743e-01  -4.6124058e-01  -4.6228845e-01  -7.1725600e+01
  -3.9609327e+01  -4.0331546e+00  -4.1196088e+00  -4.1625467e+00  -7.1725639e+01
  -3.9531193e+01  -5.2872324e-02  -4.4469911e-02  -3.8721912e-02  -7.1724446e+01
  -3.9453058e+01  -4.0365819e+00  -4.1283510e+00  -4.1727675e+00  -7.1724745e+01
  -3.9374924e+01  -2.4326654e-01  -2.5097707e-01  -2.5272613e-01  -7.1724005e+01
  -3.9296789e+01  -3.7025264e+00  -3.8255105e+00  -3.8832869e+00  -7.1723616e+01
  -3.9218655e+01  -4.4456394e-01  -4.4497171e-01  -4.4583026e-01  -7.1722304e+01
  -3.9140520e+01  -4.2221495e+00  -4.3088466e+00  -4.3511035e+00  -7.1720968e+01
  -3.9062386e+01  -1.1912897e-02  -1.4861294e-02  -1.5057362e-02  -7.1721335e+01
  -3.8984251e+01  -3.8091046e+00  -3.9262390e+00  -3.9833947e+00  -7.1718518e+01
  -3.8906116e+01  -2.1636206e-01  -2.2782678e-01  -2.3346869e-01  -7.1718176e+01
  -3.8827982e+01  -3.7863900e+00  -3.8918038e+00  -3.9444036e+00  -7.1719246e+01
  -3.8749847e+01  -5.2730446e-01  -5.2529941e-01  -5.2412220e-01  -7.1715810e+01
  -3.8671713e+01  -3.9667226e+00  -4.0921514e+00  -4.1539126e+00  -7.1714774e+01
  -3.8593578e+01  -2.3061526e-01  -2.3354118e-01  -2.3420911e-01  -7.1714000e+01
  -3.8515444e+01  -3.6951221e+00  -3.8178890e+00  -3.8786931e+00  -7.1711839e+01
  -3.8437309e+01  -3.6415278e-01  -3.6081296e-01  -3.5753663e-01  -7.1710440e+01
  -3.8359175e+01  -4.0313133e+00  -4.1311350e+00  -4.1787886e+00  -7.1707315e+01
  -3.8281040e+01  -2.1314610e-01  -2.2265998e-01  -2.2667256e-01  -7.1707370e+01
  -3.8202906e+01  -4.0298578e+00  -4.1398019e+00  -4.1943417e+00  -7.1705731e+01
  -3.8124771e+01  -4.9387500e-01  -5.0215681e-01  -5.0533444e-01  -7.1704577e+01
  -3.8046637e+01  -3.8444910e+00  -3.9501355e+00  -4.0015949e+00  -7.1702921e+01
  -3.7968502e+01  -1.8761687e-01  -1.8515139e-01  -1.8199923e-01  -7.1701098e+01
  -3.7890367e+01  -3.9911243e+00  -4.0977330e+00  -4.1501330e+00  -7.1697807e+01
  -3.7812233e+01  -3.8468860e-02  -3.6348547e-02  -3.4652556e-02  -7.1695197e+01
  -3.7734098e+01  -4.0713773e+00  -4.1588056e+00  -4.2009351e+00  -7.1693486e+01
  -3.7655964e+01   0.0000000e+00   0.0000000e+00   0.0000000e+00  -7.1690357e+01
  -3.7577829e+01  -3.5845561e+00  -3.6707060e+00  -3.7139128e+00  -7.1687604e+01
  -3.7499695e+01  -4.3271797e-01  -4.3936220e-01  -4.4171095e-01  -7.1686927e+01
  -3.7421560e+01  -4.1486615e+00  -4.2642939e+00  -4.3187576e+00  -7.1683629e+01
  -3.7343426e+01  -4.3673078e-01  -4.4550171e-01  -4.4775624e-01  -7.1680251e+01
  -3.7265291e+01  -3.8851483e+00  -3.9829397e+00  -4.0319264e+00  -7.1676230e+01
  -3.7187157e+01  -3.5075533e-01  -3.6028701e-01  -3.6387816e-01  -7.1674785e+01
  -3.7109022e+01  -3.9993299e+00  -4.1211266e+00  -4.1806621e+00  -7.1669586e+01
  -3.7030888e+01  -6.6410057e-01  -6.6196635e-01  -6.5988088e-01  -7.1667111e+01
  -3.6952753e+01  -3.8175756e+00  -3.9208604e+00  -3.9727132e+00  -7.1667361e+01
  -3.6874618e+01  -5.9788497e-01  -5.9990175e-01  -6.0145661e-01  -7.1661073e+01
  -3.6796484e+01  -3.7528699e+00  -3.8415474e+00  -3.8841670e+00  -7.1658607e+01
  -3.6718349e+01  -3.8646633e-01  -3.8372080e-01  -3.8092828e-01  -7.1654815e+01
  -3.6640215e+01  -4.0683741e+00  -4.1669738e+00  -4.2144130e+00  -7.1651808e+01
  -3.6562080e+01  -4.3559727e-01  -4.4821077e-01  -4.5389215e-01  -7.1646601e+01
  -3.6483946e+01  -4.2133343e+00  -4.3348288e+00  -4.3954575e+00  -7.1640094e+01
  -3.6405811e+01  -3.1661739e-01  -3.2073169e-01  -3.2224840e-01  -7.1639834e+01
  -3.6327677e+01  -3.5571189e+00  -3.6588033e+00  -3.7092758e+00  -7.1638163e+01
  -3.6249542e+01  -4.7646044e-01  -4.7578225e-01  -4.7593168e-01  -7.1633924e+01
  -3.6171408e+01  -3.8387207e+00  -3.9513886e+00  -4.0081553e+00  -7.1631312e+01
  -3.6093273e+01  -4.4763338e-01  -4.3978739e-01  -4.3445222e-01  -7.1626879e+01
  -3.6015139e+01  -4.0350089e+00  -4.1310853e+00  -4.1776576e+00  -7.1621304e+01
  -3.5937004e+01  -7.6796694e-01  -7.8225336e-01  -7.8447329e-01  -7.1615434e+01
  -3.5858869e+01  -6.5677325e+00  -6.6802532e+00  -6.7327382e+00  -7.1611709e+01
  -3.5780735e+01  -1.3708190e+01  -1.3700657e+01  -1.3684248e+01  -7.1607195e+01
  -3.5702600e+01  -1.9387953e+01  -1.9599547e+01  -1.9671739e+01  -7.1601710e+01
  -3.5624466e+01  -1.7570961e+01  -1.7698269e+01  -1.7763812e+01  -7.1601207e+01
  -3.5546331e+01  -2.1520332e+01  -2.1547597e+01  -2.1453383e+01  -7.1595051e+01
  -3.5468197e+01  -2.1739622e+01  -2.2290467e+01  -2.2438793e+01  -7.1589611e+01
  -3.5390062e+01  -2.1564620e+01  -2.1936393e+01  -2.1960164e+01  -7.1582385e+01
  -3.5311928e+01  -2.5726508e+01  -2.6369381e+01  -2.6321964e+01  -7.1579343e+01
  -3.5233793e+01  -2.3412009e+01  -2.4691356e+01  -2.4860176e+01  -7.1572199e+01
  -3.5155659e+01  -2.5189114e+01  -2.6411606e+01  -2.6317492e+01  -7.1567140e+01
  -3.5077524e+01  -2.6639544e+01  -2.9460357e+01  -2.9556353e+01  -7.1565593e+01
  -3.4999390e+01  -2.4961953e+01  -2.7963498e+01  -2.8064408e+01  -7.1557291e+01
  -3.4921255e+01  -2.6575119e+01  -3.0624595e+01  -3.0422854e+01  -7.1552744e+01
  -3.4843120e+01  -2.4873664e+01  -3.0890376e+01  -3.1154674e+01  -7.1546080e+01
  -3.4764986e+01  -2.3791147e+01  -3.0615099e+01  -3.0606573e+01  -7.1542093e+01
  -3.4686851e+01  -2.5601205e+01  -3.4585984e+01  -3.4516990e+01  -7.1533546e+01
  -3.4608717e+01  -2.1593748e+01  -3.2842790e+01  -3.3101134e+01  -7.1523343e+01
  -3.4530582e+01  -2.2009656e+01  -3.4885043e+01  -3.4642877e+01  -7.1522553e+01
  -3.4452448e+01  -2.1015416e+01  -3.7658941e+01  -3.7884127e+01  -7.1521435e+01
  -3.4374313e+01  -1.7204403e+01  -3.6165304e+01  -3.6282317e+01  -7.1513016e+01
  -3.4296179e+01  -1.9133740e+01  -3.9497535e+01  -3.9113334e+01  -7.1509999e+01
  -3.4218044e+01  -1.3521584e+01  -3.9226724e+01  -3.9693214e+01  -7.1502537e+01
  -3.4139910e+01  -6.8013932e+00  -3.9359133e+01  -3.9235314e+01  -7.1495474e+01
  -3.4061775e+01  -5.7414836e-01  -4.3737626e+01  -4.3702458e+01  -7.1485358e+01
  -3.3983641e+01  -3.8978767e+00  -4.1705715e+01  -4.2046090e+01  -7.1479029e+01
  -3.3905506e+01  -6.5887844e-01  -4.4577409e+01  -4.4130013e+01  -7.1473738e+01
  -3.3827372e+01  -4.1134291e+00  -4.7017970e+01  -4.7512091e+01  -7.1466360e+01
  -3.3749237e+01  -4.9107942e-01  -4.5721229e+01  -4.5815192e+01  -7.1465615e+01
  -3.3671102e+01  -4.0762109e+00  -5.0166668e+01  -4.9663580e+01  -7.1456978e+01
  -3.3592968e+01  -8.4728117e-01  -4.9049041e+01  -4.9750438e+01  -7.1449299e+01
  -3.3514833e+01  -3.6300873e+00  -5.0095855e+01  -4.9841332e+01  -7.1438512e+01
  -3.3436699e+01  -5.0659246e-01  -5.3193206e+01  -5.3562534e+01  -7.1433590e+01
  -3.3358564e+01  -4.0964783e+00  -5.1781685e+01  -5.2138130e+01  -7.1424904e+01
  -3.3280430e+01  -5.0210706e-01  -5.3987315e+01  -5.4242885e+01  -7.1416955e+01
  -3.3202295e+01  -3.7268931e+00  -5.3950319e+01  -5.4482218e+01  -7.1412719e+01
  -3.3124161e+01  -4.6254648e-01  -5.4148226e+01  -5.4577663e+01  -7.1403478e+01
  -3.3046026e+01  -3.8276305e+00  -5.4564888e+01  -5.5084780e+01  -7.1396061e+01
  -3.2967892e+01  -4.3593275e-01  -5.4677744e+01  -5.5057806e+01  -7.1386690e+01
  -3.2889757e+01  -3.4880628e+00  -5.4761021e+01  -5.5368708e+01  -7.1381286e+01
  -3.2811623e+01  -5.3539220e-01  -5.4925164e+01  -5.5402849e+01  -7.1370019e+01
  -3.2733488e+01  -3.6401518e+00  -5.4581578e+01  -5.5123735e+01  -7.1356087e+01
  -3.2655353e+01  -4.7290265e-01  -5.5186993e+01  -5.5710496e+01  -7.1354285e+01
  -3.2577219e+01  -4.0232244e+00  -5.5175244e+01  -5.5830106e+01  -7.1353739e+01
  -3.2499084e+01  -5.7084615e-01  -5.4974213e+01  -5.5706128e+01  -7.1340321e+01
  -3.2420950e+01  -3.9560910e+00  -5.5477523e+01  -5.6125087e+01  -7.1337170e+01
  -3.2342815e+01  -1.8294571e-01  -5.5425245e+01  -5.6238466e+01  -7.1326327e+01
  -3.2264681e+01  -3.5657648e+00  -5.5619172e+01  -5.6150869e+01  -7.1318569e+01
  -3.2186546e+01  -5.6702119e-01  -5.6226117e+01  -5.7088085e+01  -7.1303478e+01
  -3.2108412e+01  -3.8183262e+00  -5.5919024e+01  -5.6827710e+01  -7.1293692e+01
  -3.2030277e+01  -2.6088150e-01  -5.6724687e+01  -5.7438512e+01  -7.1288202e+01
  -3.1952143e+01  -3.7673554e+00  -5.7009388e+01  -5.8269504e+01  -7.1280088e+01
  -3.1874008e+01  -7.9748322e-01  -5.6689551e+01  -5.7720334e+01  -7.1278136e+01
  -3.1795874e+01  -3.7307521e+00  -5.7648317e+01  -5.8847636e+01  -7.1267716e+01
  -3.1717739e+01  -7.2021808e-01  -5.7283413e+01  -5.8662481e+01  -7.1257458e+01
  -3.1639604e+01  -3.8995042e+00  -5.7800543e+01  -5.8942003e+01  -7.1242955e+01
  -3.1561470e+01  -6.5296089e-01  -5.7929614e+01  -5.9504655e+01  -7.1235450e+01
  -3.1483335e+01  -3.9364896e+00  -5.7828960e+01  -5.9273519e+01  -7.1225398e+01
  -3.1405201e+01  -5.9556454e-01  -5.8139595e+01  -5.9818453e+01  -7.1214453e+01
  -3.1327066e+01  -3.8632942e+00  -5.8175833e+01  -5.9933183e+01  -7.1206988e+01
  -3.1248932e+01  -1.2236099e-01  -5.8108702e+01  -5.9853888e+01  -7.1197950e+01
  -3.1170797e+01  -3.9006945e+00  -5.8348001e+01  -6.0183273e+01  -7.1186853e+01
  -3.1092663e+01  -1.9823718e-01  -5.8377539e+01  -6.0188011e+01  -7.1174917e+01
  -3.1014528e+01  -3.4789367e+00  -5.8387528e+01  -6.0458867e+01  -7.1167371e+01
  -3.0936394e+01  -1.6321119e-01  -5.8518057e+01  -6.0476632e+01  -7.1153939e+01
  -3.0858259e+01  -4.0993564e+00  -5.8349189e+01  -6.0352402e+01  -7.1136579e+01
  -3.0780125e+01  -2.1338480e-01  -5.8546327e+01  -6.0749312e+01  -7.1133039e+01
  -3.0701990e+01  -3.8007409e+00  -5.8506214e+01  -6.0559152e+01  -7.1132557e+01
  -3.0623855e+01  -2.9592865e-01  -5.8381995e+01  -6.0656752e+01  -7.1113726e+01
  -3.0545721e+01  -4.1604438e+00  -5.8451974e+01  -6.0744096e+01  -7.1110342e+01
  -3.0467586e+01  -3.6714285e-01  -5.8556926e+01  -6.0873695e+01  -7.1095834e+01
  -3.0389452e+01  -4.1042138e+00  -5.8568483e+01  -6.0901354e+01  -7.1088111e+01
  -3.0311317e+01  -6.7137180e-01  -5.8580458e+01  -6.1116909e+01  -7.1067622e+01
  -3.0233183e+01  -3.9948336e+00  -5.8527822e+01  -6.1126158e+01  -7.1053416e+01
  -3.0155048e+01  -4.3885660e-01  -5.8648273e+01  -6.1311856e+01  -7.1048176e+01
  -3.0076914e+01  -6.4437052e+00  -5.8612534e+01  -6.1505874e+01  -7.1040539e+01
  -2.9998779e+01  -1.0574911e+01  -5.8562189e+01  -6.1365268e+01  -7.1035894e+01
  -2.9920645e+01  -7.0155076e+00  -5.8639899e+01  -6.1714077e+01  -7.1024669e+01
  -2.9842510e+01  -7.4703040e-01  -5.8717361e+01  -6.1648967e+01  -7.1011344e+01
  -2.9764376e+01  -3.5327775e+00  -5.8639138e+01  -6.1861597e+01  -7.0993211e+01
  -2.9686241e+01  -4.5753743e-01  -5.8594809e+01  -6.1941474e+01  -7.0982141e+01
  -2.9608106e+01  -4.0331546e+00  -5.8643614e+01  -6.1934369e+01  -7.0970482e+01
  -2.9529972e+01  -5.2872324e-02  -5.8527469e+01  -6.2103793e+01  -7.0956663e+01
  -2.9451837e+01  -4.0365819e+00  -5.8487809e+01  -6.2243665e+01  -7.0945955e+01
  -2.9373703e+01  -2.4326654e-01  -5.8501269e+01  -6.2149423e+01  -7.0938152e+01
  -2.9295568e+01  -3.7025264e+00  -5.8513199e+01  -6.2366258e+01  -7.0922679e+01
  -2.9217434e+01  -4.4456394e-01  -5.8568043e+01  -6.2348715e+01  -7.0908257e+01
  -2.9139299e+01  -4.2221495e+00  -5.8441311e+01  -6.2549581e+01  -7.0897561e+01
  -2.9061165e+01  -1.1912897e-02  -5.8433029e+01  -6.2552108e+01  -7.0882286e+01
  -2.8983030e+01  -3.8091046e+00  -5.8356813e+01  -6.2515386e+01  -7.0862085e+01
  -2.8904896e+01  -2.1636206e-01  -5.8274119e+01  -6.2725019e+01  -7.0855893e+01
  -2.8826761e+01  -3.7863900e+00  -5.8535572e+01  -6.2619939e+01  -7.0854583e+01
  -2.8748627e+01  -5.2730446e-01  -5.8157783e+01  -6.2690525e+01  -7.0830440e+01
  -2.8670492e+01  -3.9667226e+00  -5.8258006e+01  -6.2736551e+01  -7.0826283e+01
  -2.8592357e+01  -2.3061526e-01  -5.8187722e+01  -6.2848164e+01  -7.0807898e+01
  -2.8514223e+01  -3.6951221e+00  -5.7994858e+01  -6.2865415e+01  -7.0800802e+01
  -2.8436088e+01  -3.6415278e-01  -5.7888245e+01  -6.2987611e+01  -7.0774735e+01
  -2.8357954e+01  -4.0313133e+00  -5.7650561e+01  -6.3017728e+01  -7.0755242e+01
  -2.8279819e+01  -2.1314610e-01  -5.7282317e+01  -6.3100991e+01  -7.0750467e+01
  -2.8201685e+01  -4.0298578e+00  -5.7558014e+01  -6.3135641e+01  -7.0744328e+01
  -2.8123550e+01  -4.9387500e-01  -5.6942534e+01  -6.3118489e+01  -7.0735044e+01
  -2.8045416e+01  -3.8444910e+00  -5.6973107e+01  -6.3244387e+01  -7.0724198e+01
  -2.7967281e+01  -1.8761687e-01  -5.7002504e+01  -6.3256887e+01  -7.0707170e+01
  -2.7889147e+01  -3.9911243e+00  -5.6072200e+01  -6.3374652e+01  -7.0685784e+01
  -2.7811012e+01  -3.8468860e-02  -5.6369288e+01  -6.3400586e+01  -7.0670050e+01
  -2.7732878e+01  -4.0713773e+00  -5.5861948e+01  -6.3433800e+01  -7.0655986e+01
  -2.7654743e+01   0.0000000e+00  -5.5433524e+01  -6.3493340e+01  -7.0639644e+01
  -2.7576608e+01  -3.5845561e+00  -5.5241187e+01  -6.3608541e+01  -7.0626263e+01
  -2.7498474e+01  -4.3271797e-01  -5.5169482e+01  -6.3538772e+01  -7.0620416e+01
  -2.7420339e+01  -4.1486615e+00  -5.5128958e+01  -6.3680269e+01  -7.0600125e+01
  -2.7342205e+01  -4.3673078e-01  -5.5147635e+01  -6.3661707e+01  -7.0583204e+01
  -2.7264070e+01  -3.8851483e+00  -5.4907464e+01  -6.3806477e+01  -7.0568063e+01
  -2.7185936e+01  -3.5075533e-01  -5.4697473e+01  -6.3795866e+01  -7.0550965e+01
  -2.7107801e+01  -3.9993299e+00  -5.4635777e+01  -6.3795298e+01  -7.0528620e+01
  -2.7029667e+01  -6.6410057e-01  -5.4498679e+01  -6.3905836e+01  -7.0518747e+01
  -2.6951532e+01  -3.8175756e+00  -5.4732133e+01  -6.3873182e+01  -7.0515573e+01
  -2.6873398e+01  -5.9788497e-01  -5.4184273e+01  -6.3905772e+01  -7.0486805e+01
  -2.6795263e+01  -3.7528699e+00  -5.4413593e+01  -6.3946699e+01  -7.0480854e+01
  -2.6717129e+01  -3.8646633e-01  -5.3910593e+01  -6.4021270e+01  -7.0458452e+01
  -2.6638994e+01  -4.0683741e+00  -5.2177567e+01  -6.4031917e+01  -7.0452335e+01
  -2.6560859e+01  -4.3559727e-01  -5.3033883e+01  -6.4123381e+01  -7.0420597e+01
  -2.6482725e+01  -4.2133343e+00  -5.0544036e+01  -6.4145645e+01  -7.0395286e+01
  -2.6404590e+01  -3.1661739e-01  -4.8908007e+01  -6.4195311e+01  -7.0390855e+01
  -2.6326456e+01  -3.5571189e+00  -5.0176704e+01  -6.4182230e+01  -7.0386855e+01
  -2.6248321e+01  -4.7646044e-01  -4.5617372e+01  -6.4201678e+01  -7.0370613e+01
  -2.6170187e+01  -3.8387207e+00  -4.6954807e+01  -6.4248327e+01  -7.0361443e+01
  -2.6092052e+01  -4.4763338e-01  -4.4659560e+01  -6.4290138e+01  -7.0339897e+01
  -2.6013918e+01  -4.0350089e+00  -4.2030908e+01  -6.4344641e+01  -7.0315995e+01
  -2.5935783e+01  -7.6796694e-01  -4.3895133e+01  -6.4376121e+01  -7.0294498e+01
  -2.5857649e+01  -6.5677325e+00  -3.9822342e+01  -6.4409006e+01  -7.0276634e+01
  -2.5779514e+01  -1.3708190e+01  -3.9265938e+01  -6.4431024e+01  -7.0258293e+01
  -2.5701380e+01  -1.9387953e+01  -3.9005278e+01  -6.4505321e+01  -7.0243337e+01
  -2.5623245e+01  -1.7570961e+01  -3.5872482e+01  -6.4463751e+01  -7.0239643e+01
  -2.5545110e+01  -2.1520332e+01  -3.7326033e+01  -6.4551630e+01  -7.0214492e+01
  -2.5466976e+01  -2.1739622e+01  -3.4725432e+01  -6.4541592e+01  -7.0194929e+01
  -2.5388841e+01  -2.1564620e+01  -3.3234039e+01  -6.4639328e+01  -7.0173751e+01
  -2.5310707e+01  -2.5726508e+01  -3.4453578e+01  -6.4625995e+01  -7.0154600e+01
  -2.5232572e+01  -2.3412009e+01  -3.0813476e+01  -6.4637483e+01  -7.0130626e+01
  -2.5154438e+01  -2.5189114e+01  -3.1015710e+01  -6.4693923e+01  -7.0116002e+01
  -2.5076303e+01  -2.6639544e+01  -3.0009480e+01  -6.4700482e+01  -7.0110056e+01
  -2.4998169e+01  -2.4961953e+01  -2.7591550e+01  -6.4707587e+01  -7.0077988e+01
  -2.4920034e+01  -2.6575119e+01  -2.9145552e+01  -6.4744649e+01  -7.0068710e+01
  -2.4841900e+01  -2.4873664e+01  -2.6143224e+01  -6.4786665e+01  -7.0042258e+01
  -2.4763765e+01  -2.3791147e+01  -2.5063375e+01  -6.4795566e+01  -7.0037073e+01
  -2.4685631e+01  -2.5601205e+01  -2.6067807e+01  -6.4859440e+01  -6.9999448e+01
  -2.4607496e+01  -2.1593748e+01  -2.2038520e+01  -6.4872030e+01  -6.9968329e+01
  -2.4529361e+01  -2.2009656e+01  -2.2438310e+01  -6.4905202e+01  -6.9963699e+01
  -2.4451227e+01  -2.1015416e+01  -2.0937569e+01  -6.4884332e+01  -6.9962021e+01
  -2.4373092e+01  -1.7204403e+01  -1.7277948e+01  -6.4907396e+01  -6.9936236e+01
  -2.4294958e+01  -1.9133740e+01  -1.9376465e+01  -6.4922904e+01  -6.9930032e+01
  -2.4216823e+01  -1.3521584e+01  -1.3498345e+01  -6.4967626e+01  -6.9902944e+01
  -2.4138689e+01  -6.8013932e+00  -6.9140854e+00  -6.4985434e+01  -6.9877703e+01
  -2.4060554e+01  -5.7414836e-01  -5.7999052e-01  -6.5021414e+01  -6.9849338e+01
  -2.3982420e+01  -3.8978767e+00  -4.0015799e+00  -6.5044487e+01  -6.9825770e+01
  -2.3904285e+01  -6.5887844e-01  -6.5150708e-01  -6.5053488e+01  -6.9806029e+01
  -2.3826151e+01  -4.1134291e+00  -4.2299924e+00  -6.5089303e+01  -6.9790973e+01
  -2.3748016e+01  -4.9107942e-01  -4.8335194e-01  -6.5070870e+01  -6.9788863e+01
  -2.3669882e+01  -4.0762109e+00  -4.1904275e+00  -6.5119801e+01  -6.9759375e+01
  -2.3591747e+01  -8.4728117e-01  -8.4804458e-01  -6.5118841e+01  -6.9736812e+01
  -2.3513613e+01  -3.6300873e+00  -3.7302799e+00  -6.5176600e+01  -6.9707715e+01
  -2.3435478e+01  -5.0659246e-01  -4.9953034e-01  -6.5167161e+01  -6.9686211e+01
  -2.3357343e+01  -4.0964783e+00  -4.2096424e+00  -6.5179708e+01  -6.9660528e+01
  -2.3279209e+01  -5.0210706e-01  -5.0217411e-01  -6.5204080e+01  -6.9640109e+01
  -2.3201074e+01  -3.7268931e+00  -3.8434599e+00  -6.5224439e+01  -6.9630854e+01
  -2.3122940e+01  -4.6254648e-01  -4.5908108e-01  -6.5218316e+01  -6.9597481e+01
  -2.3044805e+01  -3.8276305e+00  -3.9229281e+00  -6.5247507e+01  -6.9582822e+01
  -2.2966671e+01  -4.3593275e-01  -4.3575768e-01  -6.5266041e+01  -6.9552450e+01
  -2.2888536e+01  -3.4880628e+00  -3.5911815e+00  -6.5272556e+01  -6.9547505e+01
  -2.2810402e+01  -5.3539220e-01  -5.3681532e-01  -6.5311453e+01  -6.9503477e+01
  -2.2732267e+01  -3.6401518e+00  -3.7376994e+00  -6.5314202e+01  -6.9467210e+01
  -2.2654133e+01  -4.7290265e-01  -4.7066844e-01  -6.5335719e+01  -6.9461339e+01
  -2.2575998e+01  -4.0232244e+00  -4.1260830e+00  -6.5323994e+01  -6.9461769e+01
  -2.2497864e+01  -5.7084615e-01  -5.7323424e-01  -6.5335690e+01  -6.9423730e+01
  -2.2419729e+01  -3.9560910e+00  -4.0663807e+00  -6.5339467e+01  -6.9421637e+01
  -2.2341594e+01  -1.8294571e-01  -1.8953576e-01  -6.5373634e+01  -6.9387726e+01
  -2.2263460e+01  -3.5657648e+00  -3.6777873e+00  -6.5372484e+01  -6.9362848e+01
  -2.2185325e+01  -5.6702119e-01  -5.6112774e-01  -6.5402065e+01  -6.9326308e+01
  -2.2107191e+01  -3.8183262e+00  -3.9282236e+00  -6.5412998e+01  -6.9294884e+01
  -2.2029056e+01  -2.6088150e-01  -2.6978471e-01  -6.5418543e+01  -6.9274248e+01
  -2.1950922e+01  -3.7673554e+00  -3.8679615e+00  -6.5426416e+01  -6.9260772e+01
  -2.1872787e+01  -7.9748322e-01  -8.0009923e-01  -6.5423425e+01  -6.9258587e+01
  -2.1794653e+01  -3.7307521e+00  -3.8491934e+00  -6.5444408e+01  -6.9226062e+01
  -2.1716518e+01  -7.2021808e-01  -7.2232218e-01  -6.5448951e+01  -6.9199758e+01
  -2.1638384e+01  -3.8995042e+00  -4.0169783e+00  -6.5473097e+01  -6.9160609e+01
  -2.1560249e+01  -6.5296089e-01  -6.6340687e-01  -6.5468318e+01  -6.9136655e+01
  -2.1482115e+01  -3.9364896e+00  -4.0337466e+00  -6.5477354e+01  -6.9108084e+01
  -2.1403980e+01  -5.9556454e-01  -5.9476963e-01  -6.5481150e+01  -6.9080876e+01
  -2.1325845e+01  -3.8632942e+00  -3.9948670e+00  -6.5497796e+01  -6.9068298e+01
  -2.1247711e+01  -1.2236099e-01  -1.2851673e-01  -6.5488621e+01  -6.9036321e+01
  -2.1169576e+01  -3.9006945e+00  -4.0050689e+00  -6.5505460e+01  -6.9013693e+01
  -2.1091442e+01  -1.9823718e-01  -1.9817095e-01  -6.5508801e+01  -6.8979795e+01
  -2.1013307e+01  -3.4789367e+00  -3.5813079e+00  -6.5509378e+01  -6.8973363e+01
  -2.0935173e+01  -1.6321119e-01  -1.7454680e-01  -6.5528697e+01  -6.8922064e+01
  -2.0857038e+01  -4.0993564e+00  -4.2118349e+00  -6.5521307e+01  -6.8881882e+01
  -2.0778904e+01  -2.1338480e-01  -2.2386534e-01  -6.5531829e+01  -6.8873170e+01
  -2.0700769e+01  -3.8007409e+00  -3.9194346e+00  -6.5534823e+01  -6.8875288e+01
  -2.0622635e+01  -2.9592865e-01  -2.9111444e-01  -6.5527884e+01  -6.8822339e+01
  -2.0544500e+01  -4.1604438e+00  -4.2865899e+00  -6.5528255e+01  -6.8825180e+01
  -2.0466366e+01  -3.6714285e-01  -3.6803925e-01  -6.5545486e+01  -6.8782909e+01
  -2.0388231e+01  -4.1042138e+00  -4.2036458e+00  -6.5536567e+01  -6.8760662e+01
  -2.0310096e+01  -6.7137180e-01  -6.7012394e-01  -6.5549859e+01  -6.8713992e+01
  -2.0231962e+01  -3.9948336e+00  -4.0768651e+00  -6.5547046e+01  -6.8672760e+01
  -2.0153827e+01  -4.3885660e-01  -4.4115685e-01  -6.5552813e+01  -6.8651392e+01
  -2.0075693e+01  -6.4437052e+00  -6.5575470e+00  -6.5546508e+01  -6.8641275e+01
  -1.9997558e+01  -1.0574911e+01  -1.0519730e+01  -6.5549778e+01  -6.8635803e+01
  -1.9919424e+01  -7.0155076e+00  -7.0898814e+00  -6.5551847e+01  -6.8602627e+01
  -1.9841289e+01  -7.4703040e-01  -7.6002531e-01  -6.5556647e+01  -6.8571124e+01
  -1.9763155e+01  -3.5327775e+00  -3.6257320e+00  -6.5552944e+01  -6.8519630e+01
  -1.9685020e+01  -4.5753743e-01  -4.6124058e-01  -6.5548761e+01  -6.8493649e+01
  -1.9606886e+01  -4.0331546e+00  -4.1196088e+00  -6.5552326e+01  -6.8459321e+01
  -1.9528751e+01  -5.2872324e-02  -4.4469911e-02  -6.5541972e+01  -6.8424305e+01
  -1.9450617e+01  -4.0365819e+00  -4.1283510e+00  -6.5544380e+01  -6.8408944e+01
  -1.9372482e+01  -2.4326654e-01  -2.5097707e-01  -6.5540608e+01  -6.8381787e+01
  -1.9294347e+01  -3.7025264e+00  -3.8255105e+00  -6.5540882e+01  -6.8348070e+01
  -1.9216213e+01  -4.4456394e-01  -4.4497171e-01  -6.5535444e+01  -6.8311404e+01
  -1.9138078e+01  -4.2221495e+00  -4.3088466e+00  -6.5525070e+01  -6.8300121e+01
  -1.9059944e+01  -1.1912897e-02  -1.4861294e-02  -6.5530488e+01  -6.8240536e+01
  -1.8981809e+01  -3.8091046e+00  -3.9262390e+00  -6.5513461e+01  -6.8197869e+01
  -1.8903675e+01  -2.1636206e-01  -2.2782678e-01  -6.5511492e+01  -6.8184101e+01
  -1.8825540e+01  -3.7863900e+00  -3.8918038e+00  -6.5527935e+01  -6.8187542e+01
  -1.8747406e+01  -5.2730446e-01  -5.2529941e-01  -6.5499420e+01  -6.8117386e+01
  -1.8669271e+01  -3.9667226e+00  -4.0921514e+00  -6.5499440e+01  -6.8125429e+01
  -1.8591137e+01  -2.3061526e-01  -2.3354118e-01  -6.5497260e+01  -6.8073103e+01
  -1.8513002e+01  -3.6951221e+00  -3.8178890e+00  -6.5487342e+01  -6.8056270e+01
  -1.8434868e+01  -3.6415278e-01  -3.6081296e-01  -6.5477638e+01  -6.7996103e+01
  -1.8356733e+01  -4.0313133e+00  -4.1311350e+00  -6.5458802e+01  -6.7943957e+01
  -1.8278598e+01  -2.1314610e-01  -2.2265998e-01  -6.5465151e+01  -6.7921316e+01
  -1.8200464e+01  -4.0298578e+00  -4.1398019e+00  -6.5459175e+01  -6.7916533e+01
  -1.8122329e+01  -4.9387500e-01  -5.0215681e-01  -6.5457670e+01  -6.7902253e+01
  -1.8044195e+01  -3.8444910e+00  -3.9501355e+00  -6.5449151e+01  -6.7872427e+01
  -1.7966060e+01  -1.8761687e-01  -1.8515139e-01  -6.5448227e+01  -6.7832937e+01
  -1.7887926e+01  -3.9911243e+00  -4.0977330e+00  -6.5421543e+01  -6.7766775e+01
  -1.7809791e+01  -3.8468860e-02  -3.6348547e-02  -6.5411094e+01  -6.7739978e+01
  -1.7731657e+01  -4.0713773e+00  -4.1588056e+00  -6.5406950e+01  -6.7694638e+01
  -1.7653522e+01   0.0000000e+00   0.0000000e+00  -6.5386007e+01  -6.7650495e+01
  -1.7575388e+01  -3.5845561e+00  -3.6707060e+00  -6.5370138e+01  -6.7633312e+01
  -1.7497253e+01  -4.3271797e-01  -4.3936220e-01  -6.5378789e+01  -6.7615061e+01
  -1.7419119e+01  -4.1486615e+00  -4.2642939e+00  -6.5358442e+01  -6.7566668e+01
  -1.7340984e+01  -4.3673078e-01  -4.4550171e-01  -6.5349051e+01  -6.7528370e+01
  -1.7262849e+01  -3.8851483e+00  -3.9829397e+00  -6.5321206e+01  -6.7506261e+01
  -1.7184715e+01  -3.5075533e-01  -3.6028701e-01  -6.5316602e+01  -6.7437917e+01
  -1.7106580e+01  -3.9993299e+00  -4.1211266e+00  -6.5291713e+01  -6.7393470e+01
  -1.7028446e+01  -6.6410057e-01  -6.6196635e-01  -6.5274207e+01  -6.7371738e+01
  -1.6950311e+01  -3.8175756e+00  -3.9208604e+00  -6.5298642e+01  -6.7376373e+01
  -1.6872177e+01  -5.9788497e-01  -5.9990175e-01  -6.5249059e+01  -6.7287668e+01
  -1.6794042e+01  -3.7528699e+00  -3.8415474e+00  -6.5248565e+01  -6.7300263e+01
  -1.6715908e+01  -3.8646633e-01  -3.8372080e-01  -6.5226747e+01  -6.7236373e+01
  -1.6637773e+01  -4.0683741e+00  -4.1669738e+00  -6.5219633e+01  -6.7227956e+01
  -1.6559639e+01  -4.3559727e-01  -4.4821077e-01  -6.5182459e+01  -6.7148355e+01
  -1.6481504e+01  -4.2133343e+00  -4.3348288e+00  -6.5145378e+01  -6.7085934e+01
  -1.6403370e+01  -3.1661739e-01  -3.2073169e-01  -6.5149655e+01  -6.7060244e+01
  -1.6325235e+01  -3.5571189e+00  -3.6588033e+00  -6.5158176e+01  -6.7063463e+01
  -1.6247100e+01  -4.7646044e-01  -4.7578225e-01  -6.5137743e+01  -6.7031199e+01
  -1.6168966e+01  -3.8387207e+00  -3.9513886e+00  -6.5127697e+01  -6.7011331e+01
  -1.6090831e+01  -4.4763338e-01  -4.3978739e-01  -6.5114081e+01  -6.6958561e+01
  -1.6012697e+01  -4.0350089e+00  -4.1310853e+00  -6.5067982e+01  -6.6875474e+01
  -1.5934562e+01  -7.6796694e-01  -7.8225336e-01  -6.5043878e+01  -6.6849999e+01
  -1.5856428e+01  -6.5677325e+00  -6.6802532e+00  -6.5026888e+01  -6.6785035e+01
  -1.5778293e+01  -1.3708190e+01  -1.3700657e+01  -6.4996212e+01  -6.6729417e+01
  -1.5700159e+01  -1.9387953e+01  -1.9599547e+01  -6.4964319e+01  -6.6711528e+01
  -1.5622024e+01  -1.7570961e+01  -1.7698269e+01  -6.4990587e+01  -6.6706488e+01
  -1.5543890e+01  -2.1520332e+01  -2.1547597e+01  -6.4945614e+01  -6.6639704e+01
  -1.5465755e+01  -2.1739622e+01  -2.2290467e+01  -6.4936162e+01  -6.6600850e+01
  -1.5387621e+01  -2.1564620e+01  -2.1936393e+01  -6.4881150e+01  -6.6557668e+01
  -1.5309486e+01  -2.5726508e+01  -2.6369381e+01  -6.4868213e+01  -6.6482196e+01
  -1.5231351e+01  -2.3412009e+01  -2.4691356e+01  -6.4837561e+01  -6.6433917e+01
  -1.5153217e+01  -2.5189114e+01  -2.6411606e+01  -6.4799980e+01  -6.6400463e+01
  -1.5075082e+01  -2.6639544e+01  -2.9460357e+01  -6.4824527e+01  -6.6406091e+01
  -1.4996948e+01  -2.4961953e+01  -2.7963498e+01  -6.4758566e+01  -6.6299834e+01
  -1.4918813e+01  -2.6575119e+01  -3.0624595e+01  -6.4754445e+01  -6.6314794e+01
  -1.4840679e+01  -2.4873664e+01  -3.0890376e+01  -6.4714666e+01  -6.6238872e+01
  -1.4762544e+01  -2.3791147e+01  -3.0615099e+01  -6.4711813e+01  -6.6241298e+01
  -1.4684410e+01  -2.5601205e+01  -3.4585984e+01  -6.4642011e+01  -6.6132083e+01
  -1.4606275e+01  -2.1593748e+01  -3.2842790e+01  -6.4586561e+01  -6.6063034e+01
  -1.4528141e+01  -2.2009656e+01  -3.4885043e+01  -6.4582262e+01  -6.6030426e+01
  -1.4450006e+01  -2.1015416e+01  -3.7658941e+01  -6.4619447e+01  -6.6046224e+01
  -1.4371872e+01  -1.7204403e+01  -3.6165304e+01  -6.4560269e+01  -6.5980540e+01
  -1.4293737e+01  -1.9133740e+01  -3.9497535e+01  -6.4560826e+01  -6.5981955e+01
  -1.4215602e+01  -1.3521584e+01  -3.9226724e+01  -6.4524782e+01  -6.5905673e+01
  -1.4137468e+01  -6.8013932e+00  -3.9359133e+01  -6.4460788e+01  -6.5803159e+01
  -1.4059333e+01  -5.7414836e-01  -4.3737626e+01  -6.4417194e+01  -6.5782036e+01
  -1.3981199e+01  -3.8978767e+00  -4.1705715e+01  -6.4376380e+01  -6.5683542e+01
  -1.3903064e+01  -6.5887844e-01  -4.4577409e+01  -6.4331818e+01  -6.5611321e+01
  -1.3824930e+01  -4.1134291e+00  -4.7017970e+01  -6.4293001e+01  -6.5593548e+01
  -1.3746795e+01  -4.9107942e-01  -4.5721229e+01  -6.4337608e+01  -6.5604116e+01
  -1.3668661e+01  -4.0762109e+00  -5.0166668e+01  -6.4265024e+01  -6.5516641e+01
  -1.3590526e+01  -8.4728117e-01  -4.9049041e+01  -6.4258324e+01  -6.5475892e+01
  -1.3512392e+01  -3.6300873e+00  -5.0095855e+01  -6.4158880e+01  -6.5394015e+01
  -1.3434257e+01  -5.0659246e-01  -5.3193206e+01  -6.4139739e+01  -6.5318567e+01
  -1.3356123e+01  -4.0964783e+00  -5.1781685e+01  -6.4101581e+01  -6.5256637e+01
  -1.3277988e+01  -5.0210706e-01  -5.3987315e+01  -6.4037283e+01  -6.5206601e+01
  -1.3199853e+01  -3.7268931e+00  -5.3950319e+01  -6.4051851e+01  -6.5210666e+01
  -1.3121719e+01  -4.6254648e-01  -5.4148226e+01  -6.3981495e+01  -6.5093830e+01
  -1.3043584e+01  -3.8276305e+00  -5.4564888e+01  -6.3966533e+01  -6.5106369e+01
  -1.2965450e+01  -4.3593275e-01  -5.4677744e+01  -6.3913928e+01  -6.5020912e+01
  -1.2887315e+01  -3.4880628e+00  -5.4761021e+01  -6.3913607e+01  -6.5034138e+01
  -1.2809181e+01  -5.3539220e-01  -5.4925164e+01  -6.3800618e+01  -6.4878592e+01
  -1.2731046e+01  -3.6401518e+00  -5.4581578e+01  -6.3732095e+01  -6.4811424e+01
  -1.2652912e+01  -4.7290265e-01  -5.5186993e+01  -6.3707060e+01  -6.4764549e+01
  -1.2574777e+01  -4.0232244e+00  -5.5175244e+01  -6.3789208e+01  -6.4801826e+01
  -1.2496643e+01  -5.7084615e-01  -5.4974213e+01  -6.3660616e+01  -6.4675542e+01
  -1.2418508e+01  -3.9560910e+00  -5.5477523e+01  -6.3691742e+01  -6.4719321e+01
  -1.2340374e+01  -1.8294571e-01  -5.5425245e+01  -6.3615884e+01  -6.4598487e+01
  -1.2262239e+01  -3.5657648e+00  -5.5619172e+01  -6.3530519e+01  -6.4471373e+01
  -1.2184105e+01  -5.6702119e-01  -5.6226117e+01  -6.3465439e+01  -6.4458992e+01
  -1.2105970e+01  -3.8183262e+00  -5.5919024e+01  -6.3378149e+01  -6.4301697e+01
  -1.2027835e+01  -2.6088150e-01  -5.6724687e+01  -6.3302922e+01  -6.4200598e+01
  -1.1949701e+01  -3.7673554e+00  -5.7009388e+01  -6.3276222e+01  -6.4182365e+01
  -1.1871566e+01  -7.9748322e-01  -5.6689551e+01  -6.3322977e+01  -6.4198769e+01
  -1.1793432e+01  -3.7307521e+00  -5.7648317e+01  -6.3227232e+01  -6.4096910e+01
  -1.1715297e+01  -7.2021808e-01  -5.7283413e+01  -6.3218722e+01  -6.4038985e+01
  -1.1637163e+01  -3.8995042e+00  -5.7800543e+01  -6.3038984e+01  -6.3887102e+01
  -1.1559028e+01  -6.5296089e-01  -5.7929614e+01  -6.3026047e+01  -6.3832364e+01
  -1.1480894e+01  -3.9364896e+00  -5.7828960e+01  -6.2959777e+01  -6.3723505e+01
  -1.1402759e+01  -5.9556454e-01  -5.8139595e+01  -6.2858057e+01  -6.3651295e+01
  -1.1324625e+01  -3.8632942e+00  -5.8175833e+01  -6.2845030e+01  -6.3638136e+01
  -1.1246490e+01  -1.2236099e-01  -5.8108702e+01  -6.2797804e+01  -6.3533830e+01
  -1.1168356e+01  -3.9006945e+00  -5.8348001e+01  -6.2758732e+01  -6.3535645e+01
  -1.1090221e+01  -1.9823718e-01  -5.8377539e+01  -6.2706282e+01  -6.3449194e+01
  -1.1012086e+01  -3.4789367e+00  -5.8387528e+01  -6.2700192e+01  -6.3467156e+01
  -1.0933952e+01  -1.6321119e-01  -5.8518057e+01  -6.2521619e+01  -6.3239563e+01
  -1.0855817e+01  -4.0993564e+00  -5.8349189e+01  -6.2455600e+01  -6.3190253e+01
  -1.0777683e+01  -2.1338480e-01  -5.8546327e+01  -6.2389782e+01  -6.3116627e+01
  -1.0699548e+01  -3.8007409e+00  -5.8506214e+01  -6.2538618e+01  -6.3192043e+01
  -1.0621414e+01  -2.9592865e-01  -5.8381995e+01  -6.2288370e+01  -6.2954298e+01
  -1.0543279e+01  -4.1604438e+00  -5.8451974e+01  -6.2389819e+01  -6.3085053e+01
  -1.0465145e+01  -3.6714285e-01  -5.8556926e+01  -6.2234469e+01  -6.2869965e+01
  -1.0387010e+01  -4.1042138e+00  -5.8568483e+01  -6.2103207e+01  -6.2696648e+01
  -1.0308876e+01  -6.7137180e-01  -5.8580458e+01  -6.2028008e+01  -6.2706003e+01
  -1.0230741e+01  -3.9948336e+00  -5.8527822e+01  -6.1834847e+01  -6.2424500e+01
  -1.0152607e+01  -4.3885660e-01  -5.8648273e+01  -6.1676341e+01  -6.2264260e+01
  -1.0074472e+01  -6.4437052e+00  -5.8612534e+01  -6.1700917e+01  -6.2237196e+01
  -9.9963374e+00  -1.0574911e+01  -5.8562189e+01  -6.1650283e+01  -6.2180277e+01
  -9.9182029e+00  -7.0155076e+00  -5.8639899e+01  -6.1580791e+01  -6.2117849e+01
  -9.8400684e+00  -7.4703040e-01  -5.8717361e+01  -6.1509494e+01  -6.1948507e+01
  -9.7619338e+00  -3.5327775e+00  -5.8639138e+01  -6.1163331e+01  -6.1668572e+01
  -9.6837993e+00  -4.5753743e-01  -5.8594809e+01  -6.1214079e+01  -6.1690042e+01
  -9.6056648e+00  -4.0331546e+00  -5.8643614e+01  -6.1009215e+01  -6.1409403e+01
  -9.5275302e+00  -5.2872324e-02  -5.8527469e+01  -6.0855274e+01  -6.1318732e+01
  -9.4493957e+00  -4.0365819e+00  -5.8487809e+01  -6.0756674e+01  -6.1205964e+01
  -9.3712611e+00  -2.4326654e-01  -5.8501269e+01  -6.0785005e+01  -6.1174914e+01
  -9.2931266e+00  -3.7025264e+00  -5.8513199e+01  -6.0714524e+01  -6.1166149e+01
  -9.2149921e+00  -4.4456394e-01  -5.8568043e+01  -6.0676160e+01  -6.1079898e+01
  -9.1368575e+00  -4.2221495e+00  -5.8441311e+01  -6.0650449e+01  -6.1095260e+01
  -9.0587230e+00  -1.1912897e-02  -5.8433029e+01  -6.0368604e+01  -6.0763627e+01
  -8.9805885e+00  -3.8091046e+00  -5.8356813e+01  -6.0332948e+01  -6.0754945e+01
  -8.9024539e+00  -2.1636206e-01  -5.8274119e+01  -6.0207471e+01  -6.0643412e+01
  -8.8243194e+00  -3.7863900e+00  -5.8535572e+01  -6.0435649e+01  -6.0772265e+01
  -8.7461848e+00  -5.2730446e-01  -5.8157783e+01  -5.9979314e+01  -6.0331940e+01
  -8.6680503e+00  -3.9667226e+00  -5.8258006e+01  -6.0243720e+01  -6.0658172e+01
  -8.5899158e+00  -2.3061526e-01  -5.8187722e+01  -5.9887251e+01  -6.0197393e+01
  -8.5117812e+00  -3.6951221e+00  -5.7994858e+01  -5.9558232e+01  -5.9851056e+01
  -8.4336467e+00  -3.6415278e-01  -5.7888245e+01  -5.9584403e+01  -5.9977437e+01
  -8.3555121e+00  -4.0313133e+00  -5.7650561e+01  -5.9002379e+01  -5.9265073e+01
  -8.2773776e+00  -2.1314610e-01  -5.7282317e+01  -5.8608666e+01  -5.8983606e+01
  -8.1992431e+00  -4.0298578e+00  -5.7558014e+01  -5.8753033e+01  -5.8877376e+01
  -8.1211085e+00  -4.9387500e-01  -5.6942534e+01  -5.8006321e+01  -5.8230600e+01
  -8.0429740e+00  -3.8444910e+00  -5.6973107e+01  -5.8293078e+01  -5.8546511e+01
  -7.9648395e+00  -1.8761687e-01  -5.7002504e+01  -5.7664846e+01  -5.7680079e+01
  -7.8867049e+00  -3.9911243e+00  -5.6072200e+01  -5.6929141e+01  -5.7163489e+01
  -7.8085704e+00  -3.8468860e-02  -5.6369288e+01  -5.7280428e+01  -5.7413164e+01
  -7.7304358e+00  -4.0713773e+00  -5.5861948e+01  -5.6322131e+01  -5.6380797e+01
  -7.6523013e+00   0.0000000e+00  -5.5433524e+01  -5.6174128e+01  -5.6386713e+01
  -7.5741668e+00  -3.5845561e+00  -5.5241187e+01  -5.5732971e+01  -5.5797983e+01
  -7.4960322e+00  -4.3271797e-01  -5.5169482e+01  -5.5697567e+01  -5.5789361e+01
  -7.4178977e+00  -4.1486615e+00  -5.5128958e+01  -5.5799840e+01  -5.5950309e+01
  -7.3397632e+00  -4.3673078e-01  -5.5147635e+01  -5.5504358e+01  -5.5565343e+01
  -7.2616286e+00  -3.8851483e+00  -5.4907464e+01  -5.5564471e+01  -5.5709163e+01
  -7.1834941e+00  -3.5075533e-01  -5.4697473e+01  -5.5175387e+01  -5.5270919e+01
  -7.1053595e+00  -3.9993299e+00  -5.4635777e+01  -5.5131569e+01  -5.5269621e+01
  -7.0272250e+00  -6.6410057e-01  -5.4498679e+01  -5.5070515e+01  -5.5209716e+01
  -6.9490905e+00  -3.8175756e+00  -5.4732133e+01  -5.5143567e+01  -5.5223658e+01
  -6.8709559e+00  -5.9788497e-01  -5.4184273e+01  -5.4549875e+01  -5.4603703e+01
  -6.7928214e+00  -3.7528699e+00  -5.4413593e+01  -5.5116666e+01  -5.5309838e+01
  -6.7146869e+00  -3.8646633e-01  -5.3910593e+01  -5.4046138e+01  -5.3999155e+01
  -6.6365523e+00  -4.0683741e+00  -5.2177567e+01  -5.2468668e+01  -5.2585442e+01
  -6.5584178e+00  -4.3559727e-01  -5.3033883e+01  -5.3610156e+01  -5.3709868e+01
  -6.4802832e+00  -4.2133343e+00  -5.0544036e+01  -5.0409679e+01  -5.0329642e+01
  -6.4021487e+00  -3.1661739e-01  -4.8908007e+01  -4.9581504e+01  -4.9936600e+01
  -6.3240142e+00  -3.5571189e+00  -5.0176704e+01  -4.9660115e+01  -4.9318218e+01
  -6.2458796e+00  -4.7646044e-01  -4.5617372e+01  -4.5666667e+01  -4.5728041e+01
  -6.1677451e+00  -3.8387207e+00  -4.6954807e+01  -4.7521980e+01  -4.7705462e+01
  -6.0896105e+00  -4.4763338e-01  -4.4659560e+01  -4.4109586e+01  -4.3871283e+01
  -6.0114760e+00  -4.0350089e+00  -4.2030908e+01  -4.2318956e+01  -4.2494808e+01
  -5.9333415e+00  -7.6796694e-01  -4.3895133e+01  -4.3789542e+01  -4.3653282e+01
  -5.8552069e+00  -6.5677325e+00  -3.9822342e+01  -3.9623644e+01  -3.9557324e+01
  -5.7770724e+00  -1.3708190e+01  -3.9265938e+01  -3.9690572e+01  -3.9909692e+01
  -5.6989379e+00  -1.9387953e+01  -3.9005278e+01  -3.8585563e+01  -3.8384234e+01
  -5.6208033e+00  -1.7570961e+01  -3.5872482e+01  -3.5919018e+01  -3.5964272e+01
  -5.5426688e+00  -2.1520332e+01  -3.7326033e+01  -3.7588000e+01  -3.7683397e+01
  -5.4645342e+00  -2.1739622e+01  -3.4725432e+01  -3.4440917e+01  -3.4321397e+01
  -5.3863997e+00  -2.1564620e+01  -3.3234039e+01  -3.3458042e+01  -3.3579484e+01
  -5.3082652e+00  -2.5726508e+01  -3.4453578e+01  -3.4316931e+01  -3.4223075e+01
  -5.2301306e+00  -2.3412009e+01  -3.0813476e+01  -3.0761959e+01  -3.0751366e+01
  -5.1519961e+00  -2.5189114e+01  -3.1015710e+01  -3.1255188e+01  -3.1370094e+01
  -5.0738616e+00  -2.6639544e+01  -3.0009480e+01  -2.9784700e+01  -2.9683134e+01
  -4.9957270e+00  -2.4961953e+01  -2.7591550e+01  -2.7643668e+01  -2.7676903e+01
  -4.9175925e+00  -2.6575119e+01  -2.9145552e+01  -2.9275218e+01  -2.9328153e+01
  -4.8394579e+00  -2.4873664e+01  -2.6143224e+01  -2.6034474e+01  -2.5987238e+01
  -4.7613234e+00  -2.3791147e+01  -2.5063375e+01  -2.5204666e+01  -2.5277191e+01
  -4.6831889e+00  -2.5601205e+01  -2.6067807e+01  -2.5990668e+01  -2.5943937e+01
  -4.6050543e+00  -2.1593748e+01  -2.2038520e+01  -2.2053173e+01  -2.2064802e+01
  -4.5269198e+00  -2.2009656e+01  -2.2438310e+01  -2.2568655e+01  -2.2631050e+01
  -4.4487853e+00  -2.1015416e+01  -2.0937569e+01  -2.0845194e+01  -2.0803375e+01
  -4.3706507e+00  -1.7204403e+01  -1.7277948e+01  -1.7324858e+01  -1.7349506e+01
  -4.2925162e+00  -1.9133740e+01  -1.9376465e+01  -1.9458217e+01  -1.9497387e+01
  -4.2143816e+00  -1.3521584e+01  -1.3498345e+01  -1.3481950e+01  -1.3474016e+01
  -4.1362471e+00  -6.8013932e+00  -6.9140854e+00  -6.9670711e+00  -6.9933852e+00
  -4.0581126e+00  -5.7414836e-01  -5.7999052e-01  -5.8085768e-01  -5.8113115e-01
  -3.9799780e+00  -3.8978767e+00  -4.0015799e+00  -4.0513634e+00  -4.0763782e+00
  -3.9018435e+00  -6.5887844e-01  -6.5150708e-01  -6.4758793e-01  -6.4570642e-01
  -3.8237089e+00  -4.1134291e+00  -4.2299924e+00  -4.2841716e+00  -4.3107865e+00
  -3.7455744e+00  -4.9107942e-01  -4.8335194e-01  -4.7880798e-01  -4.7657197e-01
  -3.6674399e+00  -4.0762109e+00  -4.1904275e+00  -4.2461365e+00  -4.2735378e+00
  -3.5893053e+00  -8.4728117e-01  -8.4804458e-01  -8.4890542e-01  -8.4931582e-01
  -3.5111708e+00  -3.6300873e+00  -3.7302799e+00  -3.7794283e+00  -3.8038118e+00
  -3.4330363e+00  -5.0659246e-01  -4.9953034e-01  -4.9413513e-01  -4.9122954e-01
  -3.3549017e+00  -4.0964783e+00  -4.2096424e+00  -4.2660112e+00  -4.2941675e+00
  -3.2767672e+00  -5.0210706e-01  -5.0217411e-01  -5.0204022e-01  -5.0192469e-01
  -3.1986326e+00  -3.7268931e+00  -3.8434599e+00  -3.9006972e+00  -3.9291229e+00
  -3.1204981e+00  -4.6254648e-01  -4.5908108e-01  -4.5614502e-01  -4.5434708e-01
  -3.0423636e+00  -3.8276305e+00  -3.9229281e+00  -3.9669860e+00  -3.9883655e+00
  -2.9642290e+00  -4.3593275e-01  -4.3575768e-01  -4.3638095e-01  -4.3709127e-01
  -2.8860945e+00  -3.4880628e+00  -3.5911815e+00  -3.6420771e+00  -3.6672093e+00
  -2.8079600e+00  -5.3539220e-01  -5.3681532e-01  -5.3659789e-01  -5.3625045e-01
  -2.7298254e+00  -3.6401518e+00  -3.7376994e+00  -3.7841270e+00  -3.8070896e+00
  -2.6516909e+00  -4.7290265e-01  -4.7066844e-01  -4.6767731e-01  -4.6586288e-01
  -2.5735563e+00  -4.0232244e+00  -4.1260830e+00  -4.1768541e+00  -4.2023133e+00
  -2.4954218e+00  -5.7084615e-01  -5.7323424e-01  -5.7223017e-01  -5.7116086e-01
  -2.4172873e+00  -3.9560910e+00  -4.0663807e+00  -4.1209257e+00  -4.1479709e+00
  -2.3391527e+00  -1.8294571e-01  -1.8953576e-01  -1.9265959e-01  -1.9416672e-01
  -2.2610182e+00  -3.5657648e+00  -3.6777873e+00  -3.7327554e+00  -3.7599759e+00
  -2.1828837e+00  -5.6702119e-01  -5.6112774e-01  -5.5788150e-01  -5.5618029e-01
  -2.1047491e+00  -3.8183262e+00  -3.9282236e+00  -3.9815083e+00  -4.0077233e+00
  -2.0266146e+00  -2.6088150e-01  -2.6978471e-01  -2.7294721e-01  -2.7435262e-01
  -1.9484800e+00  -3.7673554e+00  -3.8679615e+00  -3.9199059e+00  -3.9463030e+00
  -1.8703455e+00  -7.9748322e-01  -8.0009923e-01  -8.0138520e-01  -8.0202407e-01
  -1.7922110e+00  -3.7307521e+00  -3.8491934e+00  -3.9065636e+00  -3.9350291e+00
  -1.7140764e+00  -7.2021808e-01  -7.2232218e-01  -7.2280111e-01  -7.2293827e-01
  -1.6359419e+00  -3.8995042e+00  -4.0169783e+00  -4.0746210e+00  -4.1030595e+00
  -1.5578073e+00  -6.5296089e-01  -6.6340687e-01  -6.6659195e-01  -6.6781511e-01
  -1.4796728e+00  -3.9364896e+00  -4.0337466e+00  -4.0812798e+00  -4.1049124e+00
  -1.4015383e+00  -5.9556454e-01  -5.9476963e-01  -5.9427935e-01  -5.9398153e-01
  -1.3234037e+00  -3.8632942e+00  -3.9948670e+00  -4.0597830e+00  -4.0920456e+00
  -1.2452692e+00  -1.2236099e-01  -1.2851673e-01  -1.3087731e-01  -1.3194828e-01
  -1.1671347e+00  -3.9006945e+00  -4.0050689e+00  -4.0568695e+00  -4.0826505e+00
  -1.0890001e+00  -1.9823718e-01  -1.9817095e-01  -1.9687623e-01  -1.9600854e-01
  -1.0108656e+00  -3.4789367e+00  -3.5813079e+00  -3.6327614e+00  -3.6586828e+00
  -9.3273105e-01  -1.6321119e-01  -1.7454680e-01  -1.7876812e-01  -1.8055227e-01
  -8.5459651e-01  -4.0993564e+00  -4.2118349e+00  -4.2673848e+00  -4.2948408e+00
  -7.7646197e-01  -2.1338480e-01  -2.2386534e-01  -2.2842595e-01  -2.3052152e-01
  -6.9832743e-01  -3.8007409e+00  -3.9194346e+00  -3.9789593e+00  -4.0086363e+00
  -6.2019289e-01  -2.9592865e-01  -2.9111444e-01  -2.8778891e-01  -2.8605694e-01
  -5.4205836e-01  -4.1604438e+00  -4.2865899e+00  -4.3460576e+00  -4.3749840e+00
  -4.6392382e-01  -3.6714285e-01  -3.6803925e-01  -3.6699619e-01  -3.6612473e-01
  -3.8578928e-01  -4.1042138e+00  -4.2036458e+00  -4.2530115e+00  -4.2776707e+00
  -3.0765474e-01  -6.7137180e-01  -6.7012394e-01  -6.6870778e-01  -6.6783984e-01
  -2.2952021e-01  -3.9948336e+00  -4.0768651e+00  -4.1170296e+00  -4.1370132e+00
  -1.5138567e-01  -4.3885660e-01  -4.4115685e-01  -4.4142965e-01  -4.4145905e-01
  -7.3251129e-02  -6.4437052e+00  -6.5575470e+00  -6.6113709e+00  -6.6376303e+00
   4.8834086e-03  -1.0574911e+01  -1.0519730e+01  -1.0496407e+01  -1.0486223e+01
   8.3017947e-02  -7.0155076e+00  -7.0898814e+00  -7.1276590e+00  -7.1471774e+00
   1.6115248e-01  -7.4703040e-01  -7.6002531e-01  -7.6365275e-01  -7.6496257e-01
   2.3928702e-01  -3.5327775e+00  -3.6257320e+00  -3.6733313e+00  -3.6975548e+00
   3.1742156e-01  -4.5753743e-01  -4.6124058e-01  -4.6228845e-01  -4.6253995e-01
   3.9555610e-01  -4.0331546e+00  -4.1196088e+00  -4.1625467e+00  -4.1841652e+00
   4.7369064e-01  -5.2872324e-02  -4.4469911e-02  -3.8721912e-02  -3.5517941e-02
   5.5182517e-01  -4.0365819e+00  -4.1283510e+00  -4.1727675e+00  -4.1947111e+00
   6.2995971e-01  -2.4326654e-01  -2.5097707e-01  -2.5272613e-01  -2.5314617e-01
   7.0809425e-01  -3.7025264e+00  -3.8255105e+00  -3.8832869e+00  -3.9111728e+00
   7.8622879e-01  -4.4456394e-01  -4.4497171e-01  -4.4583026e-01  -4.4645738e-01
   8.6436333e-01  -4.2221495e+00  -4.3088466e+00  -4.3511035e+00  -4.3720463e+00
   9.4249786e-01  -1.1912897e-02  -1.4861294e-02  -1.5057362e-02  -1.4948649e-02
   1.0206324e+00  -3.8091046e+00  -3.9262390e+00  -3.9833947e+00  -4.0115177e+00
   1.0987669e+00  -2.1636206e-01  -2.2782678e-01  -2.3346869e-01  -2.3613534e-01
   1.1769015e+00  -3.7863900e+00  -3.8918038e+00  -3.9444036e+00  -3.9705831e+00
   1.2550360e+00  -5.2730446e-01  -5.2529941e-01  -5.2412220e-01  -5.2355752e-01
   1.3331706e+00  -3.9667226e+00  -4.0921514e+00  -4.1539126e+00  -4.1844881e+00
   1.4113051e+00  -2.3061526e-01  -2.3354118e-01  -2.3420911e-01  -2.3435529e-01
   1.4894396e+00  -3.6951221e+00  -3.8178890e+00  -3.8786931e+00  -3.9088156e+00
   1.5675742e+00  -3.6415278e-01  -3.6081296e-01  -3.5753663e-01  -3.5556632e-01
   1.6457087e+00  -4.0313133e+00  -4.1311350e+00  -4.1787886e+00  -4.2021853e+00
   1.7238432e+00  -2.1314610e-01  -2.2265998e-01  -2.2667256e-01  -2.2854982e-01
   1.8019778e+00  -4.0298578e+00  -4.1398019e+00  -4.1943417e+00  -4.2215818e+00
   1.8801123e+00  -4.9387500e-01  -5.0215681e-01  -5.0533444e-01  -5.0664042e-01
   1.9582469e+00  -3.8444910e+00  -3.9501355e+00  -4.0015949e+00  -4.0270844e+00
   2.0363814e+00  -1.8761687e-01  -1.8515139e-01  -1.8199923e-01  -1.8008046e-01
   2.1145159e+00  -3.9911243e+00  -4.0977330e+00  -4.1501330e+00  -4.1762092e+00
   2.1926505e+00  -3.8468860e-02  -3.6348547e-02  -3.4652556e-02  -3.3570921e-02
   2.2707850e+00  -4.0713773e+00  -4.1588056e+00  -4.2009351e+00  -4.2219285e+00
   2.3489195e+00   0.0000000e+00   0.0000000e+00   0.0000000e+00   0.0000000e+00
   2.4270541e+00  -3.5845561e+00  -3.6707060e+00  -3.7139128e+00  -3.7359010e+00
   2.5051886e+00  -4.3271797e-01  -4.3936220e-01  -4.4171095e-01  -4.4260444e-01
   2.5833232e+00  -4.1486615e+00  -4.2642939e+00  -4.3187576e+00  -4.3452353e+00
   2.6614577e+00  -4.3673078e-01  -4.4550171e-01  -4.4775624e-01  -4.4847603e-01
   2.7395922e+00  -3.8851483e+00  -3.9829397e+00  -4.0319264e+00  -4.0563434e+00
   2.8177268e+00  -3.5075533e-01  -3.6028701e-01  -3.6387816e-01  -3.6555360e-01
   2.8958613e+00  -3.9993299e+00  -4.1211266e+00  -4.1806621e+00  -4.2102365e+00
   2.9739958e+00  -6.6410057e-01  -6.6196635e-01  -6.5988088e-01  -6.5860575e-01
   3.0521304e+00  -3.8175756e+00  -3.9208604e+00  -3.9727132e+00  -3.9988623e+00
   3.1302649e+00  -5.9788497e-01  -5.9990175e-01  -6.0145661e-01  -6.0237881e-01
   3.2083995e+00  -3.7528699e+00  -3.8415474e+00  -3.8841670e+00  -3.9052256e+00
   3.2865340e+00  -3.8646633e-01  -3.8372080e-01  -3.8092828e-01  -3.7927180e-01
   3.3646685e+00  -4.0683741e+00  -4.1669738e+00  -4.2144130e+00  -4.2376916e+00
   3.4428031e+00  -4.3559727e-01  -4.4821077e-01  -4.5389215e-01  -4.5661214e-01
   3.5209376e+00  -4.2133343e+00  -4.3348288e+00  -4.3954575e+00  -4.4257850e+00
   3.5990722e+00  -3.1661739e-01  -3.2073169e-01  -3.2224840e-01  -3.2296426e-01
   3.6772067e+00  -3.5571189e+00  -3.6588033e+00  -3.7092758e+00  -3.7346170e+00
   3.7553412e+00  -4.7646044e-01  -4.7578225e-01  -4.7593168e-01  -4.7601104e-01
   3.8334758e+00  -3.8387207e+00  -3.9513886e+00  -4.0081553e+00  -4.0364343e+00
   3.9116103e+00  -4.4763338e-01  -4.3978739e-01  -4.3445222e-01  -4.3160981e-01
   3.9897448e+00  -4.0350089e+00  -4.1310853e+00  -4.1776576e+00  -4.2006753e+00
   4.0678794e+00  -7.6796694e-01  -7.8225336e-01  -7.8447329e-01  -7.8524650e-01
   4.1460139e+00  -6.5677325e+00  -6.6802532e+00  -6.7327382e+00  -6.7591658e+00
   4.2241485e+00  -1.3708190e+01  -1.3700657e+01  -1.3684248e+01  -1.3676203e+01
   4.3022830e+00  -1.9387953e+01  -1.9599547e+01  -1.9671739e+01  -1.9703892e+01
   4.3804175e+00  -1.7570961e+01  -1.7698269e+01  -1.7763812e+01  -1.7795419e+01
   4.4585521e+00  -2.1520332e+01  -2.1547597e+01  -2.1453383e+01  -2.1406049e+01
   4.5366866e+00  -2.1739622e+01  -2.2290467e+01  -2.2438793e+01  -2.2512485e+01
   4.6148211e+00  -2.1564620e+01  -2.1936393e+01  -2.1960164e+01  -2.1974510e+01
   4.6929557e+00  -2.5726508e+01  -2.6369381e+01  -2.6321964e+01  -2.6289438e+01
   4.7710902e+00  -2.3412009e+01  -2.4691356e+01  -2.4860176e+01  -2.4948143e+01
   4.8492248e+00  -2.5189114e+01  -2.6411606e+01  -2.6317492e+01  -2.6275417e+01
   4.9273593e+00  -2.6639544e+01  -2.9460357e+01  -2.9556353e+01  -2.9584509e+01
   5.0054938e+00  -2.4961953e+01  -2.7963498e+01  -2.8064408e+01  -2.8115904e+01
   5.0836284e+00  -2.6575119e+01  -3.0624595e+01  -3.0422854e+01  -3.0318682e+01
   5.1617629e+00  -2.4873664e+01  -3.0890376e+01  -3.1154674e+01  -3.1283089e+01
   5.2398974e+00  -2.3791147e+01  -3.0615099e+01  -3.0606573e+01  -3.0617220e+01
   5.3180320e+00  -2.5601205e+01  -3.4585984e+01  -3.4516990e+01  -3.4455817e+01
   5.3961665e+00  -2.1593748e+01  -3.2842790e+01  -3.3101134e+01  -3.3240588e+01
   5.4743011e+00  -2.2009656e+01  -3.4885043e+01  -3.4642877e+01  -3.4538365e+01
   5.5524356e+00  -2.1015416e+01  -3.7658941e+01  -3.7884127e+01  -3.7949297e+01
   5.6305701e+00  -1.7204403e+01  -3.6165304e+01  -3.6282317e+01  -3.6355823e+01
   5.7087047e+00  -1.9133740e+01  -3.9497535e+01  -3.9113334e+01  -3.8909131e+01
   5.7868392e+00  -1.3521584e+01  -3.9226724e+01  -3.9693214e+01  -3.9925704e+01
   5.8649738e+00  -6.8013932e+00  -3.9359133e+01  -3.9235314e+01  -3.9216301e+01
   5.9431083e+00  -5.7414836e-01  -4.3737626e+01  -4.3702458e+01  -4.3606276e+01
   6.0212428e+00  -3.8978767e+00  -4.1705715e+01  -4.2046090e+01  -4.2240939e+01
   6.0993774e+00  -6.5887844e-01  -4.4577409e+01  -4.4130013e+01  -4.3930007e+01
   6.1775119e+00  -4.1134291e+00  -4.7017970e+01  -4.7512091e+01  -4.7675177e+01
   6.2556464e+00  -4.9107942e-01  -4.5721229e+01  -4.5815192e+01  -4.5902675e+01
   6.3337810e+00  -4.0762109e+00  -5.0166668e+01  -4.9663580e+01  -4.9337323e+01
   6.4119155e+00  -8.4728117e-01  -4.9049041e+01  -4.9750438e+01  -5.0101780e+01
   6.4900501e+00  -3.6300873e+00  -5.0095855e+01  -4.9841332e+01  -4.9746903e+01
   6.5681846e+00  -5.0659246e-01  -5.3193206e+01  -5.3562534e+01  -5.3560225e+01
   6.6463191e+00  -4.0964783e+00  -5.1781685e+01  -5.2138130e+01  -5.2287593e+01
   6.7244537e+00  -5.0210706e-01  -5.3987315e+01  -5.4242885e+01  -5.4224516e+01
   6.8025882e+00  -3.7268931e+00  -5.3950319e+01  -5.4482218e+01  -5.4620921e+01
   6.8807227e+00  -4.6254648e-01  -5.4148226e+01  -5.4577663e+01  -5.4645422e+01
   6.9588573e+00  -3.8276305e+00  -5.4564888e+01  -5.5084780e+01  -5.5182319e+01
   7.0369918e+00  -4.3593275e-01  -5.4677744e+01  -5.5057806e+01  -5.5105171e+01
   7.1151264e+00  -3.4880628e+00  -5.4761021e+01  -5.5368708e+01  -5.5508638e+01
   7.1932609e+00  -5.3539220e-01  -5.4925164e+01  -5.5402849e+01  -5.5487421e+01
   7.2713954e+00  -3.6401518e+00  -5.4581578e+01  -5.5123735e+01  -5.5216313e+01
   7.3495300e+00  -4.7290265e-01  -5.5186993e+01  -5.5710496e+01  -5.5811450e+01
   7.4276645e+00  -4.0232244e+00  -5.5175244e+01  -5.5830106e+01  -5.5956448e+01
   7.5057990e+00  -5.7084615e-01  -5.4974213e+01  -5.5706128e+01  -5.5881738e+01
   7.5839336e+00  -3.9560910e+00  -5.5477523e+01  -5.6125087e+01  -5.6217311e+01
   7.6620681e+00  -1.8294571e-01  -5.5425245e+01  -5.6238466e+01  -5.6458976e+01
   7.7402027e+00  -3.5657648e+00  -5.5619172e+01  -5.6150869e+01  -5.6293620e+01
   7.8183372e+00  -5.6702119e-01  -5.6226117e+01  -5.7088085e+01  -5.7213971e+01
   7.8964717e+00  -3.8183262e+00  -5.5919024e+01  -5.6827710e+01  -5.7061242e+01
   7.9746063e+00  -2.6088150e-01  -5.6724687e+01  -5.7438512e+01  -5.7517676e+01
   8.0527408e+00  -3.7673554e+00  -5.7009388e+01  -5.8269504e+01  -5.8531170e+01
   8.1308754e+00  -7.9748322e-01  -5.6689551e+01  -5.7720334e+01  -5.7992316e+01
   8.2090099e+00  -3.7307521e+00  -5.7648317e+01  -5.8847636e+01  -5.8989059e+01
   8.2871444e+00  -7.2021808e-01  -5.7283413e+01  -5.8662481e+01  -5.9055946e+01
   8.3652790e+00  -3.8995042e+00  -5.7800543e+01  -5.8942003e+01  -5.9120775e+01
   8.4434135e+00  -6.5296089e-01  -5.7929614e+01  -5.9504655e+01  -5.9795538e+01
   8.5215480e+00  -3.9364896e+00  -5.7828960e+01  -5.9273519e+01  -5.9594704e+01
   8.5996826e+00  -5.9556454e-01  -5.8139595e+01  -5.9818453e+01  -6.0149882e+01
   8.6778171e+00  -3.8632942e+00  -5.8175833e+01  -5.9933183e+01  -6.0287518e+01
   8.7559517e+00  -1.2236099e-01  -5.8108702e+01  -5.9853888e+01  -6.0207075e+01
   8.8340862e+00  -3.9006945e+00  -5.8348001e+01  -6.0183273e+01  -6.0525613e+01
   8.9122207e+00  -1.9823718e-01  -5.8377539e+01  -6.0188011e+01  -6.0515805e+01
   8.9903553e+00  -3.4789367e+00  -5.8387528e+01  -6.0458867e+01  -6.0863433e+01
   9.0684898e+00  -1.6321119e-01  -5.8518057e+01  -6.0476632e+01  -6.0835500e+01
   9.1466243e+00  -4.0993564e+00  -5.8349189e+01  -6.0352402e+01  -6.0685905e+01
   9.2247589e+00  -2.1338480e-01  -5.8546327e+01  -6.0749312e+01  -6.1172387e+01
   9.3028934e+00  -3.8007409e+00  -5.8506214e+01  -6.0559152e+01  -6.0979541e+01
   9.3810280e+00  -2.9592865e-01  -5.8381995e+01  -6.0656752e+01  -6.1098408e+01
   9.4591625e+00  -4.1604438e+00  -5.8451974e+01  -6.0744096e+01  -6.1202134e+01
   9.5372970e+00  -3.6714285e-01  -5.8556926e+01  -6.0873695e+01  -6.1312399e+01
   9.6154316e+00  -4.1042138e+00  -5.8568483e+01  -6.0901354e+01  -6.1367464e+01
   9.6935661e+00  -6.7137180e-01  -5.8580458e+01  -6.1116909e+01  -6.1559758e+01
   9.7717006e+00  -3.9948336e+00  -5.8527822e+01  -6.1126158e+01  -6.1584584e+01
   9.8498352e+00  -4.3885660e-01  -5.8648273e+01  -6.1311856e+01  -6.1764159e+01
   9.9279697e+00  -6.4437052e+00  -5.8612534e+01  -6.1505874e+01  -6.2050936e+01
   1.0006104e+01  -1.0574911e+01  -5.8562189e+01  -6.1365268e+01  -6.1920889e+01
   1.0084239e+01  -7.0155076e+00  -5.8639899e+01  -6.1714077e+01  -6.2258093e+01
   1.0162373e+01  -7.4703040e-01  -5.8717361e+01  -6.1648967e+01  -6.2261728e+01
   1.0240508e+01  -3.5327775e+00  -5.8639138e+01  -6.1861597e+01  -6.2388320e+01
   1.0318642e+01  -4.5753743e-01  -5.8594809e+01  -6.1941474e+01  -6.2535689e+01
   1.0396777e+01  -4.0331546e+00  -5.8643614e+01  -6.1934369e+01  -6.2534670e+01
   1.0474911e+01  -5.2872324e-02  -5.8527469e+01  -6.2103793e+01  -6.2731872e+01
   1.0553046e+01  -4.0365819e+00  -5.8487809e+01  -6.2243665e+01  -6.2891244e+01
   1.0631181e+01  -2.4326654e-01  -5.8501269e+01  -6.2149423e+01  -6.2801392e+01
   1.0709315e+01  -3.7025264e+00  -5.8513199e+01  -6.2366258e+01  -6.3011373e+01
   1.0787450e+01  -4.4456394e-01  -5.8568043e+01  -6.2348715e+01  -6.2994315e+01
   1.0865584e+01  -4.2221495e+00  -5.8441311e+01  -6.2549581e+01  -6.3257370e+01
   1.0943719e+01  -1.1912897e-02  -5.8433029e+01  -6.2552108e+01  -6.3230086e+01
   1.1021853e+01  -3.8091046e+00  -5.8356813e+01  -6.2515386e+01  -6.3172373e+01
   1.1099988e+01  -2.1636206e-01  -5.8274119e+01  -6.2725019e+01  -6.3472008e+01
   1.1178122e+01  -3.7863900e+00  -5.8535572e+01  -6.2619939e+01  -6.3353054e+01
   1.1256257e+01  -5.2730446e-01  -5.8157783e+01  -6.2690525e+01  -6.3439185e+01
   1.1334391e+01  -3.9667226e+00  -5.8258006e+01  -6.2736551e+01  -6.3514478e+01
   1.1412526e+01  -2.3061526e-01  -5.8187722e+01  -6.2848164e+01  -6.3595240e+01
   1.1490660e+01  -3.6951221e+00  -5.7994858e+01  -6.2865415e+01  -6.3673024e+01
   1.1568795e+01  -3.6415278e-01  -5.7888245e+01  -6.2987611e+01  -6.3761280e+01
   1.1646930e+01  -4.0313133e+00  -5.7650561e+01  -6.3017728e+01  -6.3792987e+01
   1.1725064e+01  -2.1314610e-01  -5.7282317e+01  -6.3100991e+01  -6.3907709e+01
   1.1803199e+01  -4.0298578e+00  -5.7558014e+01  -6.3135641e+01  -6.3998777e+01
   1.1881333e+01  -4.9387500e-01  -5.6942534e+01  -6.3118489e+01  -6.3995079e+01
   1.1959468e+01  -3.8444910e+00  -5.6973107e+01  -6.3244387e+01  -6.4142078e+01
   1.2037602e+01  -1.8761687e-01  -5.7002504e+01  -6.3256887e+01  -6.4170553e+01
   1.2115737e+01  -3.9911243e+00  -5.6072200e+01  -6.3374652e+01  -6.4258454e+01
   1.2193871e+01  -3.8468860e-02  -5.6369288e+01  -6.3400586e+01  -6.4323942e+01
   1.2272006e+01  -4.0713773e+00  -5.5861948e+01  -6.3433800e+01  -6.4363457e+01
   1.2350140e+01   0.0000000e+00  -5.5433524e+01  -6.3493340e+01  -6.4445298e+01
   1.2428275e+01  -3.5845561e+00  -5.5241187e+01  -6.3608541e+01  -6.4595516e+01
   1.2506409e+01  -4.3271797e-01  -5.5169482e+01  -6.3538772e+01  -6.4528046e+01
   1.2584544e+01  -4.1486615e+00  -5.5128958e+01  -6.3680269e+01  -6.4673723e+01
   1.2662679e+01  -4.3673078e-01  -5.5147635e+01  -6.3661707e+01  -6.4659698e+01
   1.2740813e+01  -3.8851483e+00  -5.4907464e+01  -6.3806477e+01  -6.4858161e+01
   1.2818948e+01  -3.5075533e-01  -5.4697473e+01  -6.3795866e+01  -6.4830530e+01
   1.2897082e+01  -3.9993299e+00  -5.4635777e+01  -6.3795298e+01  -6.4819080e+01
   1.2975217e+01  -6.6410057e-01  -5.4498679e+01  -6.3905836e+01  -6.5005929e+01
   1.3053351e+01  -3.8175756e+00  -5.4732133e+01  -6.3873182e+01  -6.4960898e+01
   1.3131486e+01  -5.9788497e-01  -5.4184273e+01  -6.3905772e+01  -6.5006628e+01
   1.3209620e+01  -3.7528699e+00  -5.4413593e+01  -6.3946699e+01  -6.5076329e+01
   1.3287755e+01  -3.8646633e-01  -5.3910593e+01  -6.4021270e+01  -6.5132783e+01
   1.3365889e+01  -4.0683741e+00  -5.2177567e+01  -6.4031917e+01  -6.5212202e+01
   1.3444024e+01  -4.3559727e-01  -5.3033883e+01  -6.4123381e+01  -6.5272677e+01
   1.3522158e+01  -4.2133343e+00  -5.0544036e+01  -6.4145645e+01  -6.5298599e+01
   1.3600293e+01  -3.1661739e-01  -4.8908007e+01  -6.4195311e+01  -6.5389776e+01
   1.3678428e+01  -3.5571189e+00  -5.0176704e+01  -6.4182230e+01  -6.5410128e+01
   1.3756562e+01  -4.7646044e-01  -4.5617372e+01  -6.4201678e+01  -6.5448273e+01
   1.3834697e+01  -3.8387207e+00  -4.6954807e+01  -6.4248327e+01  -6.5525256e+01
   1.3912831e+01  -4.4763338e-01  -4.4659560e+01  -6.4290138e+01  -6.5570518e+01
   1.3990966e+01  -4.0350089e+00  -4.2030908e+01  -6.4344641e+01  -6.5623311e+01
   1.4069100e+01  -7.6796694e-01  -4.3895133e+01  -6.4376121e+01  -6.5681679e+01
   1.4147235e+01  -6.5677325e+00  -3.9822342e+01  -6.4409006e+01  -6.5725099e+01
   1.4225369e+01  -1.3708190e+01  -3.9265938e+01  -6.4431024e+01  -6.5763725e+01
   1.4303504e+01  -1.9387953e+01  -3.9005278e+01  -6.4505321e+01  -6.5886249e+01
   1.4381638e+01  -1.7570961e+01  -3.5872482e+01  -6.4463751e+01  -6.5845529e+01
   1.4459773e+01  -2.1520332e+01  -3.7326033e+01  -6.4551630e+01  -6.5947892e+01
   1.4537907e+01  -2.1739622e+01  -3.4725432e+01  -6.4541592e+01  -6.5943647e+01
   1.4616042e+01  -2.1564620e+01  -3.3234039e+01  -6.4639328e+01  -6.6091547e+01
   1.4694177e+01  -2.5726508e+01  -3.4453578e+01  -6.4625995e+01  -6.6069220e+01
   1.4772311e+01  -2.3412009e+01  -3.0813476e+01  -6.4637483e+01  -6.6080052e+01
   1.4850446e+01  -2.5189114e+01  -3.1015710e+01  -6.4693923e+01  -6.6199629e+01
   1.4928580e+01  -2.6639544e+01  -3.0009480e+01  -6.4700482e+01  -6.6203112e+01
   1.5006715e+01  -2.4961953e+01  -2.7591550e+01  -6.4707587e+01  -6.6221201e+01
   1.5084849e+01  -2.6575119e+01  -2.9145552e+01  -6.4744649e+01  -6.6287104e+01
   1.5162984e+01  -2.4873664e+01  -2.6143224e+01  -6.4786665e+01  -6.6324203e+01
   1.5241118e+01  -2.3791147e+01  -2.5063375e+01  -6.4795566e+01  -6.6403109e+01
   1.5319253e+01  -2.5601205e+01  -2.6067807e+01  -6.4859440e+01  -6.6444133e+01
   1.5397387e+01  -2.1593748e+01  -2.2038520e+01  -6.4872030e+01  -6.6467163e+01
   1.5475522e+01  -2.2009656e+01  -2.2438310e+01  -6.4905202e+01  -6.6544241e+01
   1.5553656e+01  -2.1015416e+01  -2.0937569e+01  -6.4884332e+01  -6.6537920e+01
   1.5631791e+01  -1.7204403e+01  -1.7277948e+01  -6.4907396e+01  -6.6586559e+01
   1.5709926e+01  -1.9133740e+01  -1.9376465e+01  -6.4922904e+01  -6.6633995e+01
   1.5788060e+01  -1.3521584e+01  -1.3498345e+01  -6.4967626e+01  -6.6684174e+01
   1.5866195e+01  -6.8013932e+00  -6.9140854e+00  -6.4985434e+01  -6.6715651e+01
   1.5944329e+01  -5.7414836e-01  -5.7999052e-01  -6.5021414e+01  -6.6777040e+01
   1.6022464e+01  -3.8978767e+00  -4.0015799e+00  -6.5044487e+01  -6.6815557e+01
   1.6100598e+01  -6.5887844e-01  -6.5150708e-01  -6.5053488e+01  -6.6837268e+01
   1.6178733e+01  -4.1134291e+00  -4.2299924e+00  -6.5089303e+01  -6.6927758e+01
   1.6256867e+01  -4.9107942e-01  -4.8335194e-01  -6.5070870e+01  -6.6910390e+01
   1.6335002e+01  -4.0762109e+00  -4.1904275e+00  -6.5119801e+01  -6.6981993e+01
   1.6413136e+01  -8.4728117e-01  -8.4804458e-01  -6.5118841e+01  -6.6988634e+01
   1.6491271e+01  -3.6300873e+00  -3.7302799e+00  -6.5176600e+01  -6.7096298e+01
   1.6569405e+01  -5.0659246e-01  -4.9953034e-01  -6.5167161e+01  -6.7083942e+01
   1.6647540e+01  -4.0964783e+00  -4.2096424e+00  -6.5179708e+01  -6.7104334e+01
   1.6725675e+01  -5.0210706e-01  -5.0217411e-01  -6.5204080e+01  -6.7181854e+01
   1.6803809e+01  -3.7268931e+00  -3.8434599e+00  -6.5224439e+01  -6.7213651e+01
   1.6881944e+01  -4.6254648e-01  -4.5908108e-01  -6.5218316e+01  -6.7215541e+01
   1.6960078e+01  -3.8276305e+00  -3.9229281e+00  -6.5247507e+01  -6.7276327e+01
   1.7038213e+01  -4.3593275e-01  -4.3575768e-01  -6.5266041e+01  -6.7300012e+01
   1.7116347e+01  -3.4880628e+00  -3.5911815e+00  -6.5272556e+01  -6.7376488e+01
   1.7194482e+01  -5.3539220e-01  -5.3681532e-01  -6.5311453e+01  -6.7400788e+01
   1.7272616e+01  -3.6401518e+00  -3.7376994e+00  -6.5314202e+01  -6.7423101e+01
   1.7350751e+01  -4.7290265e-01  -4.7066844e-01  -6.5335719e+01  -6.7488779e+01
   1.7428885e+01  -4.0232244e+00  -4.1260830e+00  -6.5323994e+01  -6.7476074e+01
   1.7507020e+01  -5.7084615e-01  -5.7323424e-01  -6.5335690e+01  -6.7521948e+01
   1.7585154e+01  -3.9560910e+00  -4.0663807e+00  -6.5339467e+01  -6.7556480e+01
   1.7663289e+01  -1.8294571e-01  -1.8953576e-01  -6.5373634e+01  -6.7604069e+01
   1.7741424e+01  -3.5657648e+00  -3.6777873e+00  -6.5372484e+01  -6.7624965e+01
   1.7819558e+01  -5.6702119e-01  -5.6112774e-01  -6.5402065e+01  -6.7686460e+01
   1.7897693e+01  -3.8183262e+00  -3.9282236e+00  -6.5412998e+01  -6.7719043e+01
   1.7975827e+01  -2.6088150e-01  -2.6978471e-01  -6.5418543e+01  -6.7734587e+01
   1.8053962e+01  -3.7673554e+00  -3.8679615e+00  -6.5426416e+01  -6.7795560e+01
   1.8132096e+01  -7.9748322e-01  -8.0009923e-01  -6.5423425e+01  -6.7796130e+01
   1.8210231e+01  -3.7307521e+00  -3.8491934e+00  -6.5444408e+01  -6.7845641e+01
   1.8288365e+01  -7.2021808e-01  -7.2232218e-01  -6.5448951e+01  -6.7861488e+01
   1.8366500e+01  -3.8995042e+00  -4.0169783e+00  -6.5473097e+01  -6.7937412e+01
   1.8444634e+01  -6.5296089e-01  -6.6340687e-01  -6.5468318e+01  -6.7937102e+01
   1.8522769e+01  -3.9364896e+00  -4.0337466e+00  -6.5477354e+01  -6.7960237e+01
   1.8600903e+01  -5.9556454e-01  -5.9476963e-01  -6.5481150e+01  -6.8010558e+01
   1.8679038e+01  -3.8632942e+00  -3.9948670e+00  -6.5497796e+01  -6.8055940e+01
   1.8757173e+01  -1.2236099e-01  -1.2851673e-01  -6.5488621e+01  -6.8050067e+01
   1.8835307e+01  -3.9006945e+00  -4.0050689e+00  -6.5505460e+01  -6.8104195e+01
   1.8913442e+01  -1.9823718e-01  -1.9817095e-01  -6.5508801e+01  -6.8119777e+01
   1.8991576e+01  -3.4789367e+00  -3.5813079e+00  -6.5509378e+01  -6.8191352e+01
   1.9069711e+01  -1.6321119e-01  -1.7454680e-01  -6.5528697e+01  -6.8202719e+01
   1.9147845e+01  -4.0993564e+00  -4.2118349e+00  -6.5521307e+01  -6.8224819e+01
   1.9225980e+01  -2.1338480e-01  -2.2386534e-01  -6.5531829e+01  -6.8280190e+01
   1.9304114e+01  -3.8007409e+00  -3.9194346e+00  -6.5534823e+01  -6.8271045e+01
   1.9382249e+01  -2.9592865e-01  -2.9111444e-01  -6.5527884e+01  -6.8308672e+01
   1.9460383e+01  -4.1604438e+00  -4.2865899e+00  -6.5528255e+01  -6.8337756e+01
   1.9538518e+01  -3.6714285e-01  -3.6803925e-01  -6.5545486e+01  -6.8378927e+01
   1.9616652e+01  -4.1042138e+00  -4.2036458e+00  -6.5536567e+01  -6.8396048e+01
   1.9694787e+01  -6.7137180e-01  -6.7012394e-01  -6.5549859e+01  -6.8452886e+01
   1.9772921e+01  -3.9948336e+00  -4.0768651e+00  -6.5547046e+01  -6.8480613e+01
   1.9851056e+01  -4.3885660e-01  -4.4115685e-01  -6.5552813e+01  -6.8494490e+01
   1.9929191e+01  -6.4437052e+00  -6.5575470e+00  -6.5546508e+01  -6.8531485e+01
   2.0007325e+01  -1.0574911e+01  -1.0519730e+01  -6.5549778e+01  -6.8544385e+01
   2.0085460e+01  -7.0155076e+00  -7.0898814e+00  -6.5551847e+01  -6.8578256e+01
   2.0163594e+01  -7.4703040e-01  -7.6002531e-01  -6.5556647e+01  -6.8600524e+01
   2.0241729e+01  -3.5327775e+00  -3.6257320e+00  -6.5552944e+01  -6.8652056e+01
   2.0319863e+01  -4.5753743e-01  -4.6124058e-01  -6.5548761e+01  -6.8663432e+01
   2.0397998e+01  -4.0331546e+00  -4.1196088e+00  -6.5552326e+01  -6.8685880e+01
   2.0476132e+01  -5.2872324e-02  -4.4469911e-02  -6.5541972e+01  -6.8718342e+01
   2.0554267e+01  -4.0365819e+00  -4.1283510e+00  -6.5544380e+01  -6.8766875e+01
   2.0632401e+01  -2.4326654e-01  -2.5097707e-01  -6.5540608e+01  -6.8759032e+01
   2.0710536e+01  -3.7025264e+00  -3.8255105e+00  -6.5540882e+01  -6.8805413e+01
   2.0788670e+01  -4.4456394e-01  -4.4497171e-01  -6.5535444e+01  -6.8816971e+01
   2.0866805e+01  -4.2221495e+00  -4.3088466e+00  -6.5525070e+01  -6.8881309e+01
   2.0944940e+01  -1.1912897e-02  -1.4861294e-02  -6.5530488e+01  -6.8884336e+01
   2.1023074e+01  -3.8091046e+00  -3.9262390e+00  -6.5513461e+01  -6.8905749e+01
   2.1101209e+01  -2.1636206e-01  -2.2782678e-01  -6.5511492e+01  -6.8951578e+01
   2.1179343e+01  -3.7863900e+00  -3.8918038e+00  -6.5527935e+01  -6.8950153e+01
   2.1257478e+01  -5.2730446e-01  -5.2529941e-01  -6.5499420e+01  -6.8977961e+01
   2.1335612e+01  -3.9667226e+00  -4.0921514e+00  -6.5499440e+01  -6.9004817e+01
   2.1413747e+01  -2.3061526e-01  -2.3354118e-01  -6.5497260e+01  -6.9038208e+01
   2.1491881e+01  -3.6951221e+00  -3.8178890e+00  -6.5487342e+01  -6.9055253e+01
   2.1570016e+01  -3.6415278e-01  -3.6081296e-01  -6.5477638e+01  -6.9103755e+01
   2.1648150e+01  -4.0313133e+00  -4.1311350e+00  -6.5458802e+01  -6.9127919e+01
   2.1726285e+01  -2.1314610e-01  -2.2265998e-01  -6.5465151e+01  -6.9141825e+01
   2.1804419e+01  -4.0298578e+00  -4.1398019e+00  -6.5459175e+01  -6.9161371e+01
   2.1882554e+01  -4.9387500e-01  -5.0215681e-01  -6.5457670e+01  -6.9181497e+01
   2.1960689e+01  -3.8444910e+00  -3.9501355e+00  -6.5449151e+01  -6.9204672e+01
   2.2038823e+01  -1.8761687e-01  -1.8515139e-01  -6.5448227e+01  -6.9230371e+01
   2.2116958e+01  -3.9911243e+00  -4.0977330e+00  -6.5421543e+01  -6.9263886e+01
   2.2195092e+01  -3.8468860e-02  -3.6348547e-02  -6.5411094e+01  -6.9284784e+01
   2.2273227e+01  -4.0713773e+00  -4.1588056e+00  -6.5406950e+01  -6.9305111e+01
   2.2351361e+01   0.0000000e+00   0.0000000e+00  -6.5386007e+01  -6.9325876e+01
   2.2429496e+01  -3.5845561e+00  -3.6707060e+00  -6.5370138e+01  -6.9370636e+01
   2.2507630e+01  -4.3271797e-01  -4.3936220e-01  -6.5378789e+01  -6.9364451e+01
   2.2585765e+01  -4.1486615e+00  -4.2642939e+00  -6.5358442e+01  -6.9402608e+01
   2.2663899e+01  -4.3673078e-01  -4.4550171e-01  -6.5349051e+01  -6.9412903e+01
   2.2742034e+01  -3.8851483e+00  -3.9829397e+00  -6.5321206e+01  -6.9468288e+01
   2.2820168e+01  -3.5075533e-01  -3.6028701e-01  -6.5316602e+01  -6.9467435e+01
   2.2898303e+01  -3.9993299e+00  -4.1211266e+00  -6.5291713e+01  -6.9487371e+01
   2.2976438e+01  -6.6410057e-01  -6.6196635e-01  -6.5274207e+01  -6.9524426e+01
   2.3054572e+01  -3.8175756e+00  -3.9208604e+00  -6.5298642e+01  -6.9531304e+01
   2.3132707e+01  -5.9788497e-01  -5.9990175e-01  -6.5249059e+01  -6.9549836e+01
   2.3210841e+01  -3.7528699e+00  -3.8415474e+00  -6.5248565e+01  -6.9575522e+01
   2.3288976e+01  -3.8646633e-01  -3.8372080e-01  -6.5226747e+01  -6.9601306e+01
   2.3367110e+01  -4.0683741e+00  -4.1669738e+00  -6.5219633e+01  -6.9619757e+01
   2.3445245e+01  -4.3559727e-01  -4.4821077e-01  -6.5182459e+01  -6.9658039e+01
   2.3523379e+01  -4.2133343e+00  -4.3348288e+00  -6.5145378e+01  -6.9679525e+01
   2.3601514e+01  -3.1661739e-01  -3.2073169e-01  -6.5149655e+01  -6.9693820e+01
   2.3679648e+01  -3.5571189e+00  -3.6588033e+00  -6.5158176e+01  -6.9702242e+01
   2.3757783e+01  -4.7646044e-01  -4.7578225e-01  -6.5137743e+01  -6.9725303e+01
   2.3835917e+01  -3.8387207e+00  -3.9513886e+00  -6.5127697e+01  -6.9741545e+01
   2.3914052e+01  -4.4763338e-01  -4.3978739e-01  -6.5114081e+01  -6.9767976e+01
   2.3992187e+01  -4.0350089e+00  -4.1310853e+00  -6.5067982e+01  -6.9788869e+01
   2.4070321e+01  -7.6796694e-01  -7.8225336e-01  -6.5043878e+01  -6.9816069e+01
   2.4148456e+01  -6.5677325e+00  -6.6802532e+00  -6.5026888e+01  -6.9833950e+01
   2.4226590e+01  -1.3708190e+01  -1.3700657e+01  -6.4996212e+01  -6.9847206e+01
   2.4304725e+01  -1.9387953e+01  -1.9599547e+01  -6.4964319e+01  -6.9884216e+01
   2.4382859e+01  -1.7570961e+01  -1.7698269e+01  -6.4990587e+01  -6.9881573e+01
   2.4460994e+01  -2.1520332e+01  -2.1547597e+01  -6.4945614e+01  -6.9911627e+01
   2.4539128e+01  -2.1739622e+01  -2.2290467e+01  -6.4936162e+01  -6.9922219e+01
   2.4617263e+01  -2.1564620e+01  -2.1936393e+01  -6.4881150e+01  -6.9967763e+01
   2.4695397e+01  -2.5726508e+01  -2.6369381e+01  -6.4868213e+01  -6.9966648e+01
   2.4773532e+01  -2.3412009e+01  -2.4691356e+01  -6.4837561e+01  -6.9984414e+01
   2.4851666e+01  -2.5189114e+01  -2.6411606e+01  -6.4799980e+01  -7.0013553e+01
   2.4929801e+01  -2.6639544e+01  -2.9460357e+01  -6.4824527e+01  -7.0027146e+01
   2.5007936e+01  -2.4961953e+01  -2.7963498e+01  -6.4758566e+01  -7.0038059e+01
   2.5086070e+01  -2.6575119e+01  -3.0624595e+01  -6.4754445e+01  -7.0062501e+01
   2.5164205e+01  -2.4873664e+01  -3.0890376e+01  -6.4714666e+01  -7.0081708e+01
   2.5242339e+01  -2.3791147e+01  -3.0615099e+01  -6.4711813e+01  -7.0101584e+01
   2.5320474e+01  -2.5601205e+01  -3.4585984e+01  -6.4642011e+01  -7.0129491e+01
   2.5398608e+01  -2.1593748e+01  -3.2842790e+01  -6.4586561e+01  -7.0148675e+01
   2.5476743e+01  -2.2009656e+01  -3.4885043e+01  -6.4582262e+01  -7.0163081e+01
   2.5554877e+01  -2.1015416e+01  -3.7658941e+01  -6.4619447e+01  -7.0165747e+01
   2.5633012e+01  -1.7204403e+01  -3.6165304e+01  -6.4560269e+01  -7.0188419e+01
   2.5711146e+01  -1.9133740e+01  -3.9497535e+01  -6.4560826e+01  -7.0200490e+01
   2.5789281e+01  -1.3521584e+01  -3.9226724e+01  -6.4524782e+01  -7.0225498e+01
   2.5867415e+01  -6.8013932e+00  -3.9359133e+01  -6.4460788e+01  -7.0238139e+01
   2.5945550e+01  -5.7414836e-01  -4.3737626e+01  -6.4417194e+01  -7.0268086e+01
   2.6023685e+01  -3.8978767e+00  -4.1705715e+01  -6.4376380e+01  -7.0283698e+01
   2.6101819e+01  -6.5887844e-01  -4.4577409e+01  -6.4331818e+01  -7.0292322e+01
   2.6179954e+01  -4.1134291e+00  -4.7017970e+01  -6.4293001e+01  -7.0320019e+01
   2.6258088e+01  -4.9107942e-01  -4.5721229e+01  -6.4337608e+01  -7.0321438e+01
   2.6336223e+01  -4.0762109e+00  -5.0166668e+01  -6.4265024e+01  -7.0344018e+01
   2.6414357e+01  -8.4728117e-01  -4.9049041e+01  -6.4258324e+01  -7.0355486e+01
   2.6492492e+01  -3.6300873e+00  -5.0095855e+01  -6.4158880e+01  -7.0391134e+01
   2.6570626e+01  -5.0659246e-01  -5.3193206e+01  -6.4139739e+01  -7.0392142e+01
   2.6648761e+01  -4.0964783e+00  -5.1781685e+01  -6.4101581e+01  -7.0407345e+01
   2.6726895e+01  -5.0210706e-01  -5.3987315e+01  -6.4037283e+01  -7.0429511e+01
   2.6805030e+01  -3.7268931e+00  -5.3950319e+01  -6.4051851e+01  -7.0447128e+01
   2.6883164e+01  -4.6254648e-01  -5.4148226e+01  -6.3981495e+01  -7.0452545e+01
   2.6961299e+01  -3.8276305e+00  -5.4564888e+01  -6.3966533e+01  -7.0475138e+01
   2.7039434e+01  -4.3593275e-01  -5.4677744e+01  -6.3913928e+01  -7.0489157e+01
   2.7117568e+01  -3.4880628e+00  -5.4761021e+01  -6.3913607e+01  -7.0509619e+01
   2.7195703e+01  -5.3539220e-01  -5.4925164e+01  -6.3800618e+01  -7.0528328e+01
   2.7273837e+01  -3.6401518e+00  -5.4581578e+01  -6.3732095e+01  -7.0545200e+01
   2.7351972e+01  -4.7290265e-01  -5.5186993e+01  -6.3707060e+01  -7.0559156e+01
   2.7430106e+01  -4.0232244e+00  -5.5175244e+01  -6.3789208e+01  -7.0560063e+01
   2.7508241e+01  -5.7084615e-01  -5.4974213e+01  -6.3660616e+01  -7.0580030e+01
   2.7586375e+01  -3.9560910e+00  -5.5477523e+01  -6.3691742e+01  -7.0589814e+01
   2.7664510e+01  -1.8294571e-01  -5.5425245e+01  -6.3615884e+01  -7.0611896e+01
   2.7742644e+01  -3.5657648e+00  -5.5619172e+01  -6.3530519e+01  -7.0619613e+01
   2.7820779e+01  -5.6702119e-01  -5.6226117e+01  -6.3465439e+01  -7.0649018e+01
   2.7898913e+01  -3.8183262e+00  -5.5919024e+01  -6.3378149e+01  -7.0662645e+01
   2.7977048e+01  -2.6088150e-01  -5.6724687e+01  -6.3302922e+01  -7.0668583e+01
   2.8055183e+01  -3.7673554e+00  -5.7009388e+01  -6.3276222e+01  -7.0687246e+01
   2.8133317e+01  -7.9748322e-01  -5.6689551e+01  -6.3322977e+01  -7.0692246e+01
   2.8211452e+01  -3.7307521e+00  -5.7648317e+01  -6.3227232e+01  -7.0708353e+01
   2.8289586e+01  -7.2021808e-01  -5.7283413e+01  -6.3218722e+01  -7.0720559e+01
   2.8367721e+01  -3.8995042e+00  -5.7800543e+01  -6.3038984e+01  -7.0746963e+01
   2.8445855e+01  -6.5296089e-01  -5.7929614e+01  -6.3026047e+01  -7.0751149e+01
   2.8523990e+01  -3.9364896e+00  -5.7828960e+01  -6.2959777e+01  -7.0763728e+01
   2.8602124e+01  -5.9556454e-01  -5.8139595e+01  -6.2858057e+01  -7.0779926e+01
   2.8680259e+01  -3.8632942e+00  -5.8175833e+01  -6.2845030e+01  -7.0798609e+01
   2.8758393e+01  -1.2236099e-01  -5.8108702e+01  -6.2797804e+01  -7.0800663e+01
   2.8836528e+01  -3.9006945e+00  -5.8348001e+01  -6.2758732e+01  -7.0820645e+01
   2.8914662e+01  -1.9823718e-01  -5.8377539e+01  -6.2706282e+01  -7.0830880e+01
   2.8992797e+01  -3.4789367e+00  -5.8387528e+01  -6.2700192e+01  -7.0850700e+01
   2.9070932e+01  -1.6321119e-01  -5.8518057e+01  -6.2521619e+01  -7.0862191e+01
   2.9149066e+01  -4.0993564e+00  -5.8349189e+01  -6.2455600e+01  -7.0876554e+01
   2.9227201e+01  -2.1338480e-01  -5.8546327e+01  -6.2389782e+01  -7.0889418e+01
   2.9305335e+01  -3.8007409e+00  -5.8506214e+01  -6.2538618e+01  -7.0891037e+01
   2.9383470e+01  -2.9592865e-01  -5.8381995e+01  -6.2288370e+01  -7.0906962e+01
   2.9461604e+01  -4.1604438e+00  -5.8451974e+01  -6.2389819e+01  -7.0915576e+01
   2.9539739e+01  -3.6714285e-01  -5.8556926e+01  -6.2234469e+01  -7.0933873e+01
   2.9617873e+01  -4.1042138e+00  -5.8568483e+01  -6.2103207e+01  -7.0938990e+01
   2.9696008e+01  -6.7137180e-01  -5.8580458e+01  -6.2028008e+01  -7.0965268e+01
   2.9774142e+01  -3.9948336e+00  -5.8527822e+01  -6.1834847e+01  -7.0977068e+01
   2.9852277e+01  -4.3885660e-01  -5.8648273e+01  -6.1676341e+01  -7.0981580e+01
   2.9930411e+01  -6.4437052e+00  -5.8612534e+01  -6.1700917e+01  -7.0992714e+01
   3.0008546e+01  -1.0574911e+01  -5.8562189e+01  -6.1650283e+01  -7.1000160e+01
   3.0086681e+01  -7.0155076e+00  -5.8639899e+01  -6.1580791e+01  -7.1011009e+01
   3.0164815e+01  -7.4703040e-01  -5.8717361e+01  -6.1509494e+01  -7.1023359e+01
   3.0242950e+01  -3.5327775e+00  -5.8639138e+01  -6.1163331e+01  -7.1041682e+01
   3.0321084e+01  -4.5753743e-01  -5.8594809e+01  -6.1214079e+01  -7.1048910e+01
   3.0399219e+01  -4.0331546e+00  -5.8643614e+01  -6.1009215e+01  -7.1059049e+01
   3.0477353e+01  -5.2872324e-02  -5.8527469e+01  -6.0855274e+01  -7.1070315e+01
   3.0555488e+01  -4.0365819e+00  -5.8487809e+01  -6.0756674e+01  -7.1087465e+01
   3.0633622e+01  -2.4326654e-01  -5.8501269e+01  -6.0785005e+01  -7.1087982e+01
   3.0711757e+01  -3.7025264e+00  -5.8513199e+01  -6.0714524e+01  -7.1104684e+01
   3.0789891e+01  -4.4456394e-01  -5.8568043e+01  -6.0676160e+01  -7.1112320e+01
   3.0868026e+01  -4.2221495e+00  -5.8441311e+01  -6.0650449e+01  -7.1130237e+01
   3.0946160e+01  -1.1912897e-02  -5.8433029e+01  -6.0368604e+01  -7.1136753e+01
   3.1024295e+01  -3.8091046e+00  -5.8356813e+01  -6.0332948e+01  -7.1148409e+01
   3.1102429e+01  -2.1636206e-01  -5.8274119e+01  -6.0207471e+01  -7.1159576e+01
   3.1180564e+01  -3.7863900e+00  -5.8535572e+01  -6.0435649e+01  -7.1162935e+01
   3.1258699e+01  -5.2730446e-01  -5.8157783e+01  -5.9979314e+01  -7.1174355e+01
   3.1336833e+01  -3.9667226e+00  -5.8258006e+01  -6.0243720e+01  -7.1182275e+01
   3.1414968e+01  -2.3061526e-01  -5.8187722e+01  -5.9887251e+01  -7.1196484e+01
   3.1493102e+01  -3.6951221e+00  -5.7994858e+01  -5.9558232e+01  -7.1200416e+01
   3.1571237e+01  -3.6415278e-01  -5.7888245e+01  -5.9584403e+01  -7.1221924e+01
   3.1649371e+01  -4.0313133e+00  -5.7650561e+01  -5.9002379e+01  -7.1231846e+01
   3.1727506e+01  -2.1314610e-01  -5.7282317e+01  -5.8608666e+01  -7.1235660e+01
   3.1805640e+01  -4.0298578e+00  -5.7558014e+01  -5.8753033e+01  -7.1241389e+01
   3.1883775e+01  -4.9387500e-01  -5.6942534e+01  -5.8006321e+01  -7.1249813e+01
   3.1961909e+01  -3.8444910e+00  -5.6973107e+01  -5.8293078e+01  -7.1256671e+01
   3.2040044e+01  -1.8761687e-01  -5.7002504e+01  -5.7664846e+01  -7.1268357e+01
   3.2118178e+01  -3.9911243e+00  -5.6072200e+01  -5.6929141e+01  -7.1280053e+01
   3.2196313e+01  -3.8468860e-02  -5.6369288e+01  -5.7280428e+01  -7.1289297e+01
   3.2274448e+01  -4.0713773e+00  -5.5861948e+01  -5.6322131e+01  -7.1297282e+01
   3.2352582e+01   0.0000000e+00  -5.5433524e+01  -5.6174128e+01  -7.1304648e+01
   3.2430717e+01  -3.5845561e+00  -5.5241187e+01  -5.5732971e+01  -7.1318426e+01
   3.2508851e+01  -4.3271797e-01  -5.5169482e+01  -5.5697567e+01  -7.1318722e+01
   3.2586986e+01  -4.1486615e+00  -5.5128958e+01  -5.5799840e+01  -7.1331717e+01
   3.2665120e+01  -4.3673078e-01  -5.5147635e+01  -5.5504358e+01  -7.1337597e+01
   3.2743255e+01  -3.8851483e+00  -5.4907464e+01  -5.5564471e+01  -7.1352554e+01
   3.2821389e+01  -3.5075533e-01  -5.4697473e+01  -5.5175387e+01  -7.1356126e+01
   3.2899524e+01  -3.9993299e+00  -5.4635777e+01  -5.5131569e+01  -7.1365014e+01
   3.2977658e+01  -6.6410057e-01  -5.4498679e+01  -5.5070515e+01  -7.1373991e+01
   3.3055793e+01  -3.8175756e+00  -5.4732133e+01  -5.5143567e+01  -7.1378940e+01
   3.3133927e+01  -5.9788497e-01  -5.4184273e+01  -5.4549875e+01  -7.1386103e+01
   3.3212062e+01  -3.7528699e+00  -5.4413593e+01  -5.5116666e+01  -7.1393305e+01
   3.3290197e+01  -3.8646633e-01  -5.3910593e+01  -5.4046138e+01  -7.1403545e+01
   3.3368331e+01  -4.0683741e+00  -5.2177567e+01  -5.2468668e+01  -7.1406943e+01
   3.3446466e+01  -4.3559727e-01  -5.3033883e+01  -5.3610156e+01  -7.1423014e+01
   3.3524600e+01  -4.2133343e+00  -5.0544036e+01  -5.0409679e+01  -7.1430825e+01
   3.3602735e+01  -3.1661739e-01  -4.8908007e+01  -4.9581504e+01  -7.1434252e+01
   3.3680869e+01  -3.5571189e+00  -5.0176704e+01  -4.9660115e+01  -7.1436769e+01
   3.3759004e+01  -4.7646044e-01  -4.5617372e+01  -4.5666667e+01  -7.1444657e+01
   3.3837138e+01  -3.8387207e+00  -4.6954807e+01  -4.7521980e+01  -7.1448695e+01
   3.3915273e+01  -4.4763338e-01  -4.4659560e+01  -4.4109586e+01  -7.1458891e+01
   3.3993407e+01  -4.0350089e+00  -4.2030908e+01  -4.2318956e+01  -7.1465489e+01
   3.4071542e+01  -7.6796694e-01  -4.3895133e+01  -4.3789542e+01  -7.1475222e+01
   3.4149676e+01  -6.5677325e+00  -3.9822342e+01  -3.9623644e+01  -7.1481287e+01
   3.4227811e+01  -1.3708190e+01  -3.9265938e+01  -3.9690572e+01  -7.1485734e+01
   3.4305946e+01  -1.9387953e+01  -3.9005278e+01  -3.8585563e+01  -7.1495245e+01
   3.4384080e+01  -1.7570961e+01  -3.5872482e+01  -3.5919018e+01  -7.1496027e+01
   3.4462215e+01  -2.1520332e+01  -3.7326033e+01  -3.7588000e+01  -7.1505205e+01
   3.4540349e+01  -2.1739622e+01  -3.4725432e+01  -3.4440917e+01  -7.1509787e+01
   3.4618484e+01  -2.1564620e+01  -3.3234039e+01  -3.3458042e+01  -7.1521069e+01
   3.4696618e+01  -2.5726508e+01  -3.4453578e+01  -3.4316931e+01  -7.1523187e+01
   3.4774753e+01  -2.3412009e+01  -3.0813476e+01  -3.0761959e+01  -7.1529429e+01
   3.4852887e+01  -2.5189114e+01  -3.1015710e+01  -3.1255188e+01  -7.1535881e+01
   3.4931022e+01  -2.6639544e+01  -3.0009480e+01  -2.9784700e+01  -7.1541479e+01
   3.5009156e+01  -2.4961953e+01  -2.7591550e+01  -2.7643668e+01  -7.1545136e+01
   3.5087291e+01  -2.6575119e+01  -2.9145552e+01  -2.9275218e+01  -7.1551252e+01
   3.5165425e+01  -2.4873664e+01  -2.6143224e+01  -2.6034474e+01  -7.1557907e+01
   3.5243560e+01  -2.3791147e+01  -2.5063375e+01  -2.5204666e+01  -7.1560834e+01
   3.5321695e+01  -2.5601205e+01  -2.6067807e+01  -2.5990668e+01  -7.1571645e+01
   3.5399829e+01  -2.1593748e+01  -2.2038520e+01  -2.2053173e+01  -7.1577030e+01
   3.5477964e+01  -2.2009656e+01  -2.2438310e+01  -2.2568655e+01  -7.1580055e+01
   3.5556098e+01  -2.1015416e+01  -2.0937569e+01  -2.0845194e+01  -7.1581183e+01
   3.5634233e+01  -1.7204403e+01  -1.7277948e+01  -1.7324858e+01  -7.1587210e+01
   3.5712367e+01  -1.9133740e+01  -1.9376465e+01  -1.9458217e+01  -7.1589379e+01
   3.5790502e+01  -1.3521584e+01  -1.3498345e+01  -1.3481950e+01  -7.1597378e+01
   3.5868636e+01  -6.8013932e+00  -6.9140854e+00  -6.9670711e+00  -7.1600308e+01
   3.5946771e+01  -5.7414836e-01  -5.7999052e-01  -5.8085768e-01  -7.1608893e+01
   3.6024905e+01  -3.8978767e+00  -4.0015799e+00  -4.0513634e+00  -7.1613099e+01
   3.6103040e+01  -6.5887844e-01  -6.5150708e-01  -6.4758793e-01  -7.1615521e+01
   3.6181174e+01  -4.1134291e+00  -4.2299924e+00  -4.2841716e+00  -7.1620783e+01
   3.6259309e+01  -4.9107942e-01  -4.8335194e-01  -4.7880798e-01  -7.1622143e+01
   3.6337444e+01  -4.0762109e+00  -4.1904275e+00  -4.2461365e+00  -7.1627714e+01
   3.6415578e+01  -8.4728117e-01  -8.4804458e-01  -8.4890542e-01  -7.1631110e+01
   3.6493713e+01  -3.6300873e+00  -3.7302799e+00  -3.7794283e+00  -7.1638389e+01
   3.6571847e+01  -5.0659246e-01  -4.9953034e-01  -4.9413513e-01  -7.1639821e+01
   3.6649982e+01  -4.0964783e+00  -4.2096424e+00  -4.2660112e+00  -7.1643691e+01
   3.6728116e+01  -5.0210706e-01  -5.0217411e-01  -5.0204022e-01  -7.1647473e+01
   3.6806251e+01  -3.7268931e+00  -3.8434599e+00  -3.9006972e+00  -7.1652422e+01
   3.6884385e+01  -4.6254648e-01  -4.5908108e-01  -4.5614502e-01  -7.1653599e+01
   3.6962520e+01  -3.8276305e+00  -3.9229281e+00  -3.9669860e+00  -7.1658083e+01
   3.7040654e+01  -4.3593275e-01  -4.3575768e-01  -4.3638095e-01  -7.1661646e+01
   3.7118789e+01  -3.4880628e+00  -3.5911815e+00  -3.6420771e+00  -7.1663756e+01
   3.7196923e+01  -5.3539220e-01  -5.3681532e-01  -5.3659789e-01  -7.1670073e+01
   3.7275058e+01  -3.6401518e+00  -3.7376994e+00  -3.7841270e+00  -7.1672763e+01
   3.7353193e+01  -4.7290265e-01  -4.7066844e-01  -4.6767731e-01  -7.1675124e+01
   3.7431327e+01  -4.0232244e+00  -4.1260830e+00  -4.1768541e+00  -7.1676040e+01
   3.7509462e+01  -5.7084615e-01  -5.7323424e-01  -5.7223017e-01  -7.1679242e+01
   3.7587596e+01  -3.9560910e+00  -4.0663807e+00  -4.1209257e+00  -7.1680182e+01
   3.7665731e+01  -1.8294571e-01  -1.8953576e-01  -1.9265959e-01  -7.1685477e+01
   3.7743865e+01  -3.5657648e+00  -3.6777873e+00  -3.7327554e+00  -7.1685938e+01
   3.7822000e+01  -5.6702119e-01  -5.6112774e-01  -5.5788150e-01  -7.1691965e+01
   3.7900134e+01  -3.8183262e+00  -3.9282236e+00  -3.9815083e+00  -7.1694144e+01
   3.7978269e+01  -2.6088150e-01  -2.6978471e-01  -2.7294721e-01  -7.1695292e+01
   3.8056403e+01  -3.7673554e+00  -3.8679615e+00  -3.9199059e+00  -7.1697052e+01
   3.8134538e+01  -7.9748322e-01  -8.0009923e-01  -8.0138520e-01  -7.1698533e+01
   3.8212672e+01  -3.7307521e+00  -3.8491934e+00  -3.9065636e+00  -7.1700987e+01
   3.8290807e+01  -7.2021808e-01  -7.2232218e-01  -7.2280111e-01  -7.1703027e+01
   3.8368942e+01  -3.8995042e+00  -4.0169783e+00  -4.0746210e+00  -7.1706350e+01
   3.8447076e+01  -6.5296089e-01  -6.6340687e-01  -6.6659195e-01  -7.1707131e+01
   3.8525211e+01  -3.9364896e+00  -4.0337466e+00  -4.0812798e+00  -7.1708961e+01
   3.8603345e+01  -5.9556454e-01  -5.9476963e-01  -5.9427935e-01  -7.1710129e+01
   3.8681480e+01  -3.8632942e+00  -3.9948670e+00  -4.0597830e+00  -7.1713186e+01
   3.8759614e+01  -1.2236099e-01  -1.2851673e-01  -1.3087731e-01  -7.1712951e+01
   3.8837749e+01  -3.9006945e+00  -4.0050689e+00  -4.0568695e+00  -7.1715229e+01
   3.8915883e+01  -1.9823718e-01  -1.9817095e-01  -1.9687623e-01  -7.1716175e+01
   3.8994018e+01  -3.4789367e+00  -3.5813079e+00  -3.6327614e+00  -7.1716892e+01
   3.9072152e+01  -1.6321119e-01  -1.7454680e-01  -1.7876812e-01  -7.1719745e+01
   3.9150287e+01  -4.0993564e+00  -4.2118349e+00  -4.2673848e+00  -7.1719627e+01
   3.9228421e+01  -2.1338480e-01  -2.2386534e-01  -2.2842595e-01  -7.1720895e+01
   3.9306556e+01  -3.8007409e+00  -3.9194346e+00  -3.9789593e+00  -7.1722022e+01
   3.9384691e+01  -2.9592865e-01  -2.9111444e-01  -2.8778891e-01  -7.1721904e+01
   3.9462825e+01  -4.1604438e+00  -4.2865899e+00  -4.3460576e+00  -7.1721896e+01
   3.9540960e+01  -3.6714285e-01  -3.6803925e-01  -3.6699619e-01  -7.1724200e+01
   3.9619094e+01  -4.1042138e+00  -4.2036458e+00  -4.2530115e+00  -7.1723080e+01
   3.9697229e+01  -6.7137180e-01  -6.7012394e-01  -6.6870778e-01  -7.1725595e+01
   3.9775363e+01  -3.9948336e+00  -4.0768651e+00  -4.1170296e+00  -7.1725370e+01
   3.9853498e+01  -4.3885660e-01  -4.4115685e-01  -4.4142965e-01  -7.1725807e+01
   3.9931632e+01  -6.4437052e+00  -6.5575470e+00  -6.6113709e+00  -7.1725237e+01
