  -4.0000000e+01  -9.9283067e+00  -9.9672969e+00  -9.9408070e+00  -9.9281251e+00
  -3.9921865e+01  -6.3948189e+00  -6.4185449e+00  -6.3495708e+00  -6.3436017e+00
  -3.9843731e+01  -8.1313903e-01  -8.1505289e-01  -8.1196792e-01  -8.1009733e-01
  -3.9765596e+01  -4.4364534e+00  -4.4685274e+00  -4.4401454e+00  -4.4376050e+00
  -3.9687462e+01  -6.2904256e-01  -6.4280071e-01  -6.4938383e-01  -6.4775805e-01
  -3.9609327e+01  -3.9801056e+00  -4.0033783e+00  -3.9552226e+00  -3.9532888e+00
  -3.9531193e+01  -5.4534287e-01  -5.3809171e-01  -5.2003628e-01  -5.1902988e-01
  -3.9453058e+01  -4.5126021e+00  -4.5248829e+00  -4.4744423e+00  -4.4719046e+00
  -3.9374924e+01  -8.2531099e-01  -8.2810976e-01  -8.2526877e-01  -8.2341853e-01
  -3.9296789e+01  -3.9388217e+00  -3.9609946e+00  -3.9174239e+00  -3.9167338e+00
  -3.9218655e+01  -7.9583425e-01  -8.0955303e-01  -8.1242364e-01  -8.1111738e-01
  -3.9140520e+01  -3.8249926e+00  -3.8509497e+00  -3.7998071e+00  -3.7968401e+00
  -3.9062386e+01  -9.1329165e-01  -9.2278965e-01  -9.2467729e-01  -9.2286910e-01
  -3.8984251e+01  -3.7322820e+00  -3.7445356e+00  -3.6986289e+00  -3.6954258e+00
  -3.8906116e+01  -5.3687564e-01  -5.4401013e-01  -5.3866244e-01  -5.3818182e-01
  -3.8827982e+01  -4.4068506e+00  -4.4148764e+00  -4.3677002e+00  -4.3642651e+00
  -3.8749847e+01  -9.3582163e-01  -9.4753830e-01  -9.5559148e-01  -9.5480386e-01
  -3.8671713e+01  -4.4307820e+00  -4.4410531e+00  -4.3762467e+00  -4.3728717e+00
  -3.8593578e+01  -7.9899672e-01  -8.0364258e-01  -7.9111128e-01  -7.8917262e-01
  -3.8515444e+01  -4.1771348e+00  -4.2004964e+00  -4.1628976e+00  -4.1607336e+00
  -3.8437309e+01  -5.0315458e-01  -5.0953831e-01  -5.0508478e-01  -5.0537671e-01
  -3.8359175e+01  -3.9192115e+00  -3.9319505e+00  -3.8842350e+00  -3.8828820e+00
  -3.8281040e+01  -7.6199875e-01  -7.6791496e-01  -7.6066369e-01  -7.5887561e-01
  -3.8202906e+01  -4.2488584e+00  -4.2870406e+00  -4.2549521e+00  -4.2526325e+00
  -3.8124771e+01  -4.0131190e-01  -4.1125278e-01  -4.0960136e-01  -4.0913167e-01
  -3.8046637e+01  -4.1082814e+00  -4.1472181e+00  -4.1209358e+00  -4.1189928e+00
  -3.7968502e+01  -4.1065600e-01  -4.0857200e-01  -3.9516948e-01  -3.9318618e-01
  -3.7890367e+01  -4.5602408e+00  -4.5634567e+00  -4.4862995e+00  -4.4831084e+00
  -3.7812233e+01  -5.7590458e-01  -5.8508484e-01  -5.8676354e-01  -5.8484174e-01
  -3.7734098e+01  -4.0254250e+00  -4.0747039e+00  -4.0622105e+00  -4.0592185e+00
  -3.7655964e+01  -5.7088107e-01  -5.6412720e-01  -5.4913178e-01  -5.4860587e-01
  -3.7577829e+01  -3.8981838e+00  -3.9281848e+00  -3.8897543e+00  -3.8870237e+00
  -3.7499695e+01  -5.5298206e-01  -5.8562250e-01  -6.1200722e-01  -6.1298582e-01
  -3.7421560e+01  -4.2484132e+00  -4.2767926e+00  -4.2409521e+00  -4.2393356e+00
  -3.7343426e+01  -2.7388713e-01  -2.9349857e-01  -3.0868606e-01  -3.0712210e-01
  -3.7265291e+01  -4.1894669e+00  -4.1974093e+00  -4.1460358e+00  -4.1417310e+00
  -3.7187157e+01  -7.6264300e-01  -7.6514848e-01  -7.5690665e-01  -7.5481226e-01
  -3.7109022e+01  -4.2699751e+00  -4.2783236e+00  -4.2277191e+00  -4.2243686e+00
  -3.7030888e+01  -1.0402693e+00  -1.0393745e+00  -1.0330671e+00  -1.0315945e+00
  -3.6952753e+01  -4.1526644e+00  -4.1721755e+00  -4.1176199e+00  -4.1130375e+00
  -3.6874618e+01  -5.3186970e-01  -5.5782666e-01  -5.7289996e-01  -5.7124319e-01
  -3.6796484e+01  -3.9075801e+00  -3.9457543e+00  -3.9288103e+00  -3.9265970e+00
  -3.6718349e+01  -4.6614658e-01  -4.8714903e-01  -5.0379657e-01  -5.0418711e-01
  -3.6640215e+01  -4.1471654e+00  -4.1478232e+00  -4.0734385e+00  -4.0712084e+00
  -3.6562080e+01  -5.4711922e-01  -5.5410374e-01  -5.5184003e-01  -5.4915595e-01
  -3.6483946e+01  -3.9443856e+00  -3.9605049e+00  -3.9163194e+00  -3.9122344e+00
  -3.6405811e+01  -9.4226044e-02  -1.1233162e-01  -1.2097746e-01  -1.1990776e-01
  -3.6327677e+01  -4.3882787e+00  -4.3895484e+00  -4.3228163e+00  -4.3202919e+00
  -3.6249542e+01  -7.9794919e-01  -8.0358403e-01  -7.9642141e-01  -7.9468520e-01
  -3.6171408e+01  -4.2175531e+00  -4.2064183e+00  -4.1269564e+00  -4.1220580e+00
  -3.6093273e+01  -5.8334511e-01  -5.8896596e-01  -5.8113788e-01  -5.8008064e-01
  -3.6015139e+01  -4.1241760e+00  -4.1373665e+00  -4.0869122e+00  -4.0881645e+00
  -3.5937004e+01  -6.0003769e-01  -6.0266292e-01  -5.9401293e-01  -5.9265663e-01
  -3.5858869e+01  -7.2688692e+00  -7.3180256e+00  -7.2802162e+00  -7.2738446e+00
  -3.5780735e+01  -1.3437101e+01  -1.3524237e+01  -1.3513773e+01  -1.3489049e+01
  -3.5702600e+01  -1.8233693e+01  -1.8510038e+01  -1.8406987e+01  -1.8322219e+01
  -3.5624466e+01  -1.6668258e+01  -1.6834533e+01  -1.6738513e+01  -1.6684356e+01
  -3.5546331e+01  -1.9412195e+01  -1.9762882e+01  -1.9733431e+01  -1.9666183e+01
  -3.5468197e+01  -2.1000588e+01  -2.1487370e+01  -2.1202716e+01  -2.1090132e+01
  -3.5390062e+01  -2.0177298e+01  -2.0527969e+01  -2.0324556e+01  -2.0207517e+01
  -3.5311928e+01  -2.2280926e+01  -2.2936352e+01  -2.2786733e+01  -2.2615015e+01
  -3.5233793e+01  -2.1825429e+01  -2.2514651e+01  -2.2195635e+01  -2.2017353e+01
  -3.5155659e+01  -2.2641412e+01  -2.3345853e+01  -2.3152839e+01  -2.2957016e+01
  -3.5077524e+01  -2.3651634e+01  -2.4664638e+01  -2.4405201e+01  -2.4124700e+01
  -3.4999390e+01  -2.3187415e+01  -2.4002388e+01  -2.3700500e+01  -2.3475726e+01
  -3.4921255e+01  -2.4034381e+01  -2.5008941e+01  -2.4791417e+01  -2.4565797e+01
  -3.4843120e+01  -2.5081034e+01  -2.6331134e+01  -2.5767356e+01  -2.5464095e+01
  -3.4764986e+01  -2.4475439e+01  -2.5522086e+01  -2.5074477e+01  -2.4773448e+01
  -3.4686851e+01  -2.5377150e+01  -2.6738356e+01  -2.6391418e+01  -2.6033341e+01
  -3.4608717e+01  -2.5143896e+01  -2.6561614e+01  -2.5965978e+01  -2.5583636e+01
  -3.4530582e+01  -2.5726486e+01  -2.7175652e+01  -2.6776196e+01  -2.6370093e+01
  -3.4452448e+01  -2.6122550e+01  -2.7929252e+01  -2.7461188e+01  -2.6960857e+01
  -3.4374313e+01  -2.5940613e+01  -2.7519788e+01  -2.7001271e+01  -2.6574677e+01
  -3.4296179e+01  -2.6456739e+01  -2.8158752e+01  -2.7738533e+01  -2.7319186e+01
  -3.4218044e+01  -2.7245837e+01  -2.9300864e+01  -2.8460117e+01  -2.7938121e+01
  -3.4139910e+01  -2.6771013e+01  -2.8621039e+01  -2.7927355e+01  -2.7412012e+01
  -3.4061775e+01  -2.7320031e+01  -2.9476063e+01  -2.8915469e+01  -2.8339581e+01
  -3.3983641e+01  -2.7138097e+01  -2.9358272e+01  -2.8493666e+01  -2.7879782e+01
  -3.3905506e+01  -2.7640857e+01  -2.9910858e+01  -2.9301430e+01  -2.8653375e+01
  -3.3827372e+01  -2.7790441e+01  -3.0458889e+01  -2.9774013e+01  -2.9023678e+01
  -3.3749237e+01  -2.7728844e+01  -3.0148861e+01  -2.9410653e+01  -2.8751496e+01
  -3.3671102e+01  -2.8127492e+01  -3.0638623e+01  -3.0010907e+01  -2.9364173e+01
  -3.3592968e+01  -2.8761200e+01  -3.1670609e+01  -3.0565070e+01  -2.9793587e+01
  -3.3514833e+01  -2.8357206e+01  -3.1084749e+01  -3.0152472e+01  -2.9391437e+01
  -3.3436699e+01  -2.8750641e+01  -3.1772851e+01  -3.0998340e+01  -3.0171709e+01
  -3.3358564e+01  -2.8586674e+01  -3.1672701e+01  -3.0556673e+01  -2.9679461e+01
  -3.3280430e+01  -2.9042538e+01  -3.2190840e+01  -3.1385796e+01  -3.0462921e+01
  -3.3202295e+01  -2.9060107e+01  -3.2641733e+01  -3.1758348e+01  -3.0725319e+01
  -3.3124161e+01  -2.9064261e+01  -3.2382430e+01  -3.1440064e+01  -3.0515168e+01
  -3.3046026e+01  -2.9408772e+01  -3.2790628e+01  -3.1968996e+01  -3.1059501e+01
  -3.2967892e+01  -2.9935525e+01  -3.3733847e+01  -3.2398297e+01  -3.1344004e+01
  -3.2889757e+01  -2.9574530e+01  -3.3229117e+01  -3.2087378e+01  -3.1046417e+01
  -3.2811623e+01  -2.9885522e+01  -3.3822278e+01  -3.2858312e+01  -3.1745771e+01
  -3.2733488e+01  -2.9729124e+01  -3.3722552e+01  -3.2395816e+01  -3.1219899e+01
  -3.2655353e+01  -3.0151457e+01  -3.4211526e+01  -3.3252387e+01  -3.2019379e+01
  -3.2577219e+01  -3.0086696e+01  -3.4604125e+01  -3.3574568e+01  -3.2223440e+01
  -3.2499084e+01  -3.0131707e+01  -3.4378570e+01  -3.3277216e+01  -3.2050429e+01
  -3.2420950e+01  -3.0447650e+01  -3.4734437e+01  -3.3761746e+01  -3.2551307e+01
  -3.2342815e+01  -3.0894828e+01  -3.5588214e+01  -3.4091508e+01  -3.2718041e+01
  -3.2264681e+01  -3.0562110e+01  -3.5160158e+01  -3.3872930e+01  -3.2514333e+01
  -3.2186546e+01  -3.0824659e+01  -3.5690178e+01  -3.4598306e+01  -3.3161904e+01
  -3.2108412e+01  -3.0671751e+01  -3.5579863e+01  -3.4120037e+01  -3.2606386e+01
  -3.2030277e+01  -3.1067879e+01  -3.6037928e+01  -3.5005464e+01  -3.3423999e+01
  -3.1952143e+01  -3.0946661e+01  -3.6379698e+01  -3.5303241e+01  -3.3595599e+01
  -3.1874008e+01  -3.1019101e+01  -3.6186147e+01  -3.5013998e+01  -3.3445686e+01
  -3.1795874e+01  -3.1318709e+01  -3.6505620e+01  -3.5467336e+01  -3.3914171e+01
  -3.1717739e+01  -3.1703553e+01  -3.7257301e+01  -3.5714586e+01  -3.3982005e+01
  -3.1639604e+01  -3.1390487e+01  -3.6902509e+01  -3.5583274e+01  -3.3865279e+01
  -3.1561470e+01  -3.1622688e+01  -3.7383246e+01  -3.6276675e+01  -3.4475119e+01
  -3.1483335e+01  -3.1471432e+01  -3.7253882e+01  -3.5789839e+01  -3.3895437e+01
  -3.1405201e+01  -3.1846040e+01  -3.7676776e+01  -3.6703758e+01  -3.4731986e+01
  -3.1327066e+01  -3.1683499e+01  -3.7956423e+01  -3.6991836e+01  -3.4885906e+01
  -3.1248932e+01  -3.1775321e+01  -3.7802254e+01  -3.6703998e+01  -3.4750487e+01
  -3.1170797e+01  -3.2065125e+01  -3.8095987e+01  -3.7133749e+01  -3.5191684e+01
  -3.1092663e+01  -3.2399297e+01  -3.8728819e+01  -3.7310882e+01  -3.5175081e+01
  -3.1014528e+01  -3.2100438e+01  -3.8439929e+01  -3.7263992e+01  -3.5140131e+01
  -3.0936394e+01  -3.2312837e+01  -3.8875625e+01  -3.7931106e+01  -3.5719157e+01
  -3.0858259e+01  -3.2162329e+01  -3.8721663e+01  -3.7443871e+01  -3.5121247e+01
  -3.0780125e+01  -3.2518683e+01  -3.9105828e+01  -3.8385083e+01  -3.5977044e+01
  -3.0701990e+01  -3.2324418e+01  -3.9302208e+01  -3.8671791e+01  -3.6122029e+01
  -3.0623855e+01  -3.2430435e+01  -3.9198738e+01  -3.8382745e+01  -3.5995682e+01
  -3.0545721e+01  -3.2714201e+01  -3.9474916e+01  -3.8794218e+01  -3.6411817e+01
  -3.0467586e+01  -3.3005999e+01  -3.9977420e+01  -3.8910702e+01  -3.6322737e+01
  -3.0389452e+01  -3.2717718e+01  -3.9740236e+01  -3.8946693e+01  -3.6365037e+01
  -3.0311317e+01  -3.2916878e+01  -4.0130446e+01  -3.9588643e+01  -3.6916430e+01
  -3.0233183e+01  -3.2766645e+01  -3.9951020e+01  -3.9109678e+01  -3.6306355e+01
  -3.0155048e+01  -3.3107149e+01  -4.0296602e+01  -4.0076581e+01  -3.7181528e+01
  -3.0076914e+01  -3.2887619e+01  -4.0389733e+01  -4.0366050e+01  -3.7322652e+01
  -2.9998779e+01  -3.3004306e+01  -4.0345761e+01  -4.0076420e+01  -3.7202042e+01
  -2.9920645e+01  -3.3284337e+01  -4.0610688e+01  -4.0474256e+01  -3.7593830e+01
  -2.9842510e+01  -3.3539888e+01  -4.0985606e+01  -4.0537486e+01  -3.7442790e+01
  -2.9764376e+01  -3.3259660e+01  -4.0780030e+01  -4.0655664e+01  -3.7557949e+01
  -2.9686241e+01  -3.3449877e+01  -4.1123971e+01  -4.1270573e+01  -3.8082808e+01
  -2.9608106e+01  -3.3299657e+01  -4.0923901e+01  -4.0808787e+01  -3.7466659e+01
  -2.9529972e+01  -3.3626147e+01  -4.1236262e+01  -4.1799669e+01  -3.8361277e+01
  -2.9451837e+01  -3.3385904e+01  -4.1218212e+01  -4.2092865e+01  -3.8501195e+01
  -2.9373703e+01  -3.3510760e+01  -4.1234403e+01  -4.1806166e+01  -3.8384472e+01
  -2.9295568e+01  -3.3788529e+01  -4.1492218e+01  -4.2195317e+01  -3.8751779e+01
  -2.9217434e+01  -3.4012493e+01  -4.1759480e+01  -4.2211013e+01  -3.8548503e+01
  -2.9139299e+01  -3.3738503e+01  -4.1564501e+01  -4.2411311e+01  -3.8731937e+01
  -2.9061165e+01  -3.3922698e+01  -4.1864364e+01  -4.2995096e+01  -3.9230174e+01
  -2.8983030e+01  -3.3772343e+01  -4.1652659e+01  -4.2559391e+01  -3.8614066e+01
  -2.8904896e+01  -3.4086257e+01  -4.1941091e+01  -4.3572734e+01  -3.9528181e+01
  -2.8826761e+01  -3.3828624e+01  -4.1820454e+01  -4.3867954e+01  -3.9667864e+01
  -2.8748627e+01  -3.3959819e+01  -4.1888144e+01  -4.3590464e+01  -3.9554305e+01
  -2.8670492e+01  -3.4236303e+01  -4.2140775e+01  -4.3976907e+01  -3.9896469e+01
  -2.8592357e+01  -3.4432304e+01  -4.2331564e+01  -4.3949266e+01  -3.9650327e+01
  -2.8514223e+01  -3.4163206e+01  -4.2131124e+01  -4.4232130e+01  -3.9897053e+01
  -2.8436088e+01  -3.4343438e+01  -4.2392972e+01  -4.4778930e+01  -4.0367926e+01
  -2.8357954e+01  -3.4192859e+01  -4.2179384e+01  -4.4377877e+01  -3.9758031e+01
  -2.8279819e+01  -3.4495347e+01  -4.2453808e+01  -4.5412696e+01  -4.0691658e+01
  -2.8201685e+01  -3.4222820e+01  -4.2251454e+01  -4.5705830e+01  -4.0830881e+01
  -2.8123550e+01  -3.4358972e+01  -4.2356299e+01  -4.5446515e+01  -4.0720654e+01
  -2.8045416e+01  -3.4634842e+01  -4.2604143e+01  -4.5837873e+01  -4.1036638e+01
  -2.7967281e+01  -3.4805750e+01  -4.2750371e+01  -4.5769567e+01  -4.0756971e+01
  -2.7889147e+01  -3.4540523e+01  -4.2536216e+01  -4.6135878e+01  -4.1061470e+01
  -2.7811012e+01  -3.4718282e+01  -4.2768618e+01  -4.6638292e+01  -4.1503918e+01
  -2.7732878e+01  -3.4567424e+01  -4.2560592e+01  -4.6279660e+01  -4.0906538e+01
  -2.7654743e+01  -3.4859418e+01  -4.2828627e+01  -4.7335898e+01  -4.1859579e+01
  -2.7576608e+01  -3.4573916e+01  -4.2569392e+01  -4.7620642e+01  -4.1997283e+01
  -2.7498474e+01  -3.4713959e+01  -4.2696453e+01  -4.7390981e+01  -4.1891287e+01
  -2.7420339e+01  -3.4989689e+01  -4.2939403e+01  -4.7797071e+01  -4.2179716e+01
  -2.7342205e+01  -3.5137807e+01  -4.3065662e+01  -4.7689205e+01  -4.1876120e+01
  -2.7264070e+01  -3.4875661e+01  -4.2836451e+01  -4.8140123e+01  -4.2232224e+01
  -2.7185936e+01  -3.5052051e+01  -4.3048482e+01  -4.8589362e+01  -4.2645105e+01
  -2.7107801e+01  -3.4900879e+01  -4.2849968e+01  -4.8279408e+01  -4.2066780e+01
  -2.7029667e+01  -3.5183143e+01  -4.3115802e+01  -4.9358294e+01  -4.3038874e+01
  -2.6951532e+01  -3.4886170e+01  -4.2821837e+01  -4.9626530e+01  -4.3173470e+01
  -2.6873398e+01  -3.5029264e+01  -4.2959006e+01  -4.9440004e+01  -4.3073232e+01
  -2.6795263e+01  -3.5305195e+01  -4.3197261e+01  -4.9873202e+01  -4.3332344e+01
  -2.6717129e+01  -3.5432394e+01  -4.3318138e+01  -4.9725375e+01  -4.3014944e+01
  -2.6638994e+01  -3.5172705e+01  -4.3076751e+01  -5.0261899e+01  -4.3415752e+01
  -2.6560859e+01  -3.5348566e+01  -4.3276599e+01  -5.0647938e+01  -4.3798001e+01
  -2.6482725e+01  -3.5197055e+01  -4.3088414e+01  -5.0390339e+01  -4.3245667e+01
  -2.6404590e+01  -3.5470220e+01  -4.3353200e+01  -5.1494409e+01  -4.4235938e+01
  -2.6326456e+01  -3.5162974e+01  -4.3040970e+01  -5.1737090e+01  -4.4365592e+01
  -2.6248321e+01  -3.5308439e+01  -4.3180128e+01  -5.1607920e+01  -4.4273209e+01
  -2.6170187e+01  -3.5584826e+01  -4.3414542e+01  -5.2082860e+01  -4.4500714e+01
  -2.6092052e+01  -3.5692638e+01  -4.3535849e+01  -5.1893718e+01  -4.4180485e+01
  -2.6013918e+01  -3.5434905e+01  -4.3286805e+01  -5.2515437e+01  -4.4618262e+01
  -2.5935783e+01  -3.5610890e+01  -4.3481182e+01  -5.2827293e+01  -4.4968996e+01
  -2.5857649e+01  -3.5459020e+01  -4.3301976e+01  -5.2621617e+01  -4.4450217e+01
  -2.5779514e+01  -3.5723609e+01  -4.3564846e+01  -5.3753473e+01  -4.5456858e+01
  -2.5701380e+01  -3.5407055e+01  -4.3244836e+01  -5.3962665e+01  -4.5579780e+01
  -2.5623245e+01  -3.5554334e+01  -4.3381579e+01  -5.3902948e+01  -4.5497915e+01
  -2.5545110e+01  -3.5831372e+01  -4.3613646e+01  -5.4434187e+01  -4.5690724e+01
  -2.5466976e+01  -3.5921057e+01  -4.3735103e+01  -5.4203329e+01  -4.5379911e+01
  -2.5388841e+01  -3.5664870e+01  -4.3482836e+01  -5.4905096e+01  -4.5845930e+01
  -2.5310707e+01  -3.5841497e+01  -4.3676869e+01  -5.5131636e+01  -4.6164504e+01
  -2.5232572e+01  -3.5689251e+01  -4.3504070e+01  -5.4971339e+01  -4.5687806e+01
  -2.5154438e+01  -3.5945699e+01  -4.3763165e+01  -5.6128711e+01  -4.6707395e+01
  -2.5076303e+01  -3.5620624e+01  -4.3440863e+01  -5.6302023e+01  -4.6822148e+01
  -2.4998169e+01  -3.5769249e+01  -4.3573640e+01  -5.6315658e+01  -4.6754100e+01
  -2.4920034e+01  -3.6047092e+01  -4.3805273e+01  -5.6909689e+01  -4.6907848e+01
  -2.4841900e+01  -3.6119690e+01  -4.3923165e+01  -5.6642898e+01  -4.6620566e+01
  -2.4763765e+01  -3.5864708e+01  -4.3671134e+01  -5.7406506e+01  -4.7104798e+01
  -2.4685631e+01  -3.6042400e+01  -4.3868422e+01  -5.7538964e+01  -4.7390809e+01
  -2.4607496e+01  -3.5889761e+01  -4.3698999e+01  -5.7409683e+01  -4.6966165e+01
  -2.4529361e+01  -3.6138429e+01  -4.3952271e+01  -5.8571232e+01  -4.7992505e+01
  -2.4451227e+01  -3.5805478e+01  -4.3629509e+01  -5.8720348e+01  -4.8098364e+01
  -2.4373092e+01  -3.5955051e+01  -4.3758640e+01  -5.8791430e+01  -4.8048197e+01
  -2.4294958e+01  -3.6233824e+01  -4.3991844e+01  -5.9425743e+01  -4.8156433e+01
  -2.4216823e+01  -3.6290191e+01  -4.4101136e+01  -5.9146452e+01  -4.7909540e+01
  -2.4138689e+01  -3.6036128e+01  -4.3851512e+01  -5.9922822e+01  -4.8400028e+01
  -2.4060554e+01  -3.6215236e+01  -4.4054230e+01  -5.9961876e+01  -4.8653261e+01
  -2.3982420e+01  -3.6062186e+01  -4.3885250e+01  -5.9843521e+01  -4.8292778e+01
  -2.3904285e+01  -3.6303372e+01  -4.4131008e+01  -6.0938163e+01  -4.9314898e+01
  -2.3826151e+01  -3.5963076e+01  -4.3807280e+01  -6.1099956e+01  -4.9412257e+01
  -2.3748016e+01  -3.6113249e+01  -4.3934022e+01  -6.1177394e+01  -4.9384963e+01
  -2.3669882e+01  -3.6393058e+01  -4.4170545e+01  -6.1763132e+01  -4.9437809e+01
  -2.3591747e+01  -3.6433899e+01  -4.4266391e+01  -6.1526877e+01  -4.9252149e+01
  -2.3513613e+01  -3.6180507e+01  -4.4020103e+01  -6.2213491e+01  -4.9733686e+01
  -2.3435478e+01  -3.6361333e+01  -4.4229135e+01  -6.2183720e+01  -4.9954048e+01
  -2.3357343e+01  -3.6207853e+01  -4.4058177e+01  -6.2065210e+01  -4.9672851e+01
  -2.3279209e+01  -3.6441799e+01  -4.4295385e+01  -6.2940361e+01  -5.0671501e+01
  -2.3201074e+01  -3.6094599e+01  -4.3968994e+01  -6.3170698e+01  -5.0762370e+01
  -2.3122940e+01  -3.6245062e+01  -4.4094737e+01  -6.3174629e+01  -5.0763876e+01
  -2.3044805e+01  -3.6526000e+01  -4.4335756e+01  -6.3549950e+01  -5.0745904e+01
  -2.2966671e+01  -3.6551885e+01  -4.4414438e+01  -6.3427026e+01  -5.0647830e+01
  -2.2888536e+01  -3.6298950e+01  -4.4171440e+01  -6.3893081e+01  -5.1099317e+01
  -2.2810402e+01  -3.6481760e+01  -4.4386583e+01  -6.3850600e+01  -5.1286860e+01
  -2.2732267e+01  -3.6327826e+01  -4.4212012e+01  -6.3758534e+01  -5.1103937e+01
  -2.2654133e+01  -3.6554728e+01  -4.4440350e+01  -6.4237287e+01  -5.2045618e+01
  -2.2575998e+01  -3.6200986e+01  -4.4109327e+01  -6.4549643e+01  -5.2134128e+01
  -2.2497864e+01  -3.6351459e+01  -4.4234970e+01  -6.4448894e+01  -5.2170570e+01
  -2.2419729e+01  -3.6633612e+01  -4.4480894e+01  -6.4508870e+01  -5.2057968e+01
  -2.2341594e+01  -3.6644995e+01  -4.4540245e+01  -6.4499057e+01  -5.2080235e+01
  -2.2263460e+01  -3.6392326e+01  -4.4299881e+01  -6.4711842e+01  -5.2469835e+01
  -2.2185325e+01  -3.6577360e+01  -4.4520162e+01  -6.4708221e+01  -5.2625246e+01
  -2.2107191e+01  -3.6422947e+01  -4.4341249e+01  -6.4702103e+01  -5.2563071e+01
  -2.2029056e+01  -3.6642957e+01  -4.4560970e+01  -6.4758780e+01  -5.3391180e+01
  -2.1950922e+01  -3.6282971e+01  -4.4223710e+01  -6.5069658e+01  -5.3483735e+01
  -2.1872787e+01  -3.6433193e+01  -4.4349307e+01  -6.4952603e+01  -5.3558464e+01
  -2.1794653e+01  -3.6716643e+01  -4.4599743e+01  -6.4783308e+01  -5.3317155e+01
  -2.1716518e+01  -3.6713877e+01  -4.4639110e+01  -6.4787420e+01  -5.3495690e+01
  -2.1638384e+01  -3.6461301e+01  -4.4400478e+01  -6.4856644e+01  -5.3773867e+01
  -2.1560249e+01  -3.6648783e+01  -4.4624580e+01  -6.4897952e+01  -5.3900254e+01
  -2.1482115e+01  -3.6493861e+01  -4.4441456e+01  -6.5007286e+01  -5.3979493e+01
  -2.1403980e+01  -3.6707091e+01  -4.4653090e+01  -6.4795655e+01  -5.4606902e+01
  -2.1325845e+01  -3.6341105e+01  -4.4308663e+01  -6.4997112e+01  -5.4710766e+01
  -2.1247711e+01  -3.6490826e+01  -4.4433380e+01  -6.4984390e+01  -5.4816324e+01
  -2.1169576e+01  -3.6775655e+01  -4.4687311e+01  -6.4757716e+01  -5.4407670e+01
  -2.1091442e+01  -3.6758998e+01  -4.4707156e+01  -6.4674400e+01  -5.4765449e+01
  -2.1013307e+01  -3.6506354e+01  -4.4469392e+01  -6.4720406e+01  -5.4862322e+01
  -2.0935173e+01  -3.6696501e+01  -4.4696117e+01  -6.4790077e+01  -5.4969355e+01
  -2.0857038e+01  -3.6541033e+01  -4.4509577e+01  -6.4991312e+01  -5.5191250e+01
  -2.0778904e+01  -3.6747559e+01  -4.4713586e+01  -6.4688013e+01  -5.5514427e+01
  -2.0700769e+01  -3.6375768e+01  -4.4361743e+01  -6.4726853e+01  -5.5632565e+01
  -2.0622635e+01  -3.6524747e+01  -4.4484126e+01  -6.4875091e+01  -5.5737559e+01
  -2.0544500e+01  -3.6811037e+01  -4.4740247e+01  -6.4712103e+01  -5.5144463e+01
  -2.0466366e+01  -3.6780661e+01  -4.4741576e+01  -6.4495998e+01  -5.5654566e+01
  -2.0388231e+01  -3.6527799e+01  -4.4503995e+01  -6.4574886e+01  -5.5502895e+01
  -2.0310096e+01  -3.6720824e+01  -4.4732667e+01  -6.4664834e+01  -5.5611285e+01
  -2.0231962e+01  -3.6564768e+01  -4.4543875e+01  -6.4912362e+01  -5.5928182e+01
  -2.0153827e+01  -3.6764630e+01  -4.4740370e+01  -6.4629601e+01  -5.5895620e+01
  -2.0075693e+01  -3.6387185e+01  -4.4381301e+01  -6.4508625e+01  -5.6018945e+01
  -1.9997558e+01  -3.6535181e+01  -4.4499781e+01  -6.4811982e+01  -5.6065978e+01
  -1.9919424e+01  -3.6823022e+01  -4.4756921e+01  -6.4756759e+01  -5.5334170e+01
  -1.9841289e+01  -3.6779013e+01  -4.4740742e+01  -6.4418657e+01  -5.5892321e+01
  -1.9763155e+01  -3.6525788e+01  -4.4502827e+01  -6.4529685e+01  -5.5486905e+01
  -1.9685020e+01  -3.6721906e+01  -4.4733535e+01  -6.4645996e+01  -5.5623721e+01
  -1.9606886e+01  -3.6565214e+01  -4.4543705e+01  -6.4896049e+01  -5.5938950e+01
  -1.9528751e+01  -3.6758419e+01  -4.4732317e+01  -6.4677891e+01  -5.5633250e+01
  -1.9450617e+01  -3.6375431e+01  -4.4366315e+01  -6.4443448e+01  -5.5741428e+01
  -1.9372482e+01  -3.6522199e+01  -4.4479784e+01  -6.4855986e+01  -5.5679827e+01
  -1.9294347e+01  -3.6811686e+01  -4.4737290e+01  -6.4881614e+01  -5.4914380e+01
  -1.9216213e+01  -3.6754049e+01  -4.4704280e+01  -6.4490372e+01  -5.5391212e+01
  -1.9138078e+01  -3.6500319e+01  -4.4465582e+01  -6.4581091e+01  -5.4811645e+01
  -1.9059944e+01  -3.6699755e+01  -4.4699178e+01  -6.4741860e+01  -5.4994336e+01
  -1.8981809e+01  -3.6542367e+01  -4.4509304e+01  -6.4959012e+01  -5.5227984e+01
  -1.8903675e+01  -3.6728888e+01  -4.4689270e+01  -6.4782241e+01  -5.4819840e+01
  -1.8825540e+01  -3.6340434e+01  -4.4316422e+01  -6.4531046e+01  -5.4895273e+01
  -1.8747406e+01  -3.6485719e+01  -4.4424729e+01  -6.4967633e+01  -5.4716255e+01
  -1.8669271e+01  -3.6776956e+01  -4.4682696e+01  -6.4969930e+01  -5.4012079e+01
  -1.8591137e+01  -3.6705616e+01  -4.4633179e+01  -6.4666993e+01  -5.4341049e+01
  -1.8513002e+01  -3.6451237e+01  -4.4393194e+01  -6.4612261e+01  -5.3683943e+01
  -1.8434868e+01  -3.6654228e+01  -4.4631041e+01  -6.4848333e+01  -5.3913799e+01
  -1.8356733e+01  -3.6496074e+01  -4.4441739e+01  -6.5004563e+01  -5.4050399e+01
  -1.8278598e+01  -3.6675852e+01  -4.4612169e+01  -6.4763943e+01  -5.3669686e+01
  -1.8200464e+01  -3.6281969e+01  -4.4232219e+01  -6.4658234e+01  -5.3706296e+01
  -1.8122329e+01  -3.6425500e+01  -4.4336406e+01  -6.4975957e+01  -5.3432807e+01
  -1.8044195e+01  -3.6718605e+01  -4.4595677e+01  -6.4778759e+01  -5.2831993e+01
  -1.7966060e+01  -3.6633401e+01  -4.4529889e+01  -6.4765731e+01  -5.3017056e+01
  -1.7887926e+01  -3.6378228e+01  -4.4288010e+01  -6.4351538e+01  -5.2338964e+01
  -1.7809791e+01  -3.6585027e+01  -4.4531537e+01  -6.4705350e+01  -5.2609508e+01
  -1.7731657e+01  -3.6426026e+01  -4.4343014e+01  -6.4779233e+01  -5.2673817e+01
  -1.7653522e+01  -3.6598964e+01  -4.4503267e+01  -6.4304715e+01  -5.2370064e+01
  -1.7575388e+01  -3.6199658e+01  -4.4115695e+01  -6.4531609e+01  -5.2369718e+01
  -1.7497253e+01  -3.6341141e+01  -4.4217884e+01  -6.4539029e+01  -5.2029944e+01
  -1.7419119e+01  -3.6636249e+01  -4.4479828e+01  -6.3996317e+01  -5.1536183e+01
  -1.7340984e+01  -3.6536929e+01  -4.4398322e+01  -6.4399234e+01  -5.1609365e+01
  -1.7262849e+01  -3.6280809e+01  -4.4153924e+01  -6.3431561e+01  -5.0929483e+01
  -1.7184715e+01  -3.6491695e+01  -4.4404100e+01  -6.3933367e+01  -5.1234236e+01
  -1.7106580e+01  -3.6331747e+01  -4.4216229e+01  -6.3916995e+01  -5.1256725e+01
  -1.7028446e+01  -3.6497713e+01  -4.4366274e+01  -6.3113067e+01  -5.1031073e+01
  -1.6950311e+01  -3.6092953e+01  -4.3970584e+01  -6.3709959e+01  -5.0997885e+01
  -1.6872177e+01  -3.6232066e+01  -4.4073500e+01  -6.3303477e+01  -5.0613633e+01
  -1.6794042e+01  -3.6529330e+01  -4.4339612e+01  -6.2480675e+01  -5.0216389e+01
  -1.6715908e+01  -3.6415548e+01  -4.4243620e+01  -6.3151600e+01  -5.0209785e+01
  -1.6637773e+01  -3.6158318e+01  -4.3996293e+01  -6.1703299e+01  -4.9529436e+01
  -1.6559639e+01  -3.6373599e+01  -4.4253158e+01  -6.2335196e+01  -4.9864066e+01
  -1.6481504e+01  -3.6212584e+01  -4.4065609e+01  -6.2242426e+01  -4.9867643e+01
  -1.6403370e+01  -3.6371407e+01  -4.4206248e+01  -6.1221056e+01  -4.9703988e+01
  -1.6325235e+01  -3.5961125e+01  -4.3802373e+01  -6.1983075e+01  -4.9641491e+01
  -1.6247100e+01  -3.6097506e+01  -4.3908589e+01  -6.1280596e+01  -4.9227665e+01
  -1.6168966e+01  -3.6397104e+01  -4.4180032e+01  -6.0412203e+01  -4.8914649e+01
  -1.6090831e+01  -3.6268406e+01  -4.4071585e+01  -6.1048128e+01  -4.8852426e+01
  -1.6012697e+01  -3.6009889e+01  -4.3821475e+01  -5.9416110e+01  -4.8167322e+01
  -1.5934562e+01  -3.6229910e+01  -4.4083846e+01  -6.0129609e+01  -4.8529258e+01
  -1.5856428e+01  -3.6067682e+01  -4.3896206e+01  -5.9984508e+01  -4.8528278e+01
  -1.5778293e+01  -3.6219149e+01  -4.4029073e+01  -5.8940254e+01  -4.8408015e+01
  -1.5700159e+01  -3.5803238e+01  -4.3617778e+01  -5.9637504e+01  -4.8318426e+01
  -1.5622024e+01  -3.5936474e+01  -4.3728808e+01  -5.8831647e+01  -4.7885237e+01
  -1.5543890e+01  -3.6238616e+01  -4.4006010e+01  -5.8095425e+01  -4.7646305e+01
  -1.5465755e+01  -3.6094425e+01  -4.3887684e+01  -5.8519096e+01  -4.7544933e+01
  -1.5387621e+01  -3.5834429e+01  -4.3635864e+01  -5.6928465e+01  -4.6850244e+01
  -1.5309486e+01  -3.6059579e+01  -4.3901299e+01  -5.7685822e+01  -4.7237916e+01
  -1.5231351e+01  -3.5895959e+01  -4.3713124e+01  -5.7507065e+01  -4.7240291e+01
  -1.5153217e+01  -3.6039811e+01  -4.3840425e+01  -5.6559620e+01  -4.7147335e+01
  -1.5075082e+01  -3.5618118e+01  -4.3423592e+01  -5.7090578e+01  -4.7031613e+01
  -1.4996948e+01  -3.5747734e+01  -4.3538969e+01  -5.6291207e+01  -4.6586493e+01
  -1.4918813e+01  -3.6052668e+01  -4.3821376e+01  -5.5745906e+01  -4.6414124e+01
  -1.4840679e+01  -3.5892266e+01  -4.3695584e+01  -5.5930890e+01  -4.6284372e+01
  -1.4762544e+01  -3.5630575e+01  -4.3444375e+01  -5.4462885e+01  -4.5576292e+01
  -1.4684410e+01  -3.5861299e+01  -4.3709423e+01  -5.5244441e+01  -4.5988596e+01
  -1.4606275e+01  -3.5696065e+01  -4.3520160e+01  -5.5043711e+01  -4.5997848e+01
  -1.4528141e+01  -3.5831990e+01  -4.3644163e+01  -5.4230947e+01  -4.5919727e+01
  -1.4450006e+01  -3.5404313e+01  -4.3224874e+01  -5.4584122e+01  -4.5777854e+01
  -1.4371872e+01  -3.5529752e+01  -4.3341288e+01  -5.3826603e+01  -4.5326630e+01
  -1.4293737e+01  -3.5837776e+01  -4.3627368e+01  -5.3466179e+01  -4.5215444e+01
  -1.4215602e+01  -3.5660278e+01  -4.3495156e+01  -5.3448934e+01  -4.5064162e+01
  -1.4137468e+01  -3.5396648e+01  -4.3248298e+01  -5.2109864e+01  -4.4340155e+01
  -1.4059333e+01  -3.5633459e+01  -4.3509053e+01  -5.2905776e+01  -4.4776156e+01
  -1.3981199e+01  -3.5466333e+01  -4.3317802e+01  -5.2690846e+01  -4.4792870e+01
  -1.3903064e+01  -3.5593961e+01  -4.3440118e+01  -5.2009885e+01  -4.4720489e+01
  -1.3824930e+01  -3.5160040e+01  -4.3022454e+01  -5.2205452e+01  -4.4551758e+01
  -1.3746795e+01  -3.5280639e+01  -4.3133008e+01  -5.1494064e+01  -4.4099293e+01
  -1.3668661e+01  -3.5592112e+01  -4.3420550e+01  -5.1292236e+01  -4.4045466e+01
  -1.3590526e+01  -3.5396432e+01  -4.3279925e+01  -5.1120246e+01  -4.3876824e+01
  -1.3512392e+01  -3.5130580e+01  -4.3042450e+01  -4.9892317e+01  -4.3135438e+01
  -1.3434257e+01  -3.5374078e+01  -4.3295455e+01  -5.0696671e+01  -4.3594246e+01
  -1.3356123e+01  -3.5204705e+01  -4.3100548e+01  -5.0473115e+01  -4.3616994e+01
  -1.3277988e+01  -3.5323600e+01  -4.3221222e+01  -4.9906908e+01  -4.3544084e+01
  -1.3199853e+01  -3.4883102e+01  -4.2809695e+01  -4.9970146e+01  -4.3347338e+01
  -1.3121719e+01  -3.4998064e+01  -4.2903380e+01  -4.9300744e+01  -4.2897840e+01
  -1.3043584e+01  -3.5313428e+01  -4.3190174e+01  -4.9229657e+01  -4.2898641e+01
  -1.2965450e+01  -3.5098228e+01  -4.3034051e+01  -4.8944381e+01  -4.2714897e+01
  -1.2887315e+01  -3.4829828e+01  -4.2811627e+01  -4.7805807e+01  -4.1955502e+01
  -1.2809181e+01  -3.5080716e+01  -4.3055203e+01  -4.8614250e+01  -4.2436250e+01
  -1.2731046e+01  -3.4908641e+01  -4.2853618e+01  -4.8385937e+01  -4.2462165e+01
  -1.2652912e+01  -3.5018290e+01  -4.2970124e+01  -4.7914686e+01  -4.2384701e+01
  -1.2574777e+01  -3.4570798e+01  -4.2568573e+01  -4.7867849e+01  -4.2158533e+01
  -1.2496643e+01  -3.4679144e+01  -4.2630266e+01  -4.7235697e+01  -4.1715666e+01
  -1.2418508e+01  -3.4998947e+01  -4.2915245e+01  -4.7271613e+01  -4.1769146e+01
  -1.2340374e+01  -3.4762577e+01  -4.2729419e+01  -4.6905199e+01  -4.1571085e+01
  -1.2262239e+01  -3.4491241e+01  -4.2526869e+01  -4.5836302e+01  -4.0793637e+01
  -1.2184105e+01  -3.4750355e+01  -4.2762880e+01  -4.6645320e+01  -4.1295512e+01
  -1.2105970e+01  -3.4574981e+01  -4.2549592e+01  -4.6414474e+01  -4.1320626e+01
  -1.2027835e+01  -3.4674785e+01  -4.2655958e+01  -4.6019787e+01  -4.1236344e+01
  -1.1949701e+01  -3.4219768e+01  -4.2265783e+01  -4.5880627e+01  -4.0979234e+01
  -1.1871566e+01  -3.4320280e+01  -4.2277462e+01  -4.5282306e+01  -4.0546122e+01
  -1.1793432e+01  -3.4645220e+01  -4.2562275e+01  -4.5406562e+01  -4.0650924e+01
  -1.1715297e+01  -3.4385620e+01  -4.2324486e+01  -4.4982537e+01  -4.0438067e+01
  -1.1637163e+01  -3.4110886e+01  -4.2143255e+01  -4.3967012e+01  -3.9642925e+01
  -1.1559028e+01  -3.4379233e+01  -4.2379002e+01  -4.4773798e+01  -4.0165239e+01
  -1.1480894e+01  -3.4199760e+01  -4.2146595e+01  -4.4540969e+01  -4.0184663e+01
  -1.1402759e+01  -3.4289022e+01  -4.2233256e+01  -4.4207106e+01  -4.0092657e+01
  -1.1324625e+01  -3.3825807e+01  -4.1851118e+01  -4.3989318e+01  -3.9803070e+01
  -1.1246490e+01  -3.3916940e+01  -4.1795245e+01  -4.3422693e+01  -3.9382221e+01
  -1.1168356e+01  -3.4247911e+01  -4.2085861e+01  -4.3621221e+01  -3.9537490e+01
  -1.1090221e+01  -3.3962488e+01  -4.1767759e+01  -4.3155938e+01  -3.9308133e+01
  -1.1012086e+01  -3.3683790e+01  -4.1602842e+01  -4.2180670e+01  -3.8495934e+01
  -1.0933952e+01  -3.3962598e+01  -4.1852017e+01  -4.2983168e+01  -3.9038214e+01
  -1.0855817e+01  -3.3777936e+01  -4.1591101e+01  -4.2747178e+01  -3.9046195e+01
  -1.0777683e+01  -3.3855846e+01  -4.1646396e+01  -4.2461240e+01  -3.8946603e+01
  -1.0699548e+01  -3.3383563e+01  -4.1262404e+01  -4.2175260e+01  -3.8623044e+01
  -1.0621414e+01  -3.3463318e+01  -4.1127676e+01  -4.1638911e+01  -3.8216209e+01
  -1.0543279e+01  -3.3801499e+01  -4.1434986e+01  -4.1901488e+01  -3.8421576e+01
  -1.0465145e+01  -3.3486930e+01  -4.1008482e+01  -4.1405393e+01  -3.8172700e+01
  -1.0387010e+01  -3.3203568e+01  -4.0846625e+01  -4.0459948e+01  -3.7344262e+01
  -1.0308876e+01  -3.3494355e+01  -4.1127618e+01  -4.1256931e+01  -3.7906365e+01
  -1.0230741e+01  -3.3302977e+01  -4.0828537e+01  -4.1014802e+01  -3.7896232e+01
  -1.0152607e+01  -3.3368604e+01  -4.0842360e+01  -4.0766540e+01  -3.7789991e+01
  -1.0074472e+01  -3.2886116e+01  -4.0440615e+01  -4.0420267e+01  -3.7430999e+01
  -9.9963374e+00  -3.2951841e+01  -4.0227746e+01  -3.9912814e+01  -3.7038961e+01
  -9.9182029e+00  -3.3298823e+01  -4.0565934e+01  -4.0232388e+01  -3.7294608e+01
  -9.8400684e+00  -3.2950763e+01  -4.0012443e+01  -3.9710908e+01  -3.7021639e+01
  -9.7619338e+00  -3.2661852e+01  -3.9834019e+01  -3.8787011e+01  -3.6177898e+01
  -9.6837993e+00  -3.2966530e+01  -4.0164891e+01  -3.9578175e+01  -3.6760140e+01
  -9.6056648e+00  -3.2766232e+01  -3.9820220e+01  -3.9324968e+01  -3.6724112e+01
  -9.5275302e+00  -3.2818523e+01  -3.9788495e+01  -3.9106512e+01  -3.6612778e+01
  -9.4493957e+00  -3.2324300e+01  -3.9351172e+01  -3.8705816e+01  -3.6216872e+01
  -9.3712611e+00  -3.2372383e+01  -3.9073919e+01  -3.8225226e+01  -3.5839116e+01
  -9.2931266e+00  -3.2730373e+01  -3.9456726e+01  -3.8597457e+01  -3.6145919e+01
  -9.2149921e+00  -3.2342996e+01  -3.8773618e+01  -3.8051441e+01  -3.5842306e+01
  -9.1368575e+00  -3.2047385e+01  -3.8558274e+01  -3.7142518e+01  -3.4984249e+01
  -9.0587230e+00  -3.2368416e+01  -3.8950847e+01  -3.7928605e+01  -3.5587587e+01
  -8.9805885e+00  -3.2155902e+01  -3.8556858e+01  -3.7657075e+01  -3.5516362e+01
  -8.9024539e+00  -3.2193705e+01  -3.8483822e+01  -3.7462684e+01  -3.5402001e+01
  -8.8243194e+00  -3.1685627e+01  -3.7996770e+01  -3.7011697e+01  -3.4967533e+01
  -8.7461848e+00  -3.1710974e+01  -3.7675666e+01  -3.6554485e+01  -3.4601715e+01
  -8.6680503e+00  -3.2083152e+01  -3.8112877e+01  -3.6977541e+01  -3.4961538e+01
  -8.5899158e+00  -3.1648380e+01  -3.7311821e+01  -3.6403195e+01  -3.4618021e+01
  -8.5117812e+00  -3.1344524e+01  -3.7044301e+01  -3.5503959e+01  -3.3746595e+01
  -8.4336467e+00  -3.1685161e+01  -3.7501576e+01  -3.6286944e+01  -3.4372877e+01
  -8.3555121e+00  -3.1455280e+01  -3.7056972e+01  -3.5986817e+01  -3.4254833e+01
  -8.2773776e+00  -3.1477435e+01  -3.6953581e+01  -3.5812730e+01  -3.4140025e+01
  -8.1992431e+00  -3.0952443e+01  -3.6409382e+01  -3.5313877e+01  -3.3664886e+01
  -8.1211085e+00  -3.0947559e+01  -3.6061860e+01  -3.4874012e+01  -3.3305918e+01
  -8.0429740e+00  -3.1338708e+01  -3.6558616e+01  -3.5348728e+01  -3.3722138e+01
  -7.9648395e+00  -3.0844857e+01  -3.5656680e+01  -3.4736821e+01  -3.3325443e+01
  -7.8867049e+00  -3.0530584e+01  -3.5329074e+01  -3.3842842e+01  -3.2441395e+01
  -7.8085704e+00  -3.0895282e+01  -3.5847414e+01  -3.4626262e+01  -3.3093760e+01
  -7.7304358e+00  -3.0639527e+01  -3.5349430e+01  -3.4282723e+01  -3.2913382e+01
  -7.6523013e+00  -3.0645123e+01  -3.5229702e+01  -3.4127240e+01  -3.2801422e+01
  -7.5741668e+00  -3.0098557e+01  -3.4626404e+01  -3.3580902e+01  -3.2282470e+01
  -7.4960322e+00  -3.0051808e+01  -3.4258945e+01  -3.3147958e+01  -3.1920781e+01
  -7.4178977e+00  -3.0469524e+01  -3.4818258e+01  -3.3678578e+01  -3.2399311e+01
  -7.3397632e+00  -2.9898724e+01  -3.3826964e+01  -3.3012353e+01  -3.1929668e+01
  -7.2616286e+00  -2.9570775e+01  -3.3437090e+01  -3.2119473e+01  -3.1033191e+01
  -7.1834941e+00  -2.9965930e+01  -3.4010885e+01  -3.2909076e+01  -3.1716788e+01
  -7.1053595e+00  -2.9669217e+01  -3.3449501e+01  -3.2499466e+01  -3.1451309e+01
  -7.0272250e+00  -2.9658296e+01  -3.3327980e+01  -3.2363524e+01  -3.1346878e+01
  -6.9490905e+00  -2.9082536e+01  -3.2664967e+01  -3.1767006e+01  -3.0778742e+01
  -6.8709559e+00  -2.8974477e+01  -3.2268173e+01  -3.1322453e+01  -3.0396630e+01
  -6.7928214e+00  -2.9431732e+01  -3.2895616e+01  -3.1918592e+01  -3.0948085e+01
  -6.7146869e+00  -2.8754496e+01  -3.1810555e+01  -3.1168824e+01  -3.0373947e+01
  -6.6365523e+00  -2.8407435e+01  -3.1358286e+01  -3.0272056e+01  -2.9463810e+01
  -6.5584178e+00  -2.8842935e+01  -3.1984712e+01  -3.1077221e+01  -3.0187277e+01
  -6.4802832e+00  -2.8475779e+01  -3.1333226e+01  -3.0563080e+01  -2.9798703e+01
  -6.4021487e+00  -2.8451345e+01  -3.1225677e+01  -3.0452134e+01  -2.9709815e+01
  -6.3240142e+00  -2.7832646e+01  -3.0497989e+01  -2.9796974e+01  -2.9082081e+01
  -6.2458796e+00  -2.7627183e+01  -3.0039481e+01  -2.9305353e+01  -2.8644903e+01
  -6.1677451e+00  -2.8148450e+01  -3.0750601e+01  -2.9987039e+01  -2.9289780e+01
  -6.0896105e+00  -2.7310500e+01  -2.9537162e+01  -2.9099472e+01  -2.8554922e+01
  -6.0114760e+00  -2.6933519e+01  -2.9018994e+01  -2.8190012e+01  -2.7625786e+01
  -5.9333415e+00  -2.7426653e+01  -2.9703479e+01  -2.9027478e+01  -2.8405006e+01
  -5.8552069e+00  -2.6922646e+01  -2.8895394e+01  -2.8332043e+01  -2.7817646e+01
  -5.7770724e+00  -2.6896961e+01  -2.8825128e+01  -2.8261890e+01  -2.7761504e+01
  -5.6989379e+00  -2.6206773e+01  -2.8013766e+01  -2.7526187e+01  -2.7050956e+01
  -5.6208033e+00  -2.5824799e+01  -2.7414392e+01  -2.6908861e+01  -2.6480858e+01
  -5.5426688e+00  -2.6463806e+01  -2.8251722e+01  -2.7721624e+01  -2.7264689e+01
  -5.4645342e+00  -2.5346497e+01  -2.6807071e+01  -2.6578252e+01  -2.6248967e+01
  -5.3863997e+00  -2.4910142e+01  -2.6201579e+01  -2.5631280e+01  -2.5279821e+01
  -5.3082652e+00  -2.5499644e+01  -2.6972102e+01  -2.6538762e+01  -2.6151355e+01
  -5.2301306e+00  -2.4670282e+01  -2.5817033e+01  -2.5463503e+01  -2.5168368e+01
  -5.1519961e+00  -2.4687358e+01  -2.5836323e+01  -2.5479834e+01  -2.5191175e+01
  -5.0738616e+00  -2.3852018e+01  -2.4879685e+01  -2.4601129e+01  -2.4334430e+01
  -4.9957270e+00  -2.3057955e+01  -2.3902935e+01  -2.3623474e+01  -2.3397500e+01
  -4.9175925e+00  -2.3968424e+01  -2.5000688e+01  -2.4699924e+01  -2.4452491e+01
  -4.8394579e+00  -2.2214985e+01  -2.2984193e+01  -2.2945921e+01  -2.2797202e+01
  -4.7613234e+00  -2.1570196e+01  -2.2151266e+01  -2.1826494e+01  -2.1659537e+01
  -4.6831889e+00  -2.2412753e+01  -2.3154603e+01  -2.2956333e+01  -2.2772835e+01
  -4.6050543e+00  -2.0401585e+01  -2.0805883e+01  -2.0651610e+01  -2.0545460e+01
  -4.5269198e+00  -2.0589301e+01  -2.1028442e+01  -2.0858379e+01  -2.0754153e+01
  -4.4487853e+00  -1.9336422e+01  -1.9683497e+01  -1.9596728e+01  -1.9508319e+01
  -4.3706507e+00  -1.6574125e+01  -1.6783689e+01  -1.6712244e+01  -1.6657827e+01
  -4.2925162e+00  -1.8432703e+01  -1.8740481e+01  -1.8629102e+01  -1.8564283e+01
  -4.2143816e+00  -1.3144198e+01  -1.3291107e+01  -1.3354340e+01  -1.3340697e+01
  -4.1362471e+00  -7.0941947e+00  -7.1073233e+00  -7.0385018e+00  -7.0290666e+00
  -4.0581126e+00  -9.9143224e-01  -1.0076677e+00  -1.0149929e+00  -1.0130859e+00
  -3.9799780e+00  -4.2085518e+00  -4.2227225e+00  -4.1757155e+00  -4.1742933e+00
  -3.9018435e+00  -9.9246573e-01  -1.0142432e+00  -1.0298540e+00  -1.0277398e+00
  -3.8237089e+00  -4.1559804e+00  -4.1721595e+00  -4.1292930e+00  -4.1243398e+00
  -3.7455744e+00  -8.1570457e-01  -8.3162749e-01  -8.3718147e-01  -8.3496519e-01
  -3.6674399e+00  -4.2089612e+00  -4.2348975e+00  -4.1895197e+00  -4.1878966e+00
  -3.5893053e+00  -8.5451289e-01  -8.5829337e-01  -8.5199288e-01  -8.5023053e-01
  -3.5111708e+00  -4.4708126e+00  -4.4996598e+00  -4.4606497e+00  -4.4590294e+00
  -3.4330363e+00  -4.3189063e-01  -4.4656391e-01  -4.5274073e-01  -4.5273961e-01
  -3.3549017e+00  -4.1305795e+00  -4.1691315e+00  -4.1305153e+00  -4.1264093e+00
  -3.2767672e+00  -6.1706860e-01  -6.1037485e-01  -5.9660700e-01  -5.9264296e-01
  -3.1986326e+00  -4.2598965e+00  -4.2706839e+00  -4.2149569e+00  -4.2135588e+00
  -3.1204981e+00  -1.7882966e-01  -1.8714883e-01  -1.8483954e-01  -1.8371428e-01
  -3.0423636e+00  -3.9042104e+00  -3.9224590e+00  -3.8714928e+00  -3.8655591e+00
  -2.9642290e+00   0.0000000e+00   0.0000000e+00   0.0000000e+00   0.0000000e+00
  -2.8860945e+00  -3.9422841e+00  -3.9605763e+00  -3.9084771e+00  -3.9047180e+00
  -2.8079600e+00  -1.5357089e-01  -1.6025268e-01  -1.5510570e-01  -1.5308954e-01
  -2.7298254e+00  -4.1183949e+00  -4.1490517e+00  -4.1235463e+00  -4.1214869e+00
  -2.6516909e+00  -5.9090854e-01  -6.0184697e-01  -6.1091066e-01  -6.0959198e-01
  -2.5735563e+00  -3.6225499e+00  -3.6431479e+00  -3.5928138e+00  -3.5886218e+00
  -2.4954218e+00  -2.7741677e-01  -2.9132372e-01  -2.9842967e-01  -2.9846892e-01
  -2.4172873e+00  -4.1602262e+00  -4.1556247e+00  -4.0977203e+00  -4.0955621e+00
  -2.3391527e+00  -7.0987062e-01  -7.1769514e-01  -7.1760323e-01  -7.1623015e-01
  -2.2610182e+00  -4.2744213e+00  -4.3021048e+00  -4.2525759e+00  -4.2496294e+00
  -2.1828837e+00  -6.4383603e-01  -6.6435308e-01  -6.7024982e-01  -6.7101546e-01
  -2.1047491e+00  -3.9795470e+00  -3.9910753e+00  -3.9418517e+00  -3.9404200e+00
  -2.0266146e+00  -5.2345278e-01  -5.4000136e-01  -5.4019841e-01  -5.3869668e-01
  -1.9484800e+00  -3.8756597e+00  -3.9024834e+00  -3.8677558e+00  -3.8647483e+00
  -1.8703455e+00  -6.1363318e-01  -6.2441563e-01  -6.2326986e-01  -6.2228839e-01
  -1.7922110e+00  -4.0555870e+00  -4.0624999e+00  -3.9892266e+00  -3.9863143e+00
  -1.7140764e+00  -6.4410129e-01  -6.5434962e-01  -6.5684194e-01  -6.5536770e-01
  -1.6359419e+00  -4.2141262e+00  -4.2139059e+00  -4.1421933e+00  -4.1390164e+00
  -1.5578073e+00  -4.9473657e-01  -5.0215858e-01  -5.0335334e-01  -5.0175794e-01
  -1.4796728e+00  -3.9911292e+00  -4.0035552e+00  -3.9561480e+00  -3.9526052e+00
  -1.4015383e+00  -2.2521416e-01  -2.2984265e-01  -2.3422639e-01  -2.3374801e-01
  -1.3234037e+00  -4.0627121e+00  -4.0779352e+00  -4.0241167e+00  -4.0204290e+00
  -1.2452692e+00  -5.9400288e-01  -5.8709188e-01  -5.6824238e-01  -5.6661591e-01
  -1.1671347e+00  -4.0599809e+00  -4.0716306e+00  -4.0087758e+00  -4.0056532e+00
  -1.0890001e+00  -6.0201676e-01  -6.2476584e-01  -6.4236070e-01  -6.4147352e-01
  -1.0108656e+00  -4.3109528e+00  -4.3356358e+00  -4.2867476e+00  -4.2829827e+00
  -9.3273105e-01  -4.8027054e-01  -4.9747035e-01  -5.0879290e-01  -5.0796393e-01
  -8.5459651e-01  -4.2433690e+00  -4.2635018e+00  -4.2196829e+00  -4.2182859e+00
  -7.7646197e-01  -1.2003132e+00  -1.1940969e+00  -1.1773349e+00  -1.1757797e+00
  -6.9832743e-01  -3.8578709e+00  -3.8660152e+00  -3.7986313e+00  -3.7960554e+00
  -6.2019289e-01  -6.2656504e-01  -6.3188814e-01  -6.2295176e-01  -6.2228508e-01
  -5.4205836e-01  -4.1506907e+00  -4.1596739e+00  -4.1066259e+00  -4.1035463e+00
  -4.6392382e-01  -6.5657871e-01  -6.5770997e-01  -6.4879572e-01  -6.4734258e-01
  -3.8578928e-01  -4.4905057e+00  -4.5038929e+00  -4.4475581e+00  -4.4472061e+00
  -3.0765474e-01  -6.3775921e-01  -6.3533492e-01  -6.1617125e-01  -6.1527728e-01
  -2.2952021e-01  -3.7948378e+00  -3.8341762e+00  -3.8101226e+00  -3.8071830e+00
  -1.5138567e-01  -7.5271793e-01  -7.6919576e-01  -7.7038018e-01  -7.6915459e-01
  -7.3251129e-02  -6.7273681e+00  -6.8011004e+00  -6.7972096e+00  -6.7911982e+00
   4.8834086e-03  -9.9283067e+00  -9.9672969e+00  -9.9408070e+00  -9.9281251e+00
   8.3017947e-02  -6.3948189e+00  -6.4185449e+00  -6.3495708e+00  -6.3436017e+00
   1.6115248e-01  -8.1313903e-01  -8.1505289e-01  -8.1196792e-01  -8.1009733e-01
   2.3928702e-01  -4.4364534e+00  -4.4685274e+00  -4.4401454e+00  -4.4376050e+00
   3.1742156e-01  -6.2904256e-01  -6.4280071e-01  -6.4938383e-01  -6.4775805e-01
   3.9555610e-01  -3.9801056e+00  -4.0033783e+00  -3.9552226e+00  -3.9532888e+00
   4.7369064e-01  -5.4534287e-01  -5.3809171e-01  -5.2003628e-01  -5.1902988e-01
   5.5182517e-01  -4.5126021e+00  -4.5248829e+00  -4.4744423e+00  -4.4719046e+00
   6.2995971e-01  -8.2531099e-01  -8.2810976e-01  -8.2526877e-01  -8.2341853e-01
   7.0809425e-01  -3.9388217e+00  -3.9609946e+00  -3.9174239e+00  -3.9167338e+00
   7.8622879e-01  -7.9583425e-01  -8.0955303e-01  -8.1242364e-01  -8.1111738e-01
   8.6436333e-01  -3.8249926e+00  -3.8509497e+00  -3.7998071e+00  -3.7968401e+00
   9.4249786e-01  -9.1329165e-01  -9.2278965e-01  -9.2467729e-01  -9.2286910e-01
   1.0206324e+00  -3.7322820e+00  -3.7445356e+00  -3.6986289e+00  -3.6954258e+00
   1.0987669e+00  -5.3687564e-01  -5.4401013e-01  -5.3866244e-01  -5.3818182e-01
   1.1769015e+00  -4.4068506e+00  -4.4148764e+00  -4.3677002e+00  -4.3642651e+00
   1.2550360e+00  -9.3582163e-01  -9.4753830e-01  -9.5559148e-01  -9.5480386e-01
   1.3331706e+00  -4.4307820e+00  -4.4410531e+00  -4.3762467e+00  -4.3728717e+00
   1.4113051e+00  -7.9899672e-01  -8.0364258e-01  -7.9111128e-01  -7.8917262e-01
   1.4894396e+00  -4.1771348e+00  -4.2004964e+00  -4.1628976e+00  -4.1607336e+00
   1.5675742e+00  -5.0315458e-01  -5.0953831e-01  -5.0508478e-01  -5.0537671e-01
   1.6457087e+00  -3.9192115e+00  -3.9319505e+00  -3.8842350e+00  -3.8828820e+00
   1.7238432e+00  -7.6199875e-01  -7.6791496e-01  -7.6066369e-01  -7.5887561e-01
   1.8019778e+00  -4.2488584e+00  -4.2870406e+00  -4.2549521e+00  -4.2526325e+00
   1.8801123e+00  -4.0131190e-01  -4.1125278e-01  -4.0960136e-01  -4.0913167e-01
   1.9582469e+00  -4.1082814e+00  -4.1472181e+00  -4.1209358e+00  -4.1189928e+00
   2.0363814e+00  -4.1065600e-01  -4.0857200e-01  -3.9516948e-01  -3.9318618e-01
   2.1145159e+00  -4.5602408e+00  -4.5634567e+00  -4.4862995e+00  -4.4831084e+00
   2.1926505e+00  -5.7590458e-01  -5.8508484e-01  -5.8676354e-01  -5.8484174e-01
   2.2707850e+00  -4.0254250e+00  -4.0747039e+00  -4.0622105e+00  -4.0592185e+00
   2.3489195e+00  -5.7088107e-01  -5.6412720e-01  -5.4913178e-01  -5.4860587e-01
   2.4270541e+00  -3.8981838e+00  -3.9281848e+00  -3.8897543e+00  -3.8870237e+00
   2.5051886e+00  -5.5298206e-01  -5.8562250e-01  -6.1200722e-01  -6.1298582e-01
   2.5833232e+00  -4.2484132e+00  -4.2767926e+00  -4.2409521e+00  -4.2393356e+00
   2.6614577e+00  -2.7388713e-01  -2.9349857e-01  -3.0868606e-01  -3.0712210e-01
   2.7395922e+00  -4.1894669e+00  -4.1974093e+00  -4.1460358e+00  -4.1417310e+00
   2.8177268e+00  -7.6264300e-01  -7.6514848e-01  -7.5690665e-01  -7.5481226e-01
   2.8958613e+00  -4.2699751e+00  -4.2783236e+00  -4.2277191e+00  -4.2243686e+00
   2.9739958e+00  -1.0402693e+00  -1.0393745e+00  -1.0330671e+00  -1.0315945e+00
   3.0521304e+00  -4.1526644e+00  -4.1721755e+00  -4.1176199e+00  -4.1130375e+00
   3.1302649e+00  -5.3186970e-01  -5.5782666e-01  -5.7289996e-01  -5.7124319e-01
   3.2083995e+00  -3.9075801e+00  -3.9457543e+00  -3.9288103e+00  -3.9265970e+00
   3.2865340e+00  -4.6614658e-01  -4.8714903e-01  -5.0379657e-01  -5.0418711e-01
   3.3646685e+00  -4.1471654e+00  -4.1478232e+00  -4.0734385e+00  -4.0712084e+00
   3.4428031e+00  -5.4711922e-01  -5.5410374e-01  -5.5184003e-01  -5.4915595e-01
   3.5209376e+00  -3.9443856e+00  -3.9605049e+00  -3.9163194e+00  -3.9122344e+00
   3.5990722e+00  -9.4226044e-02  -1.1233162e-01  -1.2097746e-01  -1.1990776e-01
   3.6772067e+00  -4.3882787e+00  -4.3895484e+00  -4.3228163e+00  -4.3202919e+00
   3.7553412e+00  -7.9794919e-01  -8.0358403e-01  -7.9642141e-01  -7.9468520e-01
   3.8334758e+00  -4.2175531e+00  -4.2064183e+00  -4.1269564e+00  -4.1220580e+00
   3.9116103e+00  -5.8334511e-01  -5.8896596e-01  -5.8113788e-01  -5.8008064e-01
   3.9897448e+00  -4.1241760e+00  -4.1373665e+00  -4.0869122e+00  -4.0881645e+00
   4.0678794e+00  -6.0003769e-01  -6.0266292e-01  -5.9401293e-01  -5.9265663e-01
   4.1460139e+00  -7.2688692e+00  -7.3180256e+00  -7.2802162e+00  -7.2738446e+00
   4.2241485e+00  -1.3437101e+01  -1.3524237e+01  -1.3513773e+01  -1.3489049e+01
   4.3022830e+00  -1.8233693e+01  -1.8510038e+01  -1.8406987e+01  -1.8322219e+01
   4.3804175e+00  -1.6668258e+01  -1.6834533e+01  -1.6738513e+01  -1.6684356e+01
   4.4585521e+00  -1.9412195e+01  -1.9762882e+01  -1.9733431e+01  -1.9666183e+01
   4.5366866e+00  -2.1000588e+01  -2.1487370e+01  -2.1202716e+01  -2.1090132e+01
   4.6148211e+00  -2.0177298e+01  -2.0527969e+01  -2.0324556e+01  -2.0207517e+01
   4.6929557e+00  -2.2280926e+01  -2.2936352e+01  -2.2786733e+01  -2.2615015e+01
   4.7710902e+00  -2.1825429e+01  -2.2514651e+01  -2.2195635e+01  -2.2017353e+01
   4.8492248e+00  -2.2641412e+01  -2.3345853e+01  -2.3152839e+01  -2.2957016e+01
   4.9273593e+00  -2.3651634e+01  -2.4664638e+01  -2.4405201e+01  -2.4124700e+01
   5.0054938e+00  -2.3187415e+01  -2.4002388e+01  -2.3700500e+01  -2.3475726e+01
   5.0836284e+00  -2.4034381e+01  -2.5008941e+01  -2.4791417e+01  -2.4565797e+01
   5.1617629e+00  -2.5081034e+01  -2.6331134e+01  -2.5767356e+01  -2.5464095e+01
   5.2398974e+00  -2.4475439e+01  -2.5522086e+01  -2.5074477e+01  -2.4773448e+01
   5.3180320e+00  -2.5377150e+01  -2.6738356e+01  -2.6391418e+01  -2.6033341e+01
   5.3961665e+00  -2.5143896e+01  -2.6561614e+01  -2.5965978e+01  -2.5583636e+01
   5.4743011e+00  -2.5726486e+01  -2.7175652e+01  -2.6776196e+01  -2.6370093e+01
   5.5524356e+00  -2.6122550e+01  -2.7929252e+01  -2.7461188e+01  -2.6960857e+01
   5.6305701e+00  -2.5940613e+01  -2.7519788e+01  -2.7001271e+01  -2.6574677e+01
   5.7087047e+00  -2.6456739e+01  -2.8158752e+01  -2.7738533e+01  -2.7319186e+01
   5.7868392e+00  -2.7245837e+01  -2.9300864e+01  -2.8460117e+01  -2.7938121e+01
   5.8649738e+00  -2.6771013e+01  -2.8621039e+01  -2.7927355e+01  -2.7412012e+01
   5.9431083e+00  -2.7320031e+01  -2.9476063e+01  -2.8915469e+01  -2.8339581e+01
   6.0212428e+00  -2.7138097e+01  -2.9358272e+01  -2.8493666e+01  -2.7879782e+01
   6.0993774e+00  -2.7640857e+01  -2.9910858e+01  -2.9301430e+01  -2.8653375e+01
   6.1775119e+00  -2.7790441e+01  -3.0458889e+01  -2.9774013e+01  -2.9023678e+01
   6.2556464e+00  -2.7728844e+01  -3.0148861e+01  -2.9410653e+01  -2.8751496e+01
   6.3337810e+00  -2.8127492e+01  -3.0638623e+01  -3.0010907e+01  -2.9364173e+01
   6.4119155e+00  -2.8761200e+01  -3.1670609e+01  -3.0565070e+01  -2.9793587e+01
   6.4900501e+00  -2.8357206e+01  -3.1084749e+01  -3.0152472e+01  -2.9391437e+01
   6.5681846e+00  -2.8750641e+01  -3.1772851e+01  -3.0998340e+01  -3.0171709e+01
   6.6463191e+00  -2.8586674e+01  -3.1672701e+01  -3.0556673e+01  -2.9679461e+01
   6.7244537e+00  -2.9042538e+01  -3.2190840e+01  -3.1385796e+01  -3.0462921e+01
   6.8025882e+00  -2.9060107e+01  -3.2641733e+01  -3.1758348e+01  -3.0725319e+01
   6.8807227e+00  -2.9064261e+01  -3.2382430e+01  -3.1440064e+01  -3.0515168e+01
   6.9588573e+00  -2.9408772e+01  -3.2790628e+01  -3.1968996e+01  -3.1059501e+01
   7.0369918e+00  -2.9935525e+01  -3.3733847e+01  -3.2398297e+01  -3.1344004e+01
   7.1151264e+00  -2.9574530e+01  -3.3229117e+01  -3.2087378e+01  -3.1046417e+01
   7.1932609e+00  -2.9885522e+01  -3.3822278e+01  -3.2858312e+01  -3.1745771e+01
   7.2713954e+00  -2.9729124e+01  -3.3722552e+01  -3.2395816e+01  -3.1219899e+01
   7.3495300e+00  -3.0151457e+01  -3.4211526e+01  -3.3252387e+01  -3.2019379e+01
   7.4276645e+00  -3.0086696e+01  -3.4604125e+01  -3.3574568e+01  -3.2223440e+01
   7.5057990e+00  -3.0131707e+01  -3.4378570e+01  -3.3277216e+01  -3.2050429e+01
   7.5839336e+00  -3.0447650e+01  -3.4734437e+01  -3.3761746e+01  -3.2551307e+01
   7.6620681e+00  -3.0894828e+01  -3.5588214e+01  -3.4091508e+01  -3.2718041e+01
   7.7402027e+00  -3.0562110e+01  -3.5160158e+01  -3.3872930e+01  -3.2514333e+01
   7.8183372e+00  -3.0824659e+01  -3.5690178e+01  -3.4598306e+01  -3.3161904e+01
   7.8964717e+00  -3.0671751e+01  -3.5579863e+01  -3.4120037e+01  -3.2606386e+01
   7.9746063e+00  -3.1067879e+01  -3.6037928e+01  -3.5005464e+01  -3.3423999e+01
   8.0527408e+00  -3.0946661e+01  -3.6379698e+01  -3.5303241e+01  -3.3595599e+01
   8.1308754e+00  -3.1019101e+01  -3.6186147e+01  -3.5013998e+01  -3.3445686e+01
   8.2090099e+00  -3.1318709e+01  -3.6505620e+01  -3.5467336e+01  -3.3914171e+01
   8.2871444e+00  -3.1703553e+01  -3.7257301e+01  -3.5714586e+01  -3.3982005e+01
   8.3652790e+00  -3.1390487e+01  -3.6902509e+01  -3.5583274e+01  -3.3865279e+01
   8.4434135e+00  -3.1622688e+01  -3.7383246e+01  -3.6276675e+01  -3.4475119e+01
   8.5215480e+00  -3.1471432e+01  -3.7253882e+01  -3.5789839e+01  -3.3895437e+01
   8.5996826e+00  -3.1846040e+01  -3.7676776e+01  -3.6703758e+01  -3.4731986e+01
   8.6778171e+00  -3.1683499e+01  -3.7956423e+01  -3.6991836e+01  -3.4885906e+01
   8.7559517e+00  -3.1775321e+01  -3.7802254e+01  -3.6703998e+01  -3.4750487e+01
   8.8340862e+00  -3.2065125e+01  -3.8095987e+01  -3.7133749e+01  -3.5191684e+01
   8.9122207e+00  -3.2399297e+01  -3.8728819e+01  -3.7310882e+01  -3.5175081e+01
   8.9903553e+00  -3.2100438e+01  -3.8439929e+01  -3.7263992e+01  -3.5140131e+01
   9.0684898e+00  -3.2312837e+01  -3.8875625e+01  -3.7931106e+01  -3.5719157e+01
   9.1466243e+00  -3.2162329e+01  -3.8721663e+01  -3.7443871e+01  -3.5121247e+01
   9.2247589e+00  -3.2518683e+01  -3.9105828e+01  -3.8385083e+01  -3.5977044e+01
   9.3028934e+00  -3.2324418e+01  -3.9302208e+01  -3.8671791e+01  -3.6122029e+01
   9.3810280e+00  -3.2430435e+01  -3.9198738e+01  -3.8382745e+01  -3.5995682e+01
   9.4591625e+00  -3.2714201e+01  -3.9474916e+01  -3.8794218e+01  -3.6411817e+01
   9.5372970e+00  -3.3005999e+01  -3.9977420e+01  -3.8910702e+01  -3.6322737e+01
   9.6154316e+00  -3.2717718e+01  -3.9740236e+01  -3.8946693e+01  -3.6365037e+01
   9.6935661e+00  -3.2916878e+01  -4.0130446e+01  -3.9588643e+01  -3.6916430e+01
   9.7717006e+00  -3.2766645e+01  -3.9951020e+01  -3.9109678e+01  -3.6306355e+01
   9.8498352e+00  -3.3107149e+01  -4.0296602e+01  -4.0076581e+01  -3.7181528e+01
   9.9279697e+00  -3.2887619e+01  -4.0389733e+01  -4.0366050e+01  -3.7322652e+01
   1.0006104e+01  -3.3004306e+01  -4.0345761e+01  -4.0076420e+01  -3.7202042e+01
   1.0084239e+01  -3.3284337e+01  -4.0610688e+01  -4.0474256e+01  -3.7593830e+01
   1.0162373e+01  -3.3539888e+01  -4.0985606e+01  -4.0537486e+01  -3.7442790e+01
   1.0240508e+01  -3.3259660e+01  -4.0780030e+01  -4.0655664e+01  -3.7557949e+01
   1.0318642e+01  -3.3449877e+01  -4.1123971e+01  -4.1270573e+01  -3.8082808e+01
   1.0396777e+01  -3.3299657e+01  -4.0923901e+01  -4.0808787e+01  -3.7466659e+01
   1.0474911e+01  -3.3626147e+01  -4.1236262e+01  -4.1799669e+01  -3.8361277e+01
   1.0553046e+01  -3.3385904e+01  -4.1218212e+01  -4.2092865e+01  -3.8501195e+01
   1.0631181e+01  -3.3510760e+01  -4.1234403e+01  -4.1806166e+01  -3.8384472e+01
   1.0709315e+01  -3.3788529e+01  -4.1492218e+01  -4.2195317e+01  -3.8751779e+01
   1.0787450e+01  -3.4012493e+01  -4.1759480e+01  -4.2211013e+01  -3.8548503e+01
   1.0865584e+01  -3.3738503e+01  -4.1564501e+01  -4.2411311e+01  -3.8731937e+01
   1.0943719e+01  -3.3922698e+01  -4.1864364e+01  -4.2995096e+01  -3.9230174e+01
   1.1021853e+01  -3.3772343e+01  -4.1652659e+01  -4.2559391e+01  -3.8614066e+01
   1.1099988e+01  -3.4086257e+01  -4.1941091e+01  -4.3572734e+01  -3.9528181e+01
   1.1178122e+01  -3.3828624e+01  -4.1820454e+01  -4.3867954e+01  -3.9667864e+01
   1.1256257e+01  -3.3959819e+01  -4.1888144e+01  -4.3590464e+01  -3.9554305e+01
   1.1334391e+01  -3.4236303e+01  -4.2140775e+01  -4.3976907e+01  -3.9896469e+01
   1.1412526e+01  -3.4432304e+01  -4.2331564e+01  -4.3949266e+01  -3.9650327e+01
   1.1490660e+01  -3.4163206e+01  -4.2131124e+01  -4.4232130e+01  -3.9897053e+01
   1.1568795e+01  -3.4343438e+01  -4.2392972e+01  -4.4778930e+01  -4.0367926e+01
   1.1646930e+01  -3.4192859e+01  -4.2179384e+01  -4.4377877e+01  -3.9758031e+01
   1.1725064e+01  -3.4495347e+01  -4.2453808e+01  -4.5412696e+01  -4.0691658e+01
   1.1803199e+01  -3.4222820e+01  -4.2251454e+01  -4.5705830e+01  -4.0830881e+01
   1.1881333e+01  -3.4358972e+01  -4.2356299e+01  -4.5446515e+01  -4.0720654e+01
   1.1959468e+01  -3.4634842e+01  -4.2604143e+01  -4.5837873e+01  -4.1036638e+01
   1.2037602e+01  -3.4805750e+01  -4.2750371e+01  -4.5769567e+01  -4.0756971e+01
   1.2115737e+01  -3.4540523e+01  -4.2536216e+01  -4.6135878e+01  -4.1061470e+01
   1.2193871e+01  -3.4718282e+01  -4.2768618e+01  -4.6638292e+01  -4.1503918e+01
   1.2272006e+01  -3.4567424e+01  -4.2560592e+01  -4.6279660e+01  -4.0906538e+01
   1.2350140e+01  -3.4859418e+01  -4.2828627e+01  -4.7335898e+01  -4.1859579e+01
   1.2428275e+01  -3.4573916e+01  -4.2569392e+01  -4.7620642e+01  -4.1997283e+01
   1.2506409e+01  -3.4713959e+01  -4.2696453e+01  -4.7390981e+01  -4.1891287e+01
   1.2584544e+01  -3.4989689e+01  -4.2939403e+01  -4.7797071e+01  -4.2179716e+01
   1.2662679e+01  -3.5137807e+01  -4.3065662e+01  -4.7689205e+01  -4.1876120e+01
   1.2740813e+01  -3.4875661e+01  -4.2836451e+01  -4.8140123e+01  -4.2232224e+01
   1.2818948e+01  -3.5052051e+01  -4.3048482e+01  -4.8589362e+01  -4.2645105e+01
   1.2897082e+01  -3.4900879e+01  -4.2849968e+01  -4.8279408e+01  -4.2066780e+01
   1.2975217e+01  -3.5183143e+01  -4.3115802e+01  -4.9358294e+01  -4.3038874e+01
   1.3053351e+01  -3.4886170e+01  -4.2821837e+01  -4.9626530e+01  -4.3173470e+01
   1.3131486e+01  -3.5029264e+01  -4.2959006e+01  -4.9440004e+01  -4.3073232e+01
   1.3209620e+01  -3.5305195e+01  -4.3197261e+01  -4.9873202e+01  -4.3332344e+01
   1.3287755e+01  -3.5432394e+01  -4.3318138e+01  -4.9725375e+01  -4.3014944e+01
   1.3365889e+01  -3.5172705e+01  -4.3076751e+01  -5.0261899e+01  -4.3415752e+01
   1.3444024e+01  -3.5348566e+01  -4.3276599e+01  -5.0647938e+01  -4.3798001e+01
   1.3522158e+01  -3.5197055e+01  -4.3088414e+01  -5.0390339e+01  -4.3245667e+01
   1.3600293e+01  -3.5470220e+01  -4.3353200e+01  -5.1494409e+01  -4.4235938e+01
   1.3678428e+01  -3.5162974e+01  -4.3040970e+01  -5.1737090e+01  -4.4365592e+01
   1.3756562e+01  -3.5308439e+01  -4.3180128e+01  -5.1607920e+01  -4.4273209e+01
   1.3834697e+01  -3.5584826e+01  -4.3414542e+01  -5.2082860e+01  -4.4500714e+01
   1.3912831e+01  -3.5692638e+01  -4.3535849e+01  -5.1893718e+01  -4.4180485e+01
   1.3990966e+01  -3.5434905e+01  -4.3286805e+01  -5.2515437e+01  -4.4618262e+01
   1.4069100e+01  -3.5610890e+01  -4.3481182e+01  -5.2827293e+01  -4.4968996e+01
   1.4147235e+01  -3.5459020e+01  -4.3301976e+01  -5.2621617e+01  -4.4450217e+01
   1.4225369e+01  -3.5723609e+01  -4.3564846e+01  -5.3753473e+01  -4.5456858e+01
   1.4303504e+01  -3.5407055e+01  -4.3244836e+01  -5.3962665e+01  -4.5579780e+01
   1.4381638e+01  -3.5554334e+01  -4.3381579e+01  -5.3902948e+01  -4.5497915e+01
   1.4459773e+01  -3.5831372e+01  -4.3613646e+01  -5.4434187e+01  -4.5690724e+01
   1.4537907e+01  -3.5921057e+01  -4.3735103e+01  -5.4203329e+01  -4.5379911e+01
   1.4616042e+01  -3.5664870e+01  -4.3482836e+01  -5.4905096e+01  -4.5845930e+01
   1.4694177e+01  -3.5841497e+01  -4.3676869e+01  -5.5131636e+01  -4.6164504e+01
   1.4772311e+01  -3.5689251e+01  -4.3504070e+01  -5.4971339e+01  -4.5687806e+01
   1.4850446e+01  -3.5945699e+01  -4.3763165e+01  -5.6128711e+01  -4.6707395e+01
   1.4928580e+01  -3.5620624e+01  -4.3440863e+01  -5.6302023e+01  -4.6822148e+01
   1.5006715e+01  -3.5769249e+01  -4.3573640e+01  -5.6315658e+01  -4.6754100e+01
   1.5084849e+01  -3.6047092e+01  -4.3805273e+01  -5.6909689e+01  -4.6907848e+01
   1.5162984e+01  -3.6119690e+01  -4.3923165e+01  -5.6642898e+01  -4.6620566e+01
   1.5241118e+01  -3.5864708e+01  -4.3671134e+01  -5.7406506e+01  -4.7104798e+01
   1.5319253e+01  -3.6042400e+01  -4.3868422e+01  -5.7538964e+01  -4.7390809e+01
   1.5397387e+01  -3.5889761e+01  -4.3698999e+01  -5.7409683e+01  -4.6966165e+01
   1.5475522e+01  -3.6138429e+01  -4.3952271e+01  -5.8571232e+01  -4.7992505e+01
   1.5553656e+01  -3.5805478e+01  -4.3629509e+01  -5.8720348e+01  -4.8098364e+01
   1.5631791e+01  -3.5955051e+01  -4.3758640e+01  -5.8791430e+01  -4.8048197e+01
   1.5709926e+01  -3.6233824e+01  -4.3991844e+01  -5.9425743e+01  -4.8156433e+01
   1.5788060e+01  -3.6290191e+01  -4.4101136e+01  -5.9146452e+01  -4.7909540e+01
   1.5866195e+01  -3.6036128e+01  -4.3851512e+01  -5.9922822e+01  -4.8400028e+01
   1.5944329e+01  -3.6215236e+01  -4.4054230e+01  -5.9961876e+01  -4.8653261e+01
   1.6022464e+01  -3.6062186e+01  -4.3885250e+01  -5.9843521e+01  -4.8292778e+01
   1.6100598e+01  -3.6303372e+01  -4.4131008e+01  -6.0938163e+01  -4.9314898e+01
   1.6178733e+01  -3.5963076e+01  -4.3807280e+01  -6.1099956e+01  -4.9412257e+01
   1.6256867e+01  -3.6113249e+01  -4.3934022e+01  -6.1177394e+01  -4.9384963e+01
   1.6335002e+01  -3.6393058e+01  -4.4170545e+01  -6.1763132e+01  -4.9437809e+01
   1.6413136e+01  -3.6433899e+01  -4.4266391e+01  -6.1526877e+01  -4.9252149e+01
   1.6491271e+01  -3.6180507e+01  -4.4020103e+01  -6.2213491e+01  -4.9733686e+01
   1.6569405e+01  -3.6361333e+01  -4.4229135e+01  -6.2183720e+01  -4.9954048e+01
   1.6647540e+01  -3.6207853e+01  -4.4058177e+01  -6.2065210e+01  -4.9672851e+01
   1.6725675e+01  -3.6441799e+01  -4.4295385e+01  -6.2940361e+01  -5.0671501e+01
   1.6803809e+01  -3.6094599e+01  -4.3968994e+01  -6.3170698e+01  -5.0762370e+01
   1.6881944e+01  -3.6245062e+01  -4.4094737e+01  -6.3174629e+01  -5.0763876e+01
   1.6960078e+01  -3.6526000e+01  -4.4335756e+01  -6.3549950e+01  -5.0745904e+01
   1.7038213e+01  -3.6551885e+01  -4.4414438e+01  -6.3427026e+01  -5.0647830e+01
   1.7116347e+01  -3.6298950e+01  -4.4171440e+01  -6.3893081e+01  -5.1099317e+01
   1.7194482e+01  -3.6481760e+01  -4.4386583e+01  -6.3850600e+01  -5.1286860e+01
   1.7272616e+01  -3.6327826e+01  -4.4212012e+01  -6.3758534e+01  -5.1103937e+01
   1.7350751e+01  -3.6554728e+01  -4.4440350e+01  -6.4237287e+01  -5.2045618e+01
   1.7428885e+01  -3.6200986e+01  -4.4109327e+01  -6.4549643e+01  -5.2134128e+01
   1.7507020e+01  -3.6351459e+01  -4.4234970e+01  -6.4448894e+01  -5.2170570e+01
   1.7585154e+01  -3.6633612e+01  -4.4480894e+01  -6.4508870e+01  -5.2057968e+01
   1.7663289e+01  -3.6644995e+01  -4.4540245e+01  -6.4499057e+01  -5.2080235e+01
   1.7741424e+01  -3.6392326e+01  -4.4299881e+01  -6.4711842e+01  -5.2469835e+01
   1.7819558e+01  -3.6577360e+01  -4.4520162e+01  -6.4708221e+01  -5.2625246e+01
   1.7897693e+01  -3.6422947e+01  -4.4341249e+01  -6.4702103e+01  -5.2563071e+01
   1.7975827e+01  -3.6642957e+01  -4.4560970e+01  -6.4758780e+01  -5.3391180e+01
   1.8053962e+01  -3.6282971e+01  -4.4223710e+01  -6.5069658e+01  -5.3483735e+01
   1.8132096e+01  -3.6433193e+01  -4.4349307e+01  -6.4952603e+01  -5.3558464e+01
   1.8210231e+01  -3.6716643e+01  -4.4599743e+01  -6.4783308e+01  -5.3317155e+01
   1.8288365e+01  -3.6713877e+01  -4.4639110e+01  -6.4787420e+01  -5.3495690e+01
   1.8366500e+01  -3.6461301e+01  -4.4400478e+01  -6.4856644e+01  -5.3773867e+01
   1.8444634e+01  -3.6648783e+01  -4.4624580e+01  -6.4897952e+01  -5.3900254e+01
   1.8522769e+01  -3.6493861e+01  -4.4441456e+01  -6.5007286e+01  -5.3979493e+01
   1.8600903e+01  -3.6707091e+01  -4.4653090e+01  -6.4795655e+01  -5.4606902e+01
   1.8679038e+01  -3.6341105e+01  -4.4308663e+01  -6.4997112e+01  -5.4710766e+01
   1.8757173e+01  -3.6490826e+01  -4.4433380e+01  -6.4984390e+01  -5.4816324e+01
   1.8835307e+01  -3.6775655e+01  -4.4687311e+01  -6.4757716e+01  -5.4407670e+01
   1.8913442e+01  -3.6758998e+01  -4.4707156e+01  -6.4674400e+01  -5.4765449e+01
   1.8991576e+01  -3.6506354e+01  -4.4469392e+01  -6.4720406e+01  -5.4862322e+01
   1.9069711e+01  -3.6696501e+01  -4.4696117e+01  -6.4790077e+01  -5.4969355e+01
   1.9147845e+01  -3.6541033e+01  -4.4509577e+01  -6.4991312e+01  -5.5191250e+01
   1.9225980e+01  -3.6747559e+01  -4.4713586e+01  -6.4688013e+01  -5.5514427e+01
   1.9304114e+01  -3.6375768e+01  -4.4361743e+01  -6.4726853e+01  -5.5632565e+01
   1.9382249e+01  -3.6524747e+01  -4.4484126e+01  -6.4875091e+01  -5.5737559e+01
   1.9460383e+01  -3.6811037e+01  -4.4740247e+01  -6.4712103e+01  -5.5144463e+01
   1.9538518e+01  -3.6780661e+01  -4.4741576e+01  -6.4495998e+01  -5.5654566e+01
   1.9616652e+01  -3.6527799e+01  -4.4503995e+01  -6.4574886e+01  -5.5502895e+01
   1.9694787e+01  -3.6720824e+01  -4.4732667e+01  -6.4664834e+01  -5.5611285e+01
   1.9772921e+01  -3.6564768e+01  -4.4543875e+01  -6.4912362e+01  -5.5928182e+01
   1.9851056e+01  -3.6764630e+01  -4.4740370e+01  -6.4629601e+01  -5.5895620e+01
   1.9929191e+01  -3.6387185e+01  -4.4381301e+01  -6.4508625e+01  -5.6018945e+01
   2.0007325e+01  -3.6535181e+01  -4.4499781e+01  -6.4811982e+01  -5.6065978e+01
   2.0085460e+01  -3.6823022e+01  -4.4756921e+01  -6.4756759e+01  -5.5334170e+01
   2.0163594e+01  -3.6779013e+01  -4.4740742e+01  -6.4418657e+01  -5.5892321e+01
   2.0241729e+01  -3.6525788e+01  -4.4502827e+01  -6.4529685e+01  -5.5486905e+01
   2.0319863e+01  -3.6721906e+01  -4.4733535e+01  -6.4645996e+01  -5.5623721e+01
   2.0397998e+01  -3.6565214e+01  -4.4543705e+01  -6.4896049e+01  -5.5938950e+01
   2.0476132e+01  -3.6758419e+01  -4.4732317e+01  -6.4677891e+01  -5.5633250e+01
   2.0554267e+01  -3.6375431e+01  -4.4366315e+01  -6.4443448e+01  -5.5741428e+01
   2.0632401e+01  -3.6522199e+01  -4.4479784e+01  -6.4855986e+01  -5.5679827e+01
   2.0710536e+01  -3.6811686e+01  -4.4737290e+01  -6.4881614e+01  -5.4914380e+01
   2.0788670e+01  -3.6754049e+01  -4.4704280e+01  -6.4490372e+01  -5.5391212e+01
   2.0866805e+01  -3.6500319e+01  -4.4465582e+01  -6.4581091e+01  -5.4811645e+01
   2.0944940e+01  -3.6699755e+01  -4.4699178e+01  -6.4741860e+01  -5.4994336e+01
   2.1023074e+01  -3.6542367e+01  -4.4509304e+01  -6.4959012e+01  -5.5227984e+01
   2.1101209e+01  -3.6728888e+01  -4.4689270e+01  -6.4782241e+01  -5.4819840e+01
   2.1179343e+01  -3.6340434e+01  -4.4316422e+01  -6.4531046e+01  -5.4895273e+01
   2.1257478e+01  -3.6485719e+01  -4.4424729e+01  -6.4967633e+01  -5.4716255e+01
   2.1335612e+01  -3.6776956e+01  -4.4682696e+01  -6.4969930e+01  -5.4012079e+01
   2.1413747e+01  -3.6705616e+01  -4.4633179e+01  -6.4666993e+01  -5.4341049e+01
   2.1491881e+01  -3.6451237e+01  -4.4393194e+01  -6.4612261e+01  -5.3683943e+01
   2.1570016e+01  -3.6654228e+01  -4.4631041e+01  -6.4848333e+01  -5.3913799e+01
   2.1648150e+01  -3.6496074e+01  -4.4441739e+01  -6.5004563e+01  -5.4050399e+01
   2.1726285e+01  -3.6675852e+01  -4.4612169e+01  -6.4763943e+01  -5.3669686e+01
   2.1804419e+01  -3.6281969e+01  -4.4232219e+01  -6.4658234e+01  -5.3706296e+01
   2.1882554e+01  -3.6425500e+01  -4.4336406e+01  -6.4975957e+01  -5.3432807e+01
   2.1960689e+01  -3.6718605e+01  -4.4595677e+01  -6.4778759e+01  -5.2831993e+01
   2.2038823e+01  -3.6633401e+01  -4.4529889e+01  -6.4765731e+01  -5.3017056e+01
   2.2116958e+01  -3.6378228e+01  -4.4288010e+01  -6.4351538e+01  -5.2338964e+01
   2.2195092e+01  -3.6585027e+01  -4.4531537e+01  -6.4705350e+01  -5.2609508e+01
   2.2273227e+01  -3.6426026e+01  -4.4343014e+01  -6.4779233e+01  -5.2673817e+01
   2.2351361e+01  -3.6598964e+01  -4.4503267e+01  -6.4304715e+01  -5.2370064e+01
   2.2429496e+01  -3.6199658e+01  -4.4115695e+01  -6.4531609e+01  -5.2369718e+01
   2.2507630e+01  -3.6341141e+01  -4.4217884e+01  -6.4539029e+01  -5.2029944e+01
   2.2585765e+01  -3.6636249e+01  -4.4479828e+01  -6.3996317e+01  -5.1536183e+01
   2.2663899e+01  -3.6536929e+01  -4.4398322e+01  -6.4399234e+01  -5.1609365e+01
   2.2742034e+01  -3.6280809e+01  -4.4153924e+01  -6.3431561e+01  -5.0929483e+01
   2.2820168e+01  -3.6491695e+01  -4.4404100e+01  -6.3933367e+01  -5.1234236e+01
   2.2898303e+01  -3.6331747e+01  -4.4216229e+01  -6.3916995e+01  -5.1256725e+01
   2.2976438e+01  -3.6497713e+01  -4.4366274e+01  -6.3113067e+01  -5.1031073e+01
   2.3054572e+01  -3.6092953e+01  -4.3970584e+01  -6.3709959e+01  -5.0997885e+01
   2.3132707e+01  -3.6232066e+01  -4.4073500e+01  -6.3303477e+01  -5.0613633e+01
   2.3210841e+01  -3.6529330e+01  -4.4339612e+01  -6.2480675e+01  -5.0216389e+01
   2.3288976e+01  -3.6415548e+01  -4.4243620e+01  -6.3151600e+01  -5.0209785e+01
   2.3367110e+01  -3.6158318e+01  -4.3996293e+01  -6.1703299e+01  -4.9529436e+01
   2.3445245e+01  -3.6373599e+01  -4.4253158e+01  -6.2335196e+01  -4.9864066e+01
   2.3523379e+01  -3.6212584e+01  -4.4065609e+01  -6.2242426e+01  -4.9867643e+01
   2.3601514e+01  -3.6371407e+01  -4.4206248e+01  -6.1221056e+01  -4.9703988e+01
   2.3679648e+01  -3.5961125e+01  -4.3802373e+01  -6.1983075e+01  -4.9641491e+01
   2.3757783e+01  -3.6097506e+01  -4.3908589e+01  -6.1280596e+01  -4.9227665e+01
   2.3835917e+01  -3.6397104e+01  -4.4180032e+01  -6.0412203e+01  -4.8914649e+01
   2.3914052e+01  -3.6268406e+01  -4.4071585e+01  -6.1048128e+01  -4.8852426e+01
   2.3992187e+01  -3.6009889e+01  -4.3821475e+01  -5.9416110e+01  -4.8167322e+01
   2.4070321e+01  -3.6229910e+01  -4.4083846e+01  -6.0129609e+01  -4.8529258e+01
   2.4148456e+01  -3.6067682e+01  -4.3896206e+01  -5.9984508e+01  -4.8528278e+01
   2.4226590e+01  -3.6219149e+01  -4.4029073e+01  -5.8940254e+01  -4.8408015e+01
   2.4304725e+01  -3.5803238e+01  -4.3617778e+01  -5.9637504e+01  -4.8318426e+01
   2.4382859e+01  -3.5936474e+01  -4.3728808e+01  -5.8831647e+01  -4.7885237e+01
   2.4460994e+01  -3.6238616e+01  -4.4006010e+01  -5.8095425e+01  -4.7646305e+01
   2.4539128e+01  -3.6094425e+01  -4.3887684e+01  -5.8519096e+01  -4.7544933e+01
   2.4617263e+01  -3.5834429e+01  -4.3635864e+01  -5.6928465e+01  -4.6850244e+01
   2.4695397e+01  -3.6059579e+01  -4.3901299e+01  -5.7685822e+01  -4.7237916e+01
   2.4773532e+01  -3.5895959e+01  -4.3713124e+01  -5.7507065e+01  -4.7240291e+01
   2.4851666e+01  -3.6039811e+01  -4.3840425e+01  -5.6559620e+01  -4.7147335e+01
   2.4929801e+01  -3.5618118e+01  -4.3423592e+01  -5.7090578e+01  -4.7031613e+01
   2.5007936e+01  -3.5747734e+01  -4.3538969e+01  -5.6291207e+01  -4.6586493e+01
   2.5086070e+01  -3.6052668e+01  -4.3821376e+01  -5.5745906e+01  -4.6414124e+01
   2.5164205e+01  -3.5892266e+01  -4.3695584e+01  -5.5930890e+01  -4.6284372e+01
   2.5242339e+01  -3.5630575e+01  -4.3444375e+01  -5.4462885e+01  -4.5576292e+01
   2.5320474e+01  -3.5861299e+01  -4.3709423e+01  -5.5244441e+01  -4.5988596e+01
   2.5398608e+01  -3.5696065e+01  -4.3520160e+01  -5.5043711e+01  -4.5997848e+01
   2.5476743e+01  -3.5831990e+01  -4.3644163e+01  -5.4230947e+01  -4.5919727e+01
   2.5554877e+01  -3.5404313e+01  -4.3224874e+01  -5.4584122e+01  -4.5777854e+01
   2.5633012e+01  -3.5529752e+01  -4.3341288e+01  -5.3826603e+01  -4.5326630e+01
   2.5711146e+01  -3.5837776e+01  -4.3627368e+01  -5.3466179e+01  -4.5215444e+01
   2.5789281e+01  -3.5660278e+01  -4.3495156e+01  -5.3448934e+01  -4.5064162e+01
   2.5867415e+01  -3.5396648e+01  -4.3248298e+01  -5.2109864e+01  -4.4340155e+01
   2.5945550e+01  -3.5633459e+01  -4.3509053e+01  -5.2905776e+01  -4.4776156e+01
   2.6023685e+01  -3.5466333e+01  -4.3317802e+01  -5.2690846e+01  -4.4792870e+01
   2.6101819e+01  -3.5593961e+01  -4.3440118e+01  -5.2009885e+01  -4.4720489e+01
   2.6179954e+01  -3.5160040e+01  -4.3022454e+01  -5.2205452e+01  -4.4551758e+01
   2.6258088e+01  -3.5280639e+01  -4.3133008e+01  -5.1494064e+01  -4.4099293e+01
   2.6336223e+01  -3.5592112e+01  -4.3420550e+01  -5.1292236e+01  -4.4045466e+01
   2.6414357e+01  -3.5396432e+01  -4.3279925e+01  -5.1120246e+01  -4.3876824e+01
   2.6492492e+01  -3.5130580e+01  -4.3042450e+01  -4.9892317e+01  -4.3135438e+01
   2.6570626e+01  -3.5374078e+01  -4.3295455e+01  -5.0696671e+01  -4.3594246e+01
   2.6648761e+01  -3.5204705e+01  -4.3100548e+01  -5.0473115e+01  -4.3616994e+01
   2.6726895e+01  -3.5323600e+01  -4.3221222e+01  -4.9906908e+01  -4.3544084e+01
   2.6805030e+01  -3.4883102e+01  -4.2809695e+01  -4.9970146e+01  -4.3347338e+01
   2.6883164e+01  -3.4998064e+01  -4.2903380e+01  -4.9300744e+01  -4.2897840e+01
   2.6961299e+01  -3.5313428e+01  -4.3190174e+01  -4.9229657e+01  -4.2898641e+01
   2.7039434e+01  -3.5098228e+01  -4.3034051e+01  -4.8944381e+01  -4.2714897e+01
   2.7117568e+01  -3.4829828e+01  -4.2811627e+01  -4.7805807e+01  -4.1955502e+01
   2.7195703e+01  -3.5080716e+01  -4.3055203e+01  -4.8614250e+01  -4.2436250e+01
   2.7273837e+01  -3.4908641e+01  -4.2853618e+01  -4.8385937e+01  -4.2462165e+01
   2.7351972e+01  -3.5018290e+01  -4.2970124e+01  -4.7914686e+01  -4.2384701e+01
   2.7430106e+01  -3.4570798e+01  -4.2568573e+01  -4.7867849e+01  -4.2158533e+01
   2.7508241e+01  -3.4679144e+01  -4.2630266e+01  -4.7235697e+01  -4.1715666e+01
   2.7586375e+01  -3.4998947e+01  -4.2915245e+01  -4.7271613e+01  -4.1769146e+01
   2.7664510e+01  -3.4762577e+01  -4.2729419e+01  -4.6905199e+01  -4.1571085e+01
   2.7742644e+01  -3.4491241e+01  -4.2526869e+01  -4.5836302e+01  -4.0793637e+01
   2.7820779e+01  -3.4750355e+01  -4.2762880e+01  -4.6645320e+01  -4.1295512e+01
   2.7898913e+01  -3.4574981e+01  -4.2549592e+01  -4.6414474e+01  -4.1320626e+01
   2.7977048e+01  -3.4674785e+01  -4.2655958e+01  -4.6019787e+01  -4.1236344e+01
   2.8055183e+01  -3.4219768e+01  -4.2265783e+01  -4.5880627e+01  -4.0979234e+01
   2.8133317e+01  -3.4320280e+01  -4.2277462e+01  -4.5282306e+01  -4.0546122e+01
   2.8211452e+01  -3.4645220e+01  -4.2562275e+01  -4.5406562e+01  -4.0650924e+01
   2.8289586e+01  -3.4385620e+01  -4.2324486e+01  -4.4982537e+01  -4.0438067e+01
   2.8367721e+01  -3.4110886e+01  -4.2143255e+01  -4.3967012e+01  -3.9642925e+01
   2.8445855e+01  -3.4379233e+01  -4.2379002e+01  -4.4773798e+01  -4.0165239e+01
   2.8523990e+01  -3.4199760e+01  -4.2146595e+01  -4.4540969e+01  -4.0184663e+01
   2.8602124e+01  -3.4289022e+01  -4.2233256e+01  -4.4207106e+01  -4.0092657e+01
   2.8680259e+01  -3.3825807e+01  -4.1851118e+01  -4.3989318e+01  -3.9803070e+01
   2.8758393e+01  -3.3916940e+01  -4.1795245e+01  -4.3422693e+01  -3.9382221e+01
   2.8836528e+01  -3.4247911e+01  -4.2085861e+01  -4.3621221e+01  -3.9537490e+01
   2.8914662e+01  -3.3962488e+01  -4.1767759e+01  -4.3155938e+01  -3.9308133e+01
   2.8992797e+01  -3.3683790e+01  -4.1602842e+01  -4.2180670e+01  -3.8495934e+01
   2.9070932e+01  -3.3962598e+01  -4.1852017e+01  -4.2983168e+01  -3.9038214e+01
   2.9149066e+01  -3.3777936e+01  -4.1591101e+01  -4.2747178e+01  -3.9046195e+01
   2.9227201e+01  -3.3855846e+01  -4.1646396e+01  -4.2461240e+01  -3.8946603e+01
   2.9305335e+01  -3.3383563e+01  -4.1262404e+01  -4.2175260e+01  -3.8623044e+01
   2.9383470e+01  -3.3463318e+01  -4.1127676e+01  -4.1638911e+01  -3.8216209e+01
   2.9461604e+01  -3.3801499e+01  -4.1434986e+01  -4.1901488e+01  -3.8421576e+01
   2.9539739e+01  -3.3486930e+01  -4.1008482e+01  -4.1405393e+01  -3.8172700e+01
   2.9617873e+01  -3.3203568e+01  -4.0846625e+01  -4.0459948e+01  -3.7344262e+01
   2.9696008e+01  -3.3494355e+01  -4.1127618e+01  -4.1256931e+01  -3.7906365e+01
   2.9774142e+01  -3.3302977e+01  -4.0828537e+01  -4.1014802e+01  -3.7896232e+01
   2.9852277e+01  -3.3368604e+01  -4.0842360e+01  -4.0766540e+01  -3.7789991e+01
   2.9930411e+01  -3.2886116e+01  -4.0440615e+01  -4.0420267e+01  -3.7430999e+01
   3.0008546e+01  -3.2951841e+01  -4.0227746e+01  -3.9912814e+01  -3.7038961e+01
   3.0086681e+01  -3.3298823e+01  -4.0565934e+01  -4.0232388e+01  -3.7294608e+01
   3.0164815e+01  -3.2950763e+01  -4.0012443e+01  -3.9710908e+01  -3.7021639e+01
   3.0242950e+01  -3.2661852e+01  -3.9834019e+01  -3.8787011e+01  -3.6177898e+01
   3.0321084e+01  -3.2966530e+01  -4.0164891e+01  -3.9578175e+01  -3.6760140e+01
   3.0399219e+01  -3.2766232e+01  -3.9820220e+01  -3.9324968e+01  -3.6724112e+01
   3.0477353e+01  -3.2818523e+01  -3.9788495e+01  -3.9106512e+01  -3.6612778e+01
   3.0555488e+01  -3.2324300e+01  -3.9351172e+01  -3.8705816e+01  -3.6216872e+01
   3.0633622e+01  -3.2372383e+01  -3.9073919e+01  -3.8225226e+01  -3.5839116e+01
   3.0711757e+01  -3.2730373e+01  -3.9456726e+01  -3.8597457e+01  -3.6145919e+01
   3.0789891e+01  -3.2342996e+01  -3.8773618e+01  -3.8051441e+01  -3.5842306e+01
   3.0868026e+01  -3.2047385e+01  -3.8558274e+01  -3.7142518e+01  -3.4984249e+01
   3.0946160e+01  -3.2368416e+01  -3.8950847e+01  -3.7928605e+01  -3.5587587e+01
   3.1024295e+01  -3.2155902e+01  -3.8556858e+01  -3.7657075e+01  -3.5516362e+01
   3.1102429e+01  -3.2193705e+01  -3.8483822e+01  -3.7462684e+01  -3.5402001e+01
   3.1180564e+01  -3.1685627e+01  -3.7996770e+01  -3.7011697e+01  -3.4967533e+01
   3.1258699e+01  -3.1710974e+01  -3.7675666e+01  -3.6554485e+01  -3.4601715e+01
   3.1336833e+01  -3.2083152e+01  -3.8112877e+01  -3.6977541e+01  -3.4961538e+01
   3.1414968e+01  -3.1648380e+01  -3.7311821e+01  -3.6403195e+01  -3.4618021e+01
   3.1493102e+01  -3.1344524e+01  -3.7044301e+01  -3.5503959e+01  -3.3746595e+01
   3.1571237e+01  -3.1685161e+01  -3.7501576e+01  -3.6286944e+01  -3.4372877e+01
   3.1649371e+01  -3.1455280e+01  -3.7056972e+01  -3.5986817e+01  -3.4254833e+01
   3.1727506e+01  -3.1477435e+01  -3.6953581e+01  -3.5812730e+01  -3.4140025e+01
   3.1805640e+01  -3.0952443e+01  -3.6409382e+01  -3.5313877e+01  -3.3664886e+01
   3.1883775e+01  -3.0947559e+01  -3.6061860e+01  -3.4874012e+01  -3.3305918e+01
   3.1961909e+01  -3.1338708e+01  -3.6558616e+01  -3.5348728e+01  -3.3722138e+01
   3.2040044e+01  -3.0844857e+01  -3.5656680e+01  -3.4736821e+01  -3.3325443e+01
   3.2118178e+01  -3.0530584e+01  -3.5329074e+01  -3.3842842e+01  -3.2441395e+01
   3.2196313e+01  -3.0895282e+01  -3.5847414e+01  -3.4626262e+01  -3.3093760e+01
   3.2274448e+01  -3.0639527e+01  -3.5349430e+01  -3.4282723e+01  -3.2913382e+01
   3.2352582e+01  -3.0645123e+01  -3.5229702e+01  -3.4127240e+01  -3.2801422e+01
   3.2430717e+01  -3.0098557e+01  -3.4626404e+01  -3.3580902e+01  -3.2282470e+01
   3.2508851e+01  -3.0051808e+01  -3.4258945e+01  -3.3147958e+01  -3.1920781e+01
   3.2586986e+01  -3.0469524e+01  -3.4818258e+01  -3.3678578e+01  -3.2399311e+01
   3.2665120e+01  -2.9898724e+01  -3.3826964e+01  -3.3012353e+01  -3.1929668e+01
   3.2743255e+01  -2.9570775e+01  -3.3437090e+01  -3.2119473e+01  -3.1033191e+01
   3.2821389e+01  -2.9965930e+01  -3.4010885e+01  -3.2909076e+01  -3.1716788e+01
   3.2899524e+01  -2.9669217e+01  -3.3449501e+01  -3.2499466e+01  -3.1451309e+01
   3.2977658e+01  -2.9658296e+01  -3.3327980e+01  -3.2363524e+01  -3.1346878e+01
   3.3055793e+01  -2.9082536e+01  -3.2664967e+01  -3.1767006e+01  -3.0778742e+01
   3.3133927e+01  -2.8974477e+01  -3.2268173e+01  -3.1322453e+01  -3.0396630e+01
   3.3212062e+01  -2.9431732e+01  -3.2895616e+01  -3.1918592e+01  -3.0948085e+01
   3.3290197e+01  -2.8754496e+01  -3.1810555e+01  -3.1168824e+01  -3.0373947e+01
   3.3368331e+01  -2.8407435e+01  -3.1358286e+01  -3.0272056e+01  -2.9463810e+01
   3.3446466e+01  -2.8842935e+01  -3.1984712e+01  -3.1077221e+01  -3.0187277e+01
   3.3524600e+01  -2.8475779e+01  -3.1333226e+01  -3.0563080e+01  -2.9798703e+01
   3.3602735e+01  -2.8451345e+01  -3.1225677e+01  -3.0452134e+01  -2.9709815e+01
   3.3680869e+01  -2.7832646e+01  -3.0497989e+01  -2.9796974e+01  -2.9082081e+01
   3.3759004e+01  -2.7627183e+01  -3.0039481e+01  -2.9305353e+01  -2.8644903e+01
   3.3837138e+01  -2.8148450e+01  -3.0750601e+01  -2.9987039e+01  -2.9289780e+01
   3.3915273e+01  -2.7310500e+01  -2.9537162e+01  -2.9099472e+01  -2.8554922e+01
   3.3993407e+01  -2.6933519e+01  -2.9018994e+01  -2.8190012e+01  -2.7625786e+01
   3.4071542e+01  -2.7426653e+01  -2.9703479e+01  -2.9027478e+01  -2.8405006e+01
   3.4149676e+01  -2.6922646e+01  -2.8895394e+01  -2.8332043e+01  -2.7817646e+01
   3.4227811e+01  -2.6896961e+01  -2.8825128e+01  -2.8261890e+01  -2.7761504e+01
   3.4305946e+01  -2.6206773e+01  -2.8013766e+01  -2.7526187e+01  -2.7050956e+01
   3.4384080e+01  -2.5824799e+01  -2.7414392e+01  -2.6908861e+01  -2.6480858e+01
   3.4462215e+01  -2.6463806e+01  -2.8251722e+01  -2.7721624e+01  -2.7264689e+01
   3.4540349e+01  -2.5346497e+01  -2.6807071e+01  -2.6578252e+01  -2.6248967e+01
   3.4618484e+01  -2.4910142e+01  -2.6201579e+01  -2.5631280e+01  -2.5279821e+01
   3.4696618e+01  -2.5499644e+01  -2.6972102e+01  -2.6538762e+01  -2.6151355e+01
   3.4774753e+01  -2.4670282e+01  -2.5817033e+01  -2.5463503e+01  -2.5168368e+01
   3.4852887e+01  -2.4687358e+01  -2.5836323e+01  -2.5479834e+01  -2.5191175e+01
   3.4931022e+01  -2.3852018e+01  -2.4879685e+01  -2.4601129e+01  -2.4334430e+01
   3.5009156e+01  -2.3057955e+01  -2.3902935e+01  -2.3623474e+01  -2.3397500e+01
   3.5087291e+01  -2.3968424e+01  -2.5000688e+01  -2.4699924e+01  -2.4452491e+01
   3.5165425e+01  -2.2214985e+01  -2.2984193e+01  -2.2945921e+01  -2.2797202e+01
   3.5243560e+01  -2.1570196e+01  -2.2151266e+01  -2.1826494e+01  -2.1659537e+01
   3.5321695e+01  -2.2412753e+01  -2.3154603e+01  -2.2956333e+01  -2.2772835e+01
   3.5399829e+01  -2.0401585e+01  -2.0805883e+01  -2.0651610e+01  -2.0545460e+01
   3.5477964e+01  -2.0589301e+01  -2.1028442e+01  -2.0858379e+01  -2.0754153e+01
   3.5556098e+01  -1.9336422e+01  -1.9683497e+01  -1.9596728e+01  -1.9508319e+01
   3.5634233e+01  -1.6574125e+01  -1.6783689e+01  -1.6712244e+01  -1.6657827e+01
   3.5712367e+01  -1.8432703e+01  -1.8740481e+01  -1.8629102e+01  -1.8564283e+01
   3.5790502e+01  -1.3144198e+01  -1.3291107e+01  -1.3354340e+01  -1.3340697e+01
   3.5868636e+01  -7.0941947e+00  -7.1073233e+00  -7.0385018e+00  -7.0290666e+00
   3.5946771e+01  -9.9143224e-01  -1.0076677e+00  -1.0149929e+00  -1.0130859e+00
   3.6024905e+01  -4.2085518e+00  -4.2227225e+00  -4.1757155e+00  -4.1742933e+00
   3.6103040e+01  -9.9246573e-01  -1.0142432e+00  -1.0298540e+00  -1.0277398e+00
   3.6181174e+01  -4.1559804e+00  -4.1721595e+00  -4.1292930e+00  -4.1243398e+00
   3.6259309e+01  -8.1570457e-01  -8.3162749e-01  -8.3718147e-01  -8.3496519e-01
   3.6337444e+01  -4.2089612e+00  -4.2348975e+00  -4.1895197e+00  -4.1878966e+00
   3.6415578e+01  -8.5451289e-01  -8.5829337e-01  -8.5199288e-01  -8.5023053e-01
   3.6493713e+01  -4.4708126e+00  -4.4996598e+00  -4.4606497e+00  -4.4590294e+00
   3.6571847e+01  -4.3189063e-01  -4.4656391e-01  -4.5274073e-01  -4.5273961e-01
   3.6649982e+01  -4.1305795e+00  -4.1691315e+00  -4.1305153e+00  -4.1264093e+00
   3.6728116e+01  -6.1706860e-01  -6.1037485e-01  -5.9660700e-01  -5.9264296e-01
   3.6806251e+01  -4.2598965e+00  -4.2706839e+00  -4.2149569e+00  -4.2135588e+00
   3.6884385e+01  -1.7882966e-01  -1.8714883e-01  -1.8483954e-01  -1.8371428e-01
   3.6962520e+01  -3.9042104e+00  -3.9224590e+00  -3.8714928e+00  -3.8655591e+00
   3.7040654e+01   0.0000000e+00   0.0000000e+00   0.0000000e+00   0.0000000e+00
   3.7118789e+01  -3.9422841e+00  -3.9605763e+00  -3.9084771e+00  -3.9047180e+00
   3.7196923e+01  -1.5357089e-01  -1.6025268e-01  -1.5510570e-01  -1.5308954e-01
   3.7275058e+01  -4.1183949e+00  -4.1490517e+00  -4.1235463e+00  -4.1214869e+00
   3.7353193e+01  -5.9090854e-01  -6.0184697e-01  -6.1091066e-01  -6.0959198e-01
   3.7431327e+01  -3.6225499e+00  -3.6431479e+00  -3.5928138e+00  -3.5886218e+00
   3.7509462e+01  -2.7741677e-01  -2.9132372e-01  -2.9842967e-01  -2.9846892e-01
   3.7587596e+01  -4.1602262e+00  -4.1556247e+00  -4.0977203e+00  -4.0955621e+00
   3.7665731e+01  -7.0987062e-01  -7.1769514e-01  -7.1760323e-01  -7.1623015e-01
   3.7743865e+01  -4.2744213e+00  -4.3021048e+00  -4.2525759e+00  -4.2496294e+00
   3.7822000e+01  -6.4383603e-01  -6.6435308e-01  -6.7024982e-01  -6.7101546e-01
   3.7900134e+01  -3.9795470e+00  -3.9910753e+00  -3.9418517e+00  -3.9404200e+00
   3.7978269e+01  -5.2345278e-01  -5.4000136e-01  -5.4019841e-01  -5.3869668e-01
   3.8056403e+01  -3.8756597e+00  -3.9024834e+00  -3.8677558e+00  -3.8647483e+00
   3.8134538e+01  -6.1363318e-01  -6.2441563e-01  -6.2326986e-01  -6.2228839e-01
   3.8212672e+01  -4.0555870e+00  -4.0624999e+00  -3.9892266e+00  -3.9863143e+00
   3.8290807e+01  -6.4410129e-01  -6.5434962e-01  -6.5684194e-01  -6.5536770e-01
   3.8368942e+01  -4.2141262e+00  -4.2139059e+00  -4.1421933e+00  -4.1390164e+00
   3.8447076e+01  -4.9473657e-01  -5.0215858e-01  -5.0335334e-01  -5.0175794e-01
   3.8525211e+01  -3.9911292e+00  -4.0035552e+00  -3.9561480e+00  -3.9526052e+00
   3.8603345e+01  -2.2521416e-01  -2.2984265e-01  -2.3422639e-01  -2.3374801e-01
   3.8681480e+01  -4.0627121e+00  -4.0779352e+00  -4.0241167e+00  -4.0204290e+00
   3.8759614e+01  -5.9400288e-01  -5.8709188e-01  -5.6824238e-01  -5.6661591e-01
   3.8837749e+01  -4.0599809e+00  -4.0716306e+00  -4.0087758e+00  -4.0056532e+00
   3.8915883e+01  -6.0201676e-01  -6.2476584e-01  -6.4236070e-01  -6.4147352e-01
   3.8994018e+01  -4.3109528e+00  -4.3356358e+00  -4.2867476e+00  -4.2829827e+00
   3.9072152e+01  -4.8027054e-01  -4.9747035e-01  -5.0879290e-01  -5.0796393e-01
   3.9150287e+01  -4.2433690e+00  -4.2635018e+00  -4.2196829e+00  -4.2182859e+00
   3.9228421e+01  -1.2003132e+00  -1.1940969e+00  -1.1773349e+00  -1.1757797e+00
   3.9306556e+01  -3.8578709e+00  -3.8660152e+00  -3.7986313e+00  -3.7960554e+00
   3.9384691e+01  -6.2656504e-01  -6.3188814e-01  -6.2295176e-01  -6.2228508e-01
   3.9462825e+01  -4.1506907e+00  -4.1596739e+00  -4.1066259e+00  -4.1035463e+00
   3.9540960e+01  -6.5657871e-01  -6.5770997e-01  -6.4879572e-01  -6.4734258e-01
   3.9619094e+01  -4.4905057e+00  -4.5038929e+00  -4.4475581e+00  -4.4472061e+00
   3.9697229e+01  -6.3775921e-01  -6.3533492e-01  -6.1617125e-01  -6.1527728e-01
   3.9775363e+01  -3.7948378e+00  -3.8341762e+00  -3.8101226e+00  -3.8071830e+00
   3.9853498e+01  -7.5271793e-01  -7.6919576e-01  -7.7038018e-01  -7.6915459e-01
   3.9931632e+01  -6.7273681e+00  -6.8011004e+00  -6.7972096e+00  -6.7911982e+00
