  -4.0000000e+01  -1.0677240e+01  -1.0624568e+01  -1.0666337e+01  -1.0724337e+01
  -3.9921865e+01  -7.2857045e+00  -6.9652156e+00  -6.9796204e+00  -6.9917599e+00
  -3.9843731e+01  -6.5962587e-01  -6.3859193e-01  -6.3177718e-01  -6.3083664e-01
  -3.9765596e+01  -4.3800752e+00  -4.1798060e+00  -4.1421598e+00  -4.1444041e+00
  -3.9687462e+01  -7.5578532e-01  -7.3796374e-01  -6.7993296e-01  -6.5785176e-01
  -3.9609327e+01  -4.0669042e+00  -3.8276503e+00  -3.7705796e+00  -3.7551035e+00
  -3.9531193e+01  -9.6954503e-01  -9.1112782e-01  -8.6526805e-01  -8.5575195e-01
  -3.9453058e+01  -4.4210714e+00  -4.1497770e+00  -4.1617016e+00  -4.1620682e+00
  -3.9374924e+01  -5.7322071e-01  -5.3315213e-01  -4.6415364e-01  -4.4205270e-01
  -3.9296789e+01  -4.3006233e+00  -4.0795303e+00  -4.0639000e+00  -4.0678466e+00
  -3.9218655e+01  -7.6851312e-01  -7.7810880e-01  -7.6596092e-01  -7.4189470e-01
  -3.9140520e+01  -3.9483926e+00  -3.7224308e+00  -3.7332445e+00  -3.7634835e+00
  -3.9062386e+01  -6.6781901e-01  -6.6491233e-01  -6.8189369e-01  -6.8473043e-01
  -3.8984251e+01  -3.9261994e+00  -3.6764902e+00  -3.6706131e+00  -3.6748552e+00
  -3.8906116e+01   0.0000000e+00   0.0000000e+00  -1.3460496e-02  -1.9354260e-02
  -3.8827982e+01  -4.1639576e+00  -3.9171821e+00  -3.8959187e+00  -3.9024547e+00
  -3.8749847e+01  -2.9329921e-01  -2.8329501e-01  -3.0379908e-01  -3.1196083e-01
  -3.8671713e+01  -4.0401335e+00  -3.7986498e+00  -3.7472858e+00  -3.7318612e+00
  -3.8593578e+01  -1.0512260e+00  -1.0032322e+00  -9.7875143e-01  -9.6517385e-01
  -3.8515444e+01  -4.2203187e+00  -3.9768402e+00  -4.0061473e+00  -4.0373466e+00
  -3.8437309e+01  -6.5966556e-01  -6.3972509e-01  -6.0628206e-01  -5.9688352e-01
  -3.8359175e+01  -4.1509264e+00  -3.9510052e+00  -3.9193148e+00  -3.9195305e+00
  -3.8281040e+01  -3.9452468e-01  -3.9067435e-01  -3.9161051e-01  -3.9249816e-01
  -3.8202906e+01  -4.0986743e+00  -3.8445329e+00  -3.8349699e+00  -3.8230524e+00
  -3.8124771e+01  -7.1098101e-01  -6.9606260e-01  -6.7935789e-01  -6.7045553e-01
  -3.8046637e+01  -3.7292142e+00  -3.5097129e+00  -3.5528014e+00  -3.5840600e+00
  -3.7968502e+01  -7.1436240e-01  -7.0787184e-01  -7.0121528e-01  -6.9489002e-01
  -3.7890367e+01  -4.4147061e+00  -4.1394711e+00  -4.1470460e+00  -4.1677114e+00
  -3.7812233e+01  -6.9234790e-01  -6.7718682e-01  -6.3080810e-01  -6.0379989e-01
  -3.7734098e+01  -4.1596087e+00  -3.9685280e+00  -3.9963055e+00  -3.9981406e+00
  -3.7655964e+01  -9.8799398e-01  -9.4272943e-01  -9.0701477e-01  -8.9812944e-01
  -3.7577829e+01  -4.0505505e+00  -3.7915897e+00  -3.7147569e+00  -3.6766328e+00
  -3.7499695e+01  -6.2437051e-01  -5.8652016e-01  -5.7277520e-01  -5.7048434e-01
  -3.7421560e+01  -3.7629892e+00  -3.5726340e+00  -3.6123328e+00  -3.6359725e+00
  -3.7343426e+01  -9.1779071e-01  -8.8802086e-01  -8.0403514e-01  -7.6115716e-01
  -3.7265291e+01  -4.1238986e+00  -3.8883224e+00  -3.8706985e+00  -3.8774701e+00
  -3.7187157e+01  -4.3313663e-01  -4.2792171e-01  -4.4219660e-01  -4.4338727e-01
  -3.7109022e+01  -4.0213234e+00  -3.7688193e+00  -3.7435856e+00  -3.7387931e+00
  -3.7030888e+01  -6.9965196e-01  -6.6700853e-01  -6.4322862e-01  -6.3196593e-01
  -3.6952753e+01  -4.1129032e+00  -3.8928820e+00  -3.9877895e+00  -4.0207319e+00
  -3.6874618e+01  -9.4408841e-01  -8.9814710e-01  -8.6139286e-01  -8.3603777e-01
  -3.6796484e+01  -4.2711689e+00  -4.0491565e+00  -4.0678394e+00  -4.0698931e+00
  -3.6718349e+01  -4.7044379e-01  -4.5474325e-01  -4.5711982e-01  -4.6401037e-01
  -3.6640215e+01  -4.3928326e+00  -4.1384985e+00  -4.0938262e+00  -4.0864934e+00
  -3.6562080e+01  -3.0784541e-01  -2.8160084e-01  -2.5805251e-01  -2.5464484e-01
  -3.6483946e+01  -3.6980166e+00  -3.4365852e+00  -3.4187932e+00  -3.4257062e+00
  -3.6405811e+01  -7.4988448e-01  -7.2906787e-01  -7.3185825e-01  -7.2179636e-01
  -3.6327677e+01  -4.2335920e+00  -3.9873013e+00  -3.9690879e+00  -3.9511221e+00
  -3.6249542e+01  -4.6062972e-01  -4.5760450e-01  -4.5881857e-01  -4.5960543e-01
  -3.6171408e+01  -4.3526528e+00  -4.0910664e+00  -4.1248474e+00  -4.1339236e+00
  -3.6093273e+01  -6.3204142e-01  -6.1534044e-01  -6.0148471e-01  -5.9262188e-01
  -3.6015139e+01  -4.2354259e+00  -4.0063410e+00  -4.0011183e+00  -3.9971276e+00
  -3.5937004e+01  -8.5885536e-01  -8.1967017e-01  -8.1540856e-01  -8.0620006e-01
  -3.5858869e+01  -7.1201558e+00  -6.8516591e+00  -6.9304265e+00  -6.9666338e+00
  -3.5780735e+01  -1.3276746e+01  -1.3497093e+01  -1.3672485e+01  -1.3706637e+01
  -3.5702600e+01  -1.8273747e+01  -1.8074455e+01  -1.8632146e+01  -1.8893156e+01
  -3.5624466e+01  -1.6778706e+01  -1.6705014e+01  -1.7241328e+01  -1.7463212e+01
  -3.5546331e+01  -1.9536561e+01  -1.9780881e+01  -2.1188148e+01  -2.1783125e+01
  -3.5468197e+01  -2.0477620e+01  -2.0235673e+01  -2.1582991e+01  -2.2234060e+01
  -3.5390062e+01  -2.0198698e+01  -1.9909222e+01  -2.1266440e+01  -2.1945161e+01
  -3.5311928e+01  -2.2473860e+01  -2.2311645e+01  -2.4778223e+01  -2.5946388e+01
  -3.5233793e+01  -2.1406580e+01  -2.1016915e+01  -2.2698266e+01  -2.3722162e+01
  -3.5155659e+01  -2.2027268e+01  -2.2204423e+01  -2.4365882e+01  -2.5534418e+01
  -3.5077524e+01  -2.2773919e+01  -2.2951746e+01  -2.5246382e+01  -2.6578673e+01
  -3.4999390e+01  -2.1902076e+01  -2.1737732e+01  -2.3611755e+01  -2.4575051e+01
  -3.4921255e+01  -2.2444637e+01  -2.2711635e+01  -2.5542625e+01  -2.7072202e+01
  -3.4843120e+01  -2.1585957e+01  -2.1595158e+01  -2.3870508e+01  -2.5210975e+01
  -3.4764986e+01  -2.1522823e+01  -2.1012009e+01  -2.3017857e+01  -2.4034970e+01
  -3.4686851e+01  -2.2484481e+01  -2.2406090e+01  -2.4832076e+01  -2.6201067e+01
  -3.4608717e+01  -1.9950348e+01  -1.9804234e+01  -2.0906117e+01  -2.1525291e+01
  -3.4530582e+01  -2.0689535e+01  -2.0339368e+01  -2.1722733e+01  -2.2365790e+01
  -3.4452448e+01  -1.9704049e+01  -2.0042599e+01  -2.1118602e+01  -2.1641754e+01
  -3.4374313e+01  -1.6981295e+01  -1.6678550e+01  -1.7023100e+01  -1.7161985e+01
  -3.4296179e+01  -1.8198308e+01  -1.8162502e+01  -1.9031319e+01  -1.9384066e+01
  -3.4218044e+01  -1.3132402e+01  -1.3170952e+01  -1.3514782e+01  -1.3655527e+01
  -3.4139910e+01  -6.9993392e+00  -6.7477334e+00  -6.8113006e+00  -6.8324185e+00
  -3.4061775e+01  -3.2965216e-01  -2.9027901e-01  -2.3428779e-01  -2.1953636e-01
  -3.3983641e+01  -4.2832082e+00  -4.0665797e+00  -4.1470386e+00  -4.1734237e+00
  -3.3905506e+01  -3.7202582e-01  -3.5212907e-01  -3.2843558e-01  -3.1884744e-01
  -3.3827372e+01  -4.0377241e+00  -3.8025819e+00  -3.8033310e+00  -3.8138567e+00
  -3.3749237e+01  -8.6818237e-01  -8.2662443e-01  -8.1473132e-01  -7.9627936e-01
  -3.3671102e+01  -4.4440393e+00  -4.2493599e+00  -4.1845166e+00  -4.1756271e+00
  -3.3592968e+01  -6.1210406e-01  -5.7263099e-01  -5.5840556e-01  -5.5674119e-01
  -3.3514833e+01  -4.2484980e+00  -4.0378297e+00  -4.0754263e+00  -4.1118352e+00
  -3.3436699e+01  -6.0586316e-01  -5.7551491e-01  -5.2525751e-01  -5.0170117e-01
  -3.3358564e+01  -3.9502843e+00  -3.7279394e+00  -3.7596798e+00  -3.7555328e+00
  -3.3280430e+01  -9.8866403e-01  -9.4406379e-01  -9.0497034e-01  -8.9628693e-01
  -3.3202295e+01  -4.1634050e+00  -3.9248886e+00  -3.9354641e+00  -3.9629004e+00
  -3.3124161e+01  -7.5420736e-01  -7.3358755e-01  -7.5495611e-01  -7.6941300e-01
  -3.3046026e+01  -4.1379630e+00  -3.8990546e+00  -3.8983626e+00  -3.8985229e+00
  -3.2967892e+01  -6.2988838e-01  -5.8578209e-01  -5.5826889e-01  -5.4354162e-01
  -3.2889757e+01  -4.1595447e+00  -3.8715727e+00  -3.8763390e+00  -3.8748243e+00
  -3.2811623e+01  -3.2464567e-01  -2.9846189e-01  -2.8933856e-01  -2.8295814e-01
  -3.2733488e+01  -4.3863749e+00  -4.1213327e+00  -4.1792496e+00  -4.1983281e+00
  -3.2655353e+01  -6.6672644e-01  -6.4385419e-01  -6.1075673e-01  -5.9206707e-01
  -3.2577219e+01  -4.1216208e+00  -3.8903328e+00  -3.8058287e+00  -3.7702921e+00
  -3.2499084e+01  -5.3096420e-01  -4.9490869e-01  -4.5568320e-01  -4.4654614e-01
  -3.2420950e+01  -4.1152942e+00  -3.8676582e+00  -3.9009650e+00  -3.9292582e+00
  -3.2342815e+01  -3.6797327e-01  -3.2847161e-01  -2.9686482e-01  -2.6333949e-01
  -3.2264681e+01  -3.8905077e+00  -3.6588935e+00  -3.6868234e+00  -3.6999068e+00
  -3.2186546e+01  -3.9732958e-01  -3.7360495e-01  -3.6534828e-01  -3.7537930e-01
  -3.2108412e+01  -4.3091741e+00  -4.0770936e+00  -4.1229870e+00  -4.1433891e+00
  -3.2030277e+01  -5.5863713e-01  -4.9816495e-01  -4.9173558e-01  -4.9752264e-01
  -3.1952143e+01  -4.1867411e+00  -3.9308513e+00  -3.8927903e+00  -3.8826866e+00
  -3.1874008e+01  -4.5219343e-01  -4.0465479e-01  -4.0592729e-01  -4.1270885e-01
  -3.1795874e+01  -4.0511056e+00  -3.8478222e+00  -3.9067867e+00  -3.9329494e+00
  -3.1717739e+01  -8.6301602e-01  -8.2226321e-01  -7.8797189e-01  -7.8965826e-01
  -3.1639604e+01  -4.1538692e+00  -3.9919890e+00  -3.9901894e+00  -3.9902529e+00
  -3.1561470e+01  -1.3235455e-01  -1.2732899e-01  -1.0737327e-01  -8.5009241e-02
  -3.1483335e+01  -4.1600029e+00  -3.9121700e+00  -3.8690744e+00  -3.8488750e+00
  -3.1405201e+01  -6.8055866e-01  -6.7375802e-01  -6.4674534e-01  -6.3130397e-01
  -3.1327066e+01  -4.1775530e+00  -3.9787501e+00  -3.9762381e+00  -3.9815941e+00
  -3.1248932e+01  -7.7398370e-01  -7.6406401e-01  -8.0206011e-01  -8.2589158e-01
  -3.1170797e+01  -4.1533823e+00  -3.8636197e+00  -3.8104840e+00  -3.8089910e+00
  -3.1092663e+01  -1.7860808e-02  -7.9924840e-03   0.0000000e+00   0.0000000e+00
  -3.1014528e+01  -4.3075245e+00  -4.0397072e+00  -4.0663013e+00  -4.0809333e+00
  -3.0936394e+01  -6.4143923e-01  -5.9808281e-01  -5.1073546e-01  -4.8684186e-01
  -3.0858259e+01  -4.2334532e+00  -4.0533516e+00  -4.0951312e+00  -4.1107335e+00
  -3.0780125e+01  -4.6048516e-01  -4.4176364e-01  -4.2714842e-01  -4.1671749e-01
  -3.0701990e+01  -3.9403280e+00  -3.7507921e+00  -3.7865727e+00  -3.8052294e+00
  -3.0623855e+01  -3.9002867e-01  -3.4808092e-01  -3.1479342e-01  -3.0824491e-01
  -3.0545721e+01  -4.0778606e+00  -3.8028052e+00  -3.7791259e+00  -3.7813080e+00
  -3.0467586e+01  -5.0451600e-01  -4.7430280e-01  -4.4768022e-01  -4.3487938e-01
  -3.0389452e+01  -4.3541190e+00  -4.1348302e+00  -4.1616939e+00  -4.1976244e+00
  -3.0311317e+01  -5.5342975e-01  -5.5372840e-01  -5.6398602e-01  -5.5948017e-01
  -3.0233183e+01  -4.2005339e+00  -3.9587792e+00  -4.0068952e+00  -4.0280169e+00
  -3.0155048e+01  -5.7722334e-01  -5.3608792e-01  -5.1219933e-01  -5.0862252e-01
  -3.0076914e+01  -6.9572209e+00  -6.6808648e+00  -6.7314739e+00  -6.7545211e+00
  -2.9998779e+01  -1.0677240e+01  -1.0624568e+01  -1.0666337e+01  -1.0724337e+01
  -2.9920645e+01  -7.2857045e+00  -6.9652156e+00  -6.9796204e+00  -6.9917599e+00
  -2.9842510e+01  -6.5962587e-01  -6.3859193e-01  -6.3177718e-01  -6.3083664e-01
  -2.9764376e+01  -4.3800752e+00  -4.1798060e+00  -4.1421598e+00  -4.1444041e+00
  -2.9686241e+01  -7.5578532e-01  -7.3796374e-01  -6.7993296e-01  -6.5785176e-01
  -2.9608106e+01  -4.0669042e+00  -3.8276503e+00  -3.7705796e+00  -3.7551035e+00
  -2.9529972e+01  -9.6954503e-01  -9.1112782e-01  -8.6526805e-01  -8.5575195e-01
  -2.9451837e+01  -4.4210714e+00  -4.1497770e+00  -4.1617016e+00  -4.1620682e+00
  -2.9373703e+01  -5.7322071e-01  -5.3315213e-01  -4.6415364e-01  -4.4205270e-01
  -2.9295568e+01  -4.3006233e+00  -4.0795303e+00  -4.0639000e+00  -4.0678466e+00
  -2.9217434e+01  -7.6851312e-01  -7.7810880e-01  -7.6596092e-01  -7.4189470e-01
  -2.9139299e+01  -3.9483926e+00  -3.7224308e+00  -3.7332445e+00  -3.7634835e+00
  -2.9061165e+01  -6.6781901e-01  -6.6491233e-01  -6.8189369e-01  -6.8473043e-01
  -2.8983030e+01  -3.9261994e+00  -3.6764902e+00  -3.6706131e+00  -3.6748552e+00
  -2.8904896e+01   0.0000000e+00   0.0000000e+00  -1.3460496e-02  -1.9354260e-02
  -2.8826761e+01  -4.1639576e+00  -3.9171821e+00  -3.8959187e+00  -3.9024547e+00
  -2.8748627e+01  -2.9329921e-01  -2.8329501e-01  -3.0379908e-01  -3.1196083e-01
  -2.8670492e+01  -4.0401335e+00  -3.7986498e+00  -3.7472858e+00  -3.7318612e+00
  -2.8592357e+01  -1.0512260e+00  -1.0032322e+00  -9.7875143e-01  -9.6517385e-01
  -2.8514223e+01  -4.2203187e+00  -3.9768402e+00  -4.0061473e+00  -4.0373466e+00
  -2.8436088e+01  -6.5966556e-01  -6.3972509e-01  -6.0628206e-01  -5.9688352e-01
  -2.8357954e+01  -4.1509264e+00  -3.9510052e+00  -3.9193148e+00  -3.9195305e+00
  -2.8279819e+01  -3.9452468e-01  -3.9067435e-01  -3.9161051e-01  -3.9249816e-01
  -2.8201685e+01  -4.0986743e+00  -3.8445329e+00  -3.8349699e+00  -3.8230524e+00
  -2.8123550e+01  -7.1098101e-01  -6.9606260e-01  -6.7935789e-01  -6.7045553e-01
  -2.8045416e+01  -3.7292142e+00  -3.5097129e+00  -3.5528014e+00  -3.5840600e+00
  -2.7967281e+01  -7.1436240e-01  -7.0787184e-01  -7.0121528e-01  -6.9489002e-01
  -2.7889147e+01  -4.4147061e+00  -4.1394711e+00  -4.1470460e+00  -4.1677114e+00
  -2.7811012e+01  -6.9234790e-01  -6.7718682e-01  -6.3080810e-01  -6.0379989e-01
  -2.7732878e+01  -4.1596087e+00  -3.9685280e+00  -3.9963055e+00  -3.9981406e+00
  -2.7654743e+01  -9.8799398e-01  -9.4272943e-01  -9.0701477e-01  -8.9812944e-01
  -2.7576608e+01  -4.0505505e+00  -3.7915897e+00  -3.7147569e+00  -3.6766328e+00
  -2.7498474e+01  -6.2437051e-01  -5.8652016e-01  -5.7277520e-01  -5.7048434e-01
  -2.7420339e+01  -3.7629892e+00  -3.5726340e+00  -3.6123328e+00  -3.6359725e+00
  -2.7342205e+01  -9.1779071e-01  -8.8802086e-01  -8.0403514e-01  -7.6115716e-01
  -2.7264070e+01  -4.1238986e+00  -3.8883224e+00  -3.8706985e+00  -3.8774701e+00
  -2.7185936e+01  -4.3313663e-01  -4.2792171e-01  -4.4219660e-01  -4.4338727e-01
  -2.7107801e+01  -4.0213234e+00  -3.7688193e+00  -3.7435856e+00  -3.7387931e+00
  -2.7029667e+01  -6.9965196e-01  -6.6700853e-01  -6.4322862e-01  -6.3196593e-01
  -2.6951532e+01  -4.1129032e+00  -3.8928820e+00  -3.9877895e+00  -4.0207319e+00
  -2.6873398e+01  -9.4408841e-01  -8.9814710e-01  -8.6139286e-01  -8.3603777e-01
  -2.6795263e+01  -4.2711689e+00  -4.0491565e+00  -4.0678394e+00  -4.0698931e+00
  -2.6717129e+01  -4.7044379e-01  -4.5474325e-01  -4.5711982e-01  -4.6401037e-01
  -2.6638994e+01  -4.3928326e+00  -4.1384985e+00  -4.0938262e+00  -4.0864934e+00
  -2.6560859e+01  -3.0784541e-01  -2.8160084e-01  -2.5805251e-01  -2.5464484e-01
  -2.6482725e+01  -3.6980166e+00  -3.4365852e+00  -3.4187932e+00  -3.4257062e+00
  -2.6404590e+01  -7.4988448e-01  -7.2906787e-01  -7.3185825e-01  -7.2179636e-01
  -2.6326456e+01  -4.2335920e+00  -3.9873013e+00  -3.9690879e+00  -3.9511221e+00
  -2.6248321e+01  -4.6062972e-01  -4.5760450e-01  -4.5881857e-01  -4.5960543e-01
  -2.6170187e+01  -4.3526528e+00  -4.0910664e+00  -4.1248474e+00  -4.1339236e+00
  -2.6092052e+01  -6.3204142e-01  -6.1534044e-01  -6.0148471e-01  -5.9262188e-01
  -2.6013918e+01  -4.2354259e+00  -4.0063410e+00  -4.0011183e+00  -3.9971276e+00
  -2.5935783e+01  -8.5885536e-01  -8.1967017e-01  -8.1540856e-01  -8.0620006e-01
  -2.5857649e+01  -7.1201558e+00  -6.8516591e+00  -6.9304265e+00  -6.9666338e+00
  -2.5779514e+01  -1.3276746e+01  -1.3497093e+01  -1.3672485e+01  -1.3706637e+01
  -2.5701380e+01  -1.8273747e+01  -1.8074455e+01  -1.8632146e+01  -1.8893156e+01
  -2.5623245e+01  -1.6778706e+01  -1.6705014e+01  -1.7241328e+01  -1.7463212e+01
  -2.5545110e+01  -1.9536561e+01  -1.9780881e+01  -2.1188148e+01  -2.1783125e+01
  -2.5466976e+01  -2.0477620e+01  -2.0235673e+01  -2.1582991e+01  -2.2234060e+01
  -2.5388841e+01  -2.0198698e+01  -1.9909222e+01  -2.1266440e+01  -2.1945161e+01
  -2.5310707e+01  -2.2473860e+01  -2.2311645e+01  -2.4778223e+01  -2.5946388e+01
  -2.5232572e+01  -2.1406580e+01  -2.1016915e+01  -2.2698266e+01  -2.3722162e+01
  -2.5154438e+01  -2.2027268e+01  -2.2204423e+01  -2.4365882e+01  -2.5534418e+01
  -2.5076303e+01  -2.2773919e+01  -2.2951746e+01  -2.5246382e+01  -2.6578673e+01
  -2.4998169e+01  -2.1902076e+01  -2.1737732e+01  -2.3611755e+01  -2.4575051e+01
  -2.4920034e+01  -2.2444637e+01  -2.2711635e+01  -2.5542625e+01  -2.7072202e+01
  -2.4841900e+01  -2.1585957e+01  -2.1595158e+01  -2.3870508e+01  -2.5210975e+01
  -2.4763765e+01  -2.1522823e+01  -2.1012009e+01  -2.3017857e+01  -2.4034970e+01
  -2.4685631e+01  -2.2484481e+01  -2.2406090e+01  -2.4832076e+01  -2.6201067e+01
  -2.4607496e+01  -1.9950348e+01  -1.9804234e+01  -2.0906117e+01  -2.1525291e+01
  -2.4529361e+01  -2.0689535e+01  -2.0339368e+01  -2.1722733e+01  -2.2365790e+01
  -2.4451227e+01  -1.9704049e+01  -2.0042599e+01  -2.1118602e+01  -2.1641754e+01
  -2.4373092e+01  -1.6981295e+01  -1.6678550e+01  -1.7023100e+01  -1.7161985e+01
  -2.4294958e+01  -1.8198308e+01  -1.8162502e+01  -1.9031319e+01  -1.9384066e+01
  -2.4216823e+01  -1.3132402e+01  -1.3170952e+01  -1.3514782e+01  -1.3655527e+01
  -2.4138689e+01  -6.9993392e+00  -6.7477334e+00  -6.8113006e+00  -6.8324185e+00
  -2.4060554e+01  -3.2965216e-01  -2.9027901e-01  -2.3428779e-01  -2.1953636e-01
  -2.3982420e+01  -4.2832082e+00  -4.0665797e+00  -4.1470386e+00  -4.1734237e+00
  -2.3904285e+01  -3.7202582e-01  -3.5212907e-01  -3.2843558e-01  -3.1884744e-01
  -2.3826151e+01  -4.0377241e+00  -3.8025819e+00  -3.8033310e+00  -3.8138567e+00
  -2.3748016e+01  -8.6818237e-01  -8.2662443e-01  -8.1473132e-01  -7.9627936e-01
  -2.3669882e+01  -4.4440393e+00  -4.2493599e+00  -4.1845166e+00  -4.1756271e+00
  -2.3591747e+01  -6.1210406e-01  -5.7263099e-01  -5.5840556e-01  -5.5674119e-01
  -2.3513613e+01  -4.2484980e+00  -4.0378297e+00  -4.0754263e+00  -4.1118352e+00
  -2.3435478e+01  -6.0586316e-01  -5.7551491e-01  -5.2525751e-01  -5.0170117e-01
  -2.3357343e+01  -3.9502843e+00  -3.7279394e+00  -3.7596798e+00  -3.7555328e+00
  -2.3279209e+01  -9.8866403e-01  -9.4406379e-01  -9.0497034e-01  -8.9628693e-01
  -2.3201074e+01  -4.1634050e+00  -3.9248886e+00  -3.9354641e+00  -3.9629004e+00
  -2.3122940e+01  -7.5420736e-01  -7.3358755e-01  -7.5495611e-01  -7.6941300e-01
  -2.3044805e+01  -4.1379630e+00  -3.8990546e+00  -3.8983626e+00  -3.8985229e+00
  -2.2966671e+01  -6.2988838e-01  -5.8578209e-01  -5.5826889e-01  -5.4354162e-01
  -2.2888536e+01  -4.1595447e+00  -3.8715727e+00  -3.8763390e+00  -3.8748243e+00
  -2.2810402e+01  -3.2464567e-01  -2.9846189e-01  -2.8933856e-01  -2.8295814e-01
  -2.2732267e+01  -4.3863749e+00  -4.1213327e+00  -4.1792496e+00  -4.1983281e+00
  -2.2654133e+01  -6.6672644e-01  -6.4385419e-01  -6.1075673e-01  -5.9206707e-01
  -2.2575998e+01  -4.1216208e+00  -3.8903328e+00  -3.8058287e+00  -3.7702921e+00
  -2.2497864e+01  -5.3096420e-01  -4.9490869e-01  -4.5568320e-01  -4.4654614e-01
  -2.2419729e+01  -4.1152942e+00  -3.8676582e+00  -3.9009650e+00  -3.9292582e+00
  -2.2341594e+01  -3.6797327e-01  -3.2847161e-01  -2.9686482e-01  -2.6333949e-01
  -2.2263460e+01  -3.8905077e+00  -3.6588935e+00  -3.6868234e+00  -3.6999068e+00
  -2.2185325e+01  -3.9732958e-01  -3.7360495e-01  -3.6534828e-01  -3.7537930e-01
  -2.2107191e+01  -4.3091741e+00  -4.0770936e+00  -4.1229870e+00  -4.1433891e+00
  -2.2029056e+01  -5.5863713e-01  -4.9816495e-01  -4.9173558e-01  -4.9752264e-01
  -2.1950922e+01  -4.1867411e+00  -3.9308513e+00  -3.8927903e+00  -3.8826866e+00
  -2.1872787e+01  -4.5219343e-01  -4.0465479e-01  -4.0592729e-01  -4.1270885e-01
  -2.1794653e+01  -4.0511056e+00  -3.8478222e+00  -3.9067867e+00  -3.9329494e+00
  -2.1716518e+01  -8.6301602e-01  -8.2226321e-01  -7.8797189e-01  -7.8965826e-01
  -2.1638384e+01  -4.1538692e+00  -3.9919890e+00  -3.9901894e+00  -3.9902529e+00
  -2.1560249e+01  -1.3235455e-01  -1.2732899e-01  -1.0737327e-01  -8.5009241e-02
  -2.1482115e+01  -4.1600029e+00  -3.9121700e+00  -3.8690744e+00  -3.8488750e+00
  -2.1403980e+01  -6.8055866e-01  -6.7375802e-01  -6.4674534e-01  -6.3130397e-01
  -2.1325845e+01  -4.1775530e+00  -3.9787501e+00  -3.9762381e+00  -3.9815941e+00
  -2.1247711e+01  -7.7398370e-01  -7.6406401e-01  -8.0206011e-01  -8.2589158e-01
  -2.1169576e+01  -4.1533823e+00  -3.8636197e+00  -3.8104840e+00  -3.8089910e+00
  -2.1091442e+01  -1.7860808e-02  -7.9924840e-03   0.0000000e+00   0.0000000e+00
  -2.1013307e+01  -4.3075245e+00  -4.0397072e+00  -4.0663013e+00  -4.0809333e+00
  -2.0935173e+01  -6.4143923e-01  -5.9808281e-01  -5.1073546e-01  -4.8684186e-01
  -2.0857038e+01  -4.2334532e+00  -4.0533516e+00  -4.0951312e+00  -4.1107335e+00
  -2.0778904e+01  -4.6048516e-01  -4.4176364e-01  -4.2714842e-01  -4.1671749e-01
  -2.0700769e+01  -3.9403280e+00  -3.7507921e+00  -3.7865727e+00  -3.8052294e+00
  -2.0622635e+01  -3.9002867e-01  -3.4808092e-01  -3.1479342e-01  -3.0824491e-01
  -2.0544500e+01  -4.0778606e+00  -3.8028052e+00  -3.7791259e+00  -3.7813080e+00
  -2.0466366e+01  -5.0451600e-01  -4.7430280e-01  -4.4768022e-01  -4.3487938e-01
  -2.0388231e+01  -4.3541190e+00  -4.1348302e+00  -4.1616939e+00  -4.1976244e+00
  -2.0310096e+01  -5.5342975e-01  -5.5372840e-01  -5.6398602e-01  -5.5948017e-01
  -2.0231962e+01  -4.2005339e+00  -3.9587792e+00  -4.0068952e+00  -4.0280169e+00
  -2.0153827e+01  -5.7722334e-01  -5.3608792e-01  -5.1219933e-01  -5.0862252e-01
  -2.0075693e+01  -6.9572209e+00  -6.6808648e+00  -6.7314739e+00  -6.7545211e+00
  -1.9997558e+01  -1.0677240e+01  -1.0624568e+01  -1.0666337e+01  -1.0724337e+01
  -1.9919424e+01  -7.2857045e+00  -6.9652156e+00  -6.9796204e+00  -6.9917599e+00
  -1.9841289e+01  -6.5962587e-01  -6.3859193e-01  -6.3177718e-01  -6.3083664e-01
  -1.9763155e+01  -4.3800752e+00  -4.1798060e+00  -4.1421598e+00  -4.1444041e+00
  -1.9685020e+01  -7.5578532e-01  -7.3796374e-01  -6.7993296e-01  -6.5785176e-01
  -1.9606886e+01  -4.0669042e+00  -3.8276503e+00  -3.7705796e+00  -3.7551035e+00
  -1.9528751e+01  -9.6954503e-01  -9.1112782e-01  -8.6526805e-01  -8.5575195e-01
  -1.9450617e+01  -4.4210714e+00  -4.1497770e+00  -4.1617016e+00  -4.1620682e+00
  -1.9372482e+01  -5.7322071e-01  -5.3315213e-01  -4.6415364e-01  -4.4205270e-01
  -1.9294347e+01  -4.3006233e+00  -4.0795303e+00  -4.0639000e+00  -4.0678466e+00
  -1.9216213e+01  -7.6851312e-01  -7.7810880e-01  -7.6596092e-01  -7.4189470e-01
  -1.9138078e+01  -3.9483926e+00  -3.7224308e+00  -3.7332445e+00  -3.7634835e+00
  -1.9059944e+01  -6.6781901e-01  -6.6491233e-01  -6.8189369e-01  -6.8473043e-01
  -1.8981809e+01  -3.9261994e+00  -3.6764902e+00  -3.6706131e+00  -3.6748552e+00
  -1.8903675e+01   0.0000000e+00   0.0000000e+00  -1.3460496e-02  -1.9354260e-02
  -1.8825540e+01  -4.1639576e+00  -3.9171821e+00  -3.8959187e+00  -3.9024547e+00
  -1.8747406e+01  -2.9329921e-01  -2.8329501e-01  -3.0379908e-01  -3.1196083e-01
  -1.8669271e+01  -4.0401335e+00  -3.7986498e+00  -3.7472858e+00  -3.7318612e+00
  -1.8591137e+01  -1.0512260e+00  -1.0032322e+00  -9.7875143e-01  -9.6517385e-01
  -1.8513002e+01  -4.2203187e+00  -3.9768402e+00  -4.0061473e+00  -4.0373466e+00
  -1.8434868e+01  -6.5966556e-01  -6.3972509e-01  -6.0628206e-01  -5.9688352e-01
  -1.8356733e+01  -4.1509264e+00  -3.9510052e+00  -3.9193148e+00  -3.9195305e+00
  -1.8278598e+01  -3.9452468e-01  -3.9067435e-01  -3.9161051e-01  -3.9249816e-01
  -1.8200464e+01  -4.0986743e+00  -3.8445329e+00  -3.8349699e+00  -3.8230524e+00
  -1.8122329e+01  -7.1098101e-01  -6.9606260e-01  -6.7935789e-01  -6.7045553e-01
  -1.8044195e+01  -3.7292142e+00  -3.5097129e+00  -3.5528014e+00  -3.5840600e+00
  -1.7966060e+01  -7.1436240e-01  -7.0787184e-01  -7.0121528e-01  -6.9489002e-01
  -1.7887926e+01  -4.4147061e+00  -4.1394711e+00  -4.1470460e+00  -4.1677114e+00
  -1.7809791e+01  -6.9234790e-01  -6.7718682e-01  -6.3080810e-01  -6.0379989e-01
  -1.7731657e+01  -4.1596087e+00  -3.9685280e+00  -3.9963055e+00  -3.9981406e+00
  -1.7653522e+01  -9.8799398e-01  -9.4272943e-01  -9.0701477e-01  -8.9812944e-01
  -1.7575388e+01  -4.0505505e+00  -3.7915897e+00  -3.7147569e+00  -3.6766328e+00
  -1.7497253e+01  -6.2437051e-01  -5.8652016e-01  -5.7277520e-01  -5.7048434e-01
  -1.7419119e+01  -3.7629892e+00  -3.5726340e+00  -3.6123328e+00  -3.6359725e+00
  -1.7340984e+01  -9.1779071e-01  -8.8802086e-01  -8.0403514e-01  -7.6115716e-01
  -1.7262849e+01  -4.1238986e+00  -3.8883224e+00  -3.8706985e+00  -3.8774701e+00
  -1.7184715e+01  -4.3313663e-01  -4.2792171e-01  -4.4219660e-01  -4.4338727e-01
  -1.7106580e+01  -4.0213234e+00  -3.7688193e+00  -3.7435856e+00  -3.7387931e+00
  -1.7028446e+01  -6.9965196e-01  -6.6700853e-01  -6.4322862e-01  -6.3196593e-01
  -1.6950311e+01  -4.1129032e+00  -3.8928820e+00  -3.9877895e+00  -4.0207319e+00
  -1.6872177e+01  -9.4408841e-01  -8.9814710e-01  -8.6139286e-01  -8.3603777e-01
  -1.6794042e+01  -4.2711689e+00  -4.0491565e+00  -4.0678394e+00  -4.0698931e+00
  -1.6715908e+01  -4.7044379e-01  -4.5474325e-01  -4.5711982e-01  -4.6401037e-01
  -1.6637773e+01  -4.3928326e+00  -4.1384985e+00  -4.0938262e+00  -4.0864934e+00
  -1.6559639e+01  -3.0784541e-01  -2.8160084e-01  -2.5805251e-01  -2.5464484e-01
  -1.6481504e+01  -3.6980166e+00  -3.4365852e+00  -3.4187932e+00  -3.4257062e+00
  -1.6403370e+01  -7.4988448e-01  -7.2906787e-01  -7.3185825e-01  -7.2179636e-01
  -1.6325235e+01  -4.2335920e+00  -3.9873013e+00  -3.9690879e+00  -3.9511221e+00
  -1.6247100e+01  -4.6062972e-01  -4.5760450e-01  -4.5881857e-01  -4.5960543e-01
  -1.6168966e+01  -4.3526528e+00  -4.0910664e+00  -4.1248474e+00  -4.1339236e+00
  -1.6090831e+01  -6.3204142e-01  -6.1534044e-01  -6.0148471e-01  -5.9262188e-01
  -1.6012697e+01  -4.2354259e+00  -4.0063410e+00  -4.0011183e+00  -3.9971276e+00
  -1.5934562e+01  -8.5885536e-01  -8.1967017e-01  -8.1540856e-01  -8.0620006e-01
  -1.5856428e+01  -7.1201558e+00  -6.8516591e+00  -6.9304265e+00  -6.9666338e+00
  -1.5778293e+01  -1.3276746e+01  -1.3497093e+01  -1.3672485e+01  -1.3706637e+01
  -1.5700159e+01  -1.8273747e+01  -1.8074455e+01  -1.8632146e+01  -1.8893156e+01
  -1.5622024e+01  -1.6778706e+01  -1.6705014e+01  -1.7241328e+01  -1.7463212e+01
  -1.5543890e+01  -1.9536561e+01  -1.9780881e+01  -2.1188148e+01  -2.1783125e+01
  -1.5465755e+01  -2.0477620e+01  -2.0235673e+01  -2.1582991e+01  -2.2234060e+01
  -1.5387621e+01  -2.0198698e+01  -1.9909222e+01  -2.1266440e+01  -2.1945161e+01
  -1.5309486e+01  -2.2473860e+01  -2.2311645e+01  -2.4778223e+01  -2.5946388e+01
  -1.5231351e+01  -2.1406580e+01  -2.1016915e+01  -2.2698266e+01  -2.3722162e+01
  -1.5153217e+01  -2.2027268e+01  -2.2204423e+01  -2.4365882e+01  -2.5534418e+01
  -1.5075082e+01  -2.2773919e+01  -2.2951746e+01  -2.5246382e+01  -2.6578673e+01
  -1.4996948e+01  -2.1902076e+01  -2.1737732e+01  -2.3611755e+01  -2.4575051e+01
  -1.4918813e+01  -2.2444637e+01  -2.2711635e+01  -2.5542625e+01  -2.7072202e+01
  -1.4840679e+01  -2.1585957e+01  -2.1595158e+01  -2.3870508e+01  -2.5210975e+01
  -1.4762544e+01  -2.1522823e+01  -2.1012009e+01  -2.3017857e+01  -2.4034970e+01
  -1.4684410e+01  -2.2484481e+01  -2.2406090e+01  -2.4832076e+01  -2.6201067e+01
  -1.4606275e+01  -1.9950348e+01  -1.9804234e+01  -2.0906117e+01  -2.1525291e+01
  -1.4528141e+01  -2.0689535e+01  -2.0339368e+01  -2.1722733e+01  -2.2365790e+01
  -1.4450006e+01  -1.9704049e+01  -2.0042599e+01  -2.1118602e+01  -2.1641754e+01
  -1.4371872e+01  -1.6981295e+01  -1.6678550e+01  -1.7023100e+01  -1.7161985e+01
  -1.4293737e+01  -1.8198308e+01  -1.8162502e+01  -1.9031319e+01  -1.9384066e+01
  -1.4215602e+01  -1.3132402e+01  -1.3170952e+01  -1.3514782e+01  -1.3655527e+01
  -1.4137468e+01  -6.9993392e+00  -6.7477334e+00  -6.8113006e+00  -6.8324185e+00
  -1.4059333e+01  -3.2965216e-01  -2.9027901e-01  -2.3428779e-01  -2.1953636e-01
  -1.3981199e+01  -4.2832082e+00  -4.0665797e+00  -4.1470386e+00  -4.1734237e+00
  -1.3903064e+01  -3.7202582e-01  -3.5212907e-01  -3.2843558e-01  -3.1884744e-01
  -1.3824930e+01  -4.0377241e+00  -3.8025819e+00  -3.8033310e+00  -3.8138567e+00
  -1.3746795e+01  -8.6818237e-01  -8.2662443e-01  -8.1473132e-01  -7.9627936e-01
  -1.3668661e+01  -4.4440393e+00  -4.2493599e+00  -4.1845166e+00  -4.1756271e+00
  -1.3590526e+01  -6.1210406e-01  -5.7263099e-01  -5.5840556e-01  -5.5674119e-01
  -1.3512392e+01  -4.2484980e+00  -4.0378297e+00  -4.0754263e+00  -4.1118352e+00
  -1.3434257e+01  -6.0586316e-01  -5.7551491e-01  -5.2525751e-01  -5.0170117e-01
  -1.3356123e+01  -3.9502843e+00  -3.7279394e+00  -3.7596798e+00  -3.7555328e+00
  -1.3277988e+01  -9.8866403e-01  -9.4406379e-01  -9.0497034e-01  -8.9628693e-01
  -1.3199853e+01  -4.1634050e+00  -3.9248886e+00  -3.9354641e+00  -3.9629004e+00
  -1.3121719e+01  -7.5420736e-01  -7.3358755e-01  -7.5495611e-01  -7.6941300e-01
  -1.3043584e+01  -4.1379630e+00  -3.8990546e+00  -3.8983626e+00  -3.8985229e+00
  -1.2965450e+01  -6.2988838e-01  -5.8578209e-01  -5.5826889e-01  -5.4354162e-01
  -1.2887315e+01  -4.1595447e+00  -3.8715727e+00  -3.8763390e+00  -3.8748243e+00
  -1.2809181e+01  -3.2464567e-01  -2.9846189e-01  -2.8933856e-01  -2.8295814e-01
  -1.2731046e+01  -4.3863749e+00  -4.1213327e+00  -4.1792496e+00  -4.1983281e+00
  -1.2652912e+01  -6.6672644e-01  -6.4385419e-01  -6.1075673e-01  -5.9206707e-01
  -1.2574777e+01  -4.1216208e+00  -3.8903328e+00  -3.8058287e+00  -3.7702921e+00
  -1.2496643e+01  -5.3096420e-01  -4.9490869e-01  -4.5568320e-01  -4.4654614e-01
  -1.2418508e+01  -4.1152942e+00  -3.8676582e+00  -3.9009650e+00  -3.9292582e+00
  -1.2340374e+01  -3.6797327e-01  -3.2847161e-01  -2.9686482e-01  -2.6333949e-01
  -1.2262239e+01  -3.8905077e+00  -3.6588935e+00  -3.6868234e+00  -3.6999068e+00
  -1.2184105e+01  -3.9732958e-01  -3.7360495e-01  -3.6534828e-01  -3.7537930e-01
  -1.2105970e+01  -4.3091741e+00  -4.0770936e+00  -4.1229870e+00  -4.1433891e+00
  -1.2027835e+01  -5.5863713e-01  -4.9816495e-01  -4.9173558e-01  -4.9752264e-01
  -1.1949701e+01  -4.1867411e+00  -3.9308513e+00  -3.8927903e+00  -3.8826866e+00
  -1.1871566e+01  -4.5219343e-01  -4.0465479e-01  -4.0592729e-01  -4.1270885e-01
  -1.1793432e+01  -4.0511056e+00  -3.8478222e+00  -3.9067867e+00  -3.9329494e+00
  -1.1715297e+01  -8.6301602e-01  -8.2226321e-01  -7.8797189e-01  -7.8965826e-01
  -1.1637163e+01  -4.1538692e+00  -3.9919890e+00  -3.9901894e+00  -3.9902529e+00
  -1.1559028e+01  -1.3235455e-01  -1.2732899e-01  -1.0737327e-01  -8.5009241e-02
  -1.1480894e+01  -4.1600029e+00  -3.9121700e+00  -3.8690744e+00  -3.8488750e+00
  -1.1402759e+01  -6.8055866e-01  -6.7375802e-01  -6.4674534e-01  -6.3130397e-01
  -1.1324625e+01  -4.1775530e+00  -3.9787501e+00  -3.9762381e+00  -3.9815941e+00
  -1.1246490e+01  -7.7398370e-01  -7.6406401e-01  -8.0206011e-01  -8.2589158e-01
  -1.1168356e+01  -4.1533823e+00  -3.8636197e+00  -3.8104840e+00  -3.8089910e+00
  -1.1090221e+01  -1.7860808e-02  -7.9924840e-03   0.0000000e+00   0.0000000e+00
  -1.1012086e+01  -4.3075245e+00  -4.0397072e+00  -4.0663013e+00  -4.0809333e+00
  -1.0933952e+01  -6.4143923e-01  -5.9808281e-01  -5.1073546e-01  -4.8684186e-01
  -1.0855817e+01  -4.2334532e+00  -4.0533516e+00  -4.0951312e+00  -4.1107335e+00
  -1.0777683e+01  -4.6048516e-01  -4.4176364e-01  -4.2714842e-01  -4.1671749e-01
  -1.0699548e+01  -3.9403280e+00  -3.7507921e+00  -3.7865727e+00  -3.8052294e+00
  -1.0621414e+01  -3.9002867e-01  -3.4808092e-01  -3.1479342e-01  -3.0824491e-01
  -1.0543279e+01  -4.0778606e+00  -3.8028052e+00  -3.7791259e+00  -3.7813080e+00
  -1.0465145e+01  -5.0451600e-01  -4.7430280e-01  -4.4768022e-01  -4.3487938e-01
  -1.0387010e+01  -4.3541190e+00  -4.1348302e+00  -4.1616939e+00  -4.1976244e+00
  -1.0308876e+01  -5.5342975e-01  -5.5372840e-01  -5.6398602e-01  -5.5948017e-01
  -1.0230741e+01  -4.2005339e+00  -3.9587792e+00  -4.0068952e+00  -4.0280169e+00
  -1.0152607e+01  -5.7722334e-01  -5.3608792e-01  -5.1219933e-01  -5.0862252e-01
  -1.0074472e+01  -6.9572209e+00  -6.6808648e+00  -6.7314739e+00  -6.7545211e+00
  -9.9963374e+00  -1.0677240e+01  -1.0624568e+01  -1.0666337e+01  -1.0724337e+01
  -9.9182029e+00  -7.2857045e+00  -6.9652156e+00  -6.9796204e+00  -6.9917599e+00
  -9.8400684e+00  -6.5962587e-01  -6.3859193e-01  -6.3177718e-01  -6.3083664e-01
  -9.7619338e+00  -4.3800752e+00  -4.1798060e+00  -4.1421598e+00  -4.1444041e+00
  -9.6837993e+00  -7.5578532e-01  -7.3796374e-01  -6.7993296e-01  -6.5785176e-01
  -9.6056648e+00  -4.0669042e+00  -3.8276503e+00  -3.7705796e+00  -3.7551035e+00
  -9.5275302e+00  -9.6954503e-01  -9.1112782e-01  -8.6526805e-01  -8.5575195e-01
  -9.4493957e+00  -4.4210714e+00  -4.1497770e+00  -4.1617016e+00  -4.1620682e+00
  -9.3712611e+00  -5.7322071e-01  -5.3315213e-01  -4.6415364e-01  -4.4205270e-01
  -9.2931266e+00  -4.3006233e+00  -4.0795303e+00  -4.0639000e+00  -4.0678466e+00
  -9.2149921e+00  -7.6851312e-01  -7.7810880e-01  -7.6596092e-01  -7.4189470e-01
  -9.1368575e+00  -3.9483926e+00  -3.7224308e+00  -3.7332445e+00  -3.7634835e+00
  -9.0587230e+00  -6.6781901e-01  -6.6491233e-01  -6.8189369e-01  -6.8473043e-01
  -8.9805885e+00  -3.9261994e+00  -3.6764902e+00  -3.6706131e+00  -3.6748552e+00
  -8.9024539e+00   0.0000000e+00   0.0000000e+00  -1.3460496e-02  -1.9354260e-02
  -8.8243194e+00  -4.1639576e+00  -3.9171821e+00  -3.8959187e+00  -3.9024547e+00
  -8.7461848e+00  -2.9329921e-01  -2.8329501e-01  -3.0379908e-01  -3.1196083e-01
  -8.6680503e+00  -4.0401335e+00  -3.7986498e+00  -3.7472858e+00  -3.7318612e+00
  -8.5899158e+00  -1.0512260e+00  -1.0032322e+00  -9.7875143e-01  -9.6517385e-01
  -8.5117812e+00  -4.2203187e+00  -3.9768402e+00  -4.0061473e+00  -4.0373466e+00
  -8.4336467e+00  -6.5966556e-01  -6.3972509e-01  -6.0628206e-01  -5.9688352e-01
  -8.3555121e+00  -4.1509264e+00  -3.9510052e+00  -3.9193148e+00  -3.9195305e+00
  -8.2773776e+00  -3.9452468e-01  -3.9067435e-01  -3.9161051e-01  -3.9249816e-01
  -8.1992431e+00  -4.0986743e+00  -3.8445329e+00  -3.8349699e+00  -3.8230524e+00
  -8.1211085e+00  -7.1098101e-01  -6.9606260e-01  -6.7935789e-01  -6.7045553e-01
  -8.0429740e+00  -3.7292142e+00  -3.5097129e+00  -3.5528014e+00  -3.5840600e+00
  -7.9648395e+00  -7.1436240e-01  -7.0787184e-01  -7.0121528e-01  -6.9489002e-01
  -7.8867049e+00  -4.4147061e+00  -4.1394711e+00  -4.1470460e+00  -4.1677114e+00
  -7.8085704e+00  -6.9234790e-01  -6.7718682e-01  -6.3080810e-01  -6.0379989e-01
  -7.7304358e+00  -4.1596087e+00  -3.9685280e+00  -3.9963055e+00  -3.9981406e+00
  -7.6523013e+00  -9.8799398e-01  -9.4272943e-01  -9.0701477e-01  -8.9812944e-01
  -7.5741668e+00  -4.0505505e+00  -3.7915897e+00  -3.7147569e+00  -3.6766328e+00
  -7.4960322e+00  -6.2437051e-01  -5.8652016e-01  -5.7277520e-01  -5.7048434e-01
  -7.4178977e+00  -3.7629892e+00  -3.5726340e+00  -3.6123328e+00  -3.6359725e+00
  -7.3397632e+00  -9.1779071e-01  -8.8802086e-01  -8.0403514e-01  -7.6115716e-01
  -7.2616286e+00  -4.1238986e+00  -3.8883224e+00  -3.8706985e+00  -3.8774701e+00
  -7.1834941e+00  -4.3313663e-01  -4.2792171e-01  -4.4219660e-01  -4.4338727e-01
  -7.1053595e+00  -4.0213234e+00  -3.7688193e+00  -3.7435856e+00  -3.7387931e+00
  -7.0272250e+00  -6.9965196e-01  -6.6700853e-01  -6.4322862e-01  -6.3196593e-01
  -6.9490905e+00  -4.1129032e+00  -3.8928820e+00  -3.9877895e+00  -4.0207319e+00
  -6.8709559e+00  -9.4408841e-01  -8.9814710e-01  -8.6139286e-01  -8.3603777e-01
  -6.7928214e+00  -4.2711689e+00  -4.0491565e+00  -4.0678394e+00  -4.0698931e+00
  -6.7146869e+00  -4.7044379e-01  -4.5474325e-01  -4.5711982e-01  -4.6401037e-01
  -6.6365523e+00  -4.3928326e+00  -4.1384985e+00  -4.0938262e+00  -4.0864934e+00
  -6.5584178e+00  -3.0784541e-01  -2.8160084e-01  -2.5805251e-01  -2.5464484e-01
  -6.4802832e+00  -3.6980166e+00  -3.4365852e+00  -3.4187932e+00  -3.4257062e+00
  -6.4021487e+00  -7.4988448e-01  -7.2906787e-01  -7.3185825e-01  -7.2179636e-01
  -6.3240142e+00  -4.2335920e+00  -3.9873013e+00  -3.9690879e+00  -3.9511221e+00
  -6.2458796e+00  -4.6062972e-01  -4.5760450e-01  -4.5881857e-01  -4.5960543e-01
  -6.1677451e+00  -4.3526528e+00  -4.0910664e+00  -4.1248474e+00  -4.1339236e+00
  -6.0896105e+00  -6.3204142e-01  -6.1534044e-01  -6.0148471e-01  -5.9262188e-01
  -6.0114760e+00  -4.2354259e+00  -4.0063410e+00  -4.0011183e+00  -3.9971276e+00
  -5.9333415e+00  -8.5885536e-01  -8.1967017e-01  -8.1540856e-01  -8.0620006e-01
  -5.8552069e+00  -7.1201558e+00  -6.8516591e+00  -6.9304265e+00  -6.9666338e+00
  -5.7770724e+00  -1.3276746e+01  -1.3497093e+01  -1.3672485e+01  -1.3706637e+01
  -5.6989379e+00  -1.8273747e+01  -1.8074455e+01  -1.8632146e+01  -1.8893156e+01
  -5.6208033e+00  -1.6778706e+01  -1.6705014e+01  -1.7241328e+01  -1.7463212e+01
  -5.5426688e+00  -1.9536561e+01  -1.9780881e+01  -2.1188148e+01  -2.1783125e+01
  -5.4645342e+00  -2.0477620e+01  -2.0235673e+01  -2.1582991e+01  -2.2234060e+01
  -5.3863997e+00  -2.0198698e+01  -1.9909222e+01  -2.1266440e+01  -2.1945161e+01
  -5.3082652e+00  -2.2473860e+01  -2.2311645e+01  -2.4778223e+01  -2.5946388e+01
  -5.2301306e+00  -2.1406580e+01  -2.1016915e+01  -2.2698266e+01  -2.3722162e+01
  -5.1519961e+00  -2.2027268e+01  -2.2204423e+01  -2.4365882e+01  -2.5534418e+01
  -5.0738616e+00  -2.2773919e+01  -2.2951746e+01  -2.5246382e+01  -2.6578673e+01
  -4.9957270e+00  -2.1902076e+01  -2.1737732e+01  -2.3611755e+01  -2.4575051e+01
  -4.9175925e+00  -2.2444637e+01  -2.2711635e+01  -2.5542625e+01  -2.7072202e+01
  -4.8394579e+00  -2.1585957e+01  -2.1595158e+01  -2.3870508e+01  -2.5210975e+01
  -4.7613234e+00  -2.1522823e+01  -2.1012009e+01  -2.3017857e+01  -2.4034970e+01
  -4.6831889e+00  -2.2484481e+01  -2.2406090e+01  -2.4832076e+01  -2.6201067e+01
  -4.6050543e+00  -1.9950348e+01  -1.9804234e+01  -2.0906117e+01  -2.1525291e+01
  -4.5269198e+00  -2.0689535e+01  -2.0339368e+01  -2.1722733e+01  -2.2365790e+01
  -4.4487853e+00  -1.9704049e+01  -2.0042599e+01  -2.1118602e+01  -2.1641754e+01
  -4.3706507e+00  -1.6981295e+01  -1.6678550e+01  -1.7023100e+01  -1.7161985e+01
  -4.2925162e+00  -1.8198308e+01  -1.8162502e+01  -1.9031319e+01  -1.9384066e+01
  -4.2143816e+00  -1.3132402e+01  -1.3170952e+01  -1.3514782e+01  -1.3655527e+01
  -4.1362471e+00  -6.9993392e+00  -6.7477334e+00  -6.8113006e+00  -6.8324185e+00
  -4.0581126e+00  -3.2965216e-01  -2.9027901e-01  -2.3428779e-01  -2.1953636e-01
  -3.9799780e+00  -4.2832082e+00  -4.0665797e+00  -4.1470386e+00  -4.1734237e+00
  -3.9018435e+00  -3.7202582e-01  -3.5212907e-01  -3.2843558e-01  -3.1884744e-01
  -3.8237089e+00  -4.0377241e+00  -3.8025819e+00  -3.8033310e+00  -3.8138567e+00
  -3.7455744e+00  -8.6818237e-01  -8.2662443e-01  -8.1473132e-01  -7.9627936e-01
  -3.6674399e+00  -4.4440393e+00  -4.2493599e+00  -4.1845166e+00  -4.1756271e+00
  -3.5893053e+00  -6.1210406e-01  -5.7263099e-01  -5.5840556e-01  -5.5674119e-01
  -3.5111708e+00  -4.2484980e+00  -4.0378297e+00  -4.0754263e+00  -4.1118352e+00
  -3.4330363e+00  -6.0586316e-01  -5.7551491e-01  -5.2525751e-01  -5.0170117e-01
  -3.3549017e+00  -3.9502843e+00  -3.7279394e+00  -3.7596798e+00  -3.7555328e+00
  -3.2767672e+00  -9.8866403e-01  -9.4406379e-01  -9.0497034e-01  -8.9628693e-01
  -3.1986326e+00  -4.1634050e+00  -3.9248886e+00  -3.9354641e+00  -3.9629004e+00
  -3.1204981e+00  -7.5420736e-01  -7.3358755e-01  -7.5495611e-01  -7.6941300e-01
  -3.0423636e+00  -4.1379630e+00  -3.8990546e+00  -3.8983626e+00  -3.8985229e+00
  -2.9642290e+00  -6.2988838e-01  -5.8578209e-01  -5.5826889e-01  -5.4354162e-01
  -2.8860945e+00  -4.1595447e+00  -3.8715727e+00  -3.8763390e+00  -3.8748243e+00
  -2.8079600e+00  -3.2464567e-01  -2.9846189e-01  -2.8933856e-01  -2.8295814e-01
  -2.7298254e+00  -4.3863749e+00  -4.1213327e+00  -4.1792496e+00  -4.1983281e+00
  -2.6516909e+00  -6.6672644e-01  -6.4385419e-01  -6.1075673e-01  -5.9206707e-01
  -2.5735563e+00  -4.1216208e+00  -3.8903328e+00  -3.8058287e+00  -3.7702921e+00
  -2.4954218e+00  -5.3096420e-01  -4.9490869e-01  -4.5568320e-01  -4.4654614e-01
  -2.4172873e+00  -4.1152942e+00  -3.8676582e+00  -3.9009650e+00  -3.9292582e+00
  -2.3391527e+00  -3.6797327e-01  -3.2847161e-01  -2.9686482e-01  -2.6333949e-01
  -2.2610182e+00  -3.8905077e+00  -3.6588935e+00  -3.6868234e+00  -3.6999068e+00
  -2.1828837e+00  -3.9732958e-01  -3.7360495e-01  -3.6534828e-01  -3.7537930e-01
  -2.1047491e+00  -4.3091741e+00  -4.0770936e+00  -4.1229870e+00  -4.1433891e+00
  -2.0266146e+00  -5.5863713e-01  -4.9816495e-01  -4.9173558e-01  -4.9752264e-01
  -1.9484800e+00  -4.1867411e+00  -3.9308513e+00  -3.8927903e+00  -3.8826866e+00
  -1.8703455e+00  -4.5219343e-01  -4.0465479e-01  -4.0592729e-01  -4.1270885e-01
  -1.7922110e+00  -4.0511056e+00  -3.8478222e+00  -3.9067867e+00  -3.9329494e+00
  -1.7140764e+00  -8.6301602e-01  -8.2226321e-01  -7.8797189e-01  -7.8965826e-01
  -1.6359419e+00  -4.1538692e+00  -3.9919890e+00  -3.9901894e+00  -3.9902529e+00
  -1.5578073e+00  -1.3235455e-01  -1.2732899e-01  -1.0737327e-01  -8.5009241e-02
  -1.4796728e+00  -4.1600029e+00  -3.9121700e+00  -3.8690744e+00  -3.8488750e+00
  -1.4015383e+00  -6.8055866e-01  -6.7375802e-01  -6.4674534e-01  -6.3130397e-01
  -1.3234037e+00  -4.1775530e+00  -3.9787501e+00  -3.9762381e+00  -3.9815941e+00
  -1.2452692e+00  -7.7398370e-01  -7.6406401e-01  -8.0206011e-01  -8.2589158e-01
  -1.1671347e+00  -4.1533823e+00  -3.8636197e+00  -3.8104840e+00  -3.8089910e+00
  -1.0890001e+00  -1.7860808e-02  -7.9924840e-03   0.0000000e+00   0.0000000e+00
  -1.0108656e+00  -4.3075245e+00  -4.0397072e+00  -4.0663013e+00  -4.0809333e+00
  -9.3273105e-01  -6.4143923e-01  -5.9808281e-01  -5.1073546e-01  -4.8684186e-01
  -8.5459651e-01  -4.2334532e+00  -4.0533516e+00  -4.0951312e+00  -4.1107335e+00
  -7.7646197e-01  -4.6048516e-01  -4.4176364e-01  -4.2714842e-01  -4.1671749e-01
  -6.9832743e-01  -3.9403280e+00  -3.7507921e+00  -3.7865727e+00  -3.8052294e+00
  -6.2019289e-01  -3.9002867e-01  -3.4808092e-01  -3.1479342e-01  -3.0824491e-01
  -5.4205836e-01  -4.0778606e+00  -3.8028052e+00  -3.7791259e+00  -3.7813080e+00
  -4.6392382e-01  -5.0451600e-01  -4.7430280e-01  -4.4768022e-01  -4.3487938e-01
  -3.8578928e-01  -4.3541190e+00  -4.1348302e+00  -4.1616939e+00  -4.1976244e+00
  -3.0765474e-01  -5.5342975e-01  -5.5372840e-01  -5.6398602e-01  -5.5948017e-01
  -2.2952021e-01  -4.2005339e+00  -3.9587792e+00  -4.0068952e+00  -4.0280169e+00
  -1.5138567e-01  -5.7722334e-01  -5.3608792e-01  -5.1219933e-01  -5.0862252e-01
  -7.3251129e-02  -6.9572209e+00  -6.6808648e+00  -6.7314739e+00  -6.7545211e+00
   4.8834086e-03  -1.0677240e+01  -1.0624568e+01  -1.0666337e+01  -1.0724337e+01
   8.3017947e-02  -7.2857045e+00  -6.9652156e+00  -6.9796204e+00  -6.9917599e+00
   1.6115248e-01  -6.5962587e-01  -6.3859193e-01  -6.3177718e-01  -6.3083664e-01
   2.3928702e-01  -4.3800752e+00  -4.1798060e+00  -4.1421598e+00  -4.1444041e+00
   3.1742156e-01  -7.5578532e-01  -7.3796374e-01  -6.7993296e-01  -6.5785176e-01
   3.9555610e-01  -4.0669042e+00  -3.8276503e+00  -3.7705796e+00  -3.7551035e+00
   4.7369064e-01  -9.6954503e-01  -9.1112782e-01  -8.6526805e-01  -8.5575195e-01
   5.5182517e-01  -4.4210714e+00  -4.1497770e+00  -4.1617016e+00  -4.1620682e+00
   6.2995971e-01  -5.7322071e-01  -5.3315213e-01  -4.6415364e-01  -4.4205270e-01
   7.0809425e-01  -4.3006233e+00  -4.0795303e+00  -4.0639000e+00  -4.0678466e+00
   7.8622879e-01  -7.6851312e-01  -7.7810880e-01  -7.6596092e-01  -7.4189470e-01
   8.6436333e-01  -3.9483926e+00  -3.7224308e+00  -3.7332445e+00  -3.7634835e+00
   9.4249786e-01  -6.6781901e-01  -6.6491233e-01  -6.8189369e-01  -6.8473043e-01
   1.0206324e+00  -3.9261994e+00  -3.6764902e+00  -3.6706131e+00  -3.6748552e+00
   1.0987669e+00   0.0000000e+00   0.0000000e+00  -1.3460496e-02  -1.9354260e-02
   1.1769015e+00  -4.1639576e+00  -3.9171821e+00  -3.8959187e+00  -3.9024547e+00
   1.2550360e+00  -2.9329921e-01  -2.8329501e-01  -3.0379908e-01  -3.1196083e-01
   1.3331706e+00  -4.0401335e+00  -3.7986498e+00  -3.7472858e+00  -3.7318612e+00
   1.4113051e+00  -1.0512260e+00  -1.0032322e+00  -9.7875143e-01  -9.6517385e-01
   1.4894396e+00  -4.2203187e+00  -3.9768402e+00  -4.0061473e+00  -4.0373466e+00
   1.5675742e+00  -6.5966556e-01  -6.3972509e-01  -6.0628206e-01  -5.9688352e-01
   1.6457087e+00  -4.1509264e+00  -3.9510052e+00  -3.9193148e+00  -3.9195305e+00
   1.7238432e+00  -3.9452468e-01  -3.9067435e-01  -3.9161051e-01  -3.9249816e-01
   1.8019778e+00  -4.0986743e+00  -3.8445329e+00  -3.8349699e+00  -3.8230524e+00
   1.8801123e+00  -7.1098101e-01  -6.9606260e-01  -6.7935789e-01  -6.7045553e-01
   1.9582469e+00  -3.7292142e+00  -3.5097129e+00  -3.5528014e+00  -3.5840600e+00
   2.0363814e+00  -7.1436240e-01  -7.0787184e-01  -7.0121528e-01  -6.9489002e-01
   2.1145159e+00  -4.4147061e+00  -4.1394711e+00  -4.1470460e+00  -4.1677114e+00
   2.1926505e+00  -6.9234790e-01  -6.7718682e-01  -6.3080810e-01  -6.0379989e-01
   2.2707850e+00  -4.1596087e+00  -3.9685280e+00  -3.9963055e+00  -3.9981406e+00
   2.3489195e+00  -9.8799398e-01  -9.4272943e-01  -9.0701477e-01  -8.9812944e-01
   2.4270541e+00  -4.0505505e+00  -3.7915897e+00  -3.7147569e+00  -3.6766328e+00
   2.5051886e+00  -6.2437051e-01  -5.8652016e-01  -5.7277520e-01  -5.7048434e-01
   2.5833232e+00  -3.7629892e+00  -3.5726340e+00  -3.6123328e+00  -3.6359725e+00
   2.6614577e+00  -9.1779071e-01  -8.8802086e-01  -8.0403514e-01  -7.6115716e-01
   2.7395922e+00  -4.1238986e+00  -3.8883224e+00  -3.8706985e+00  -3.8774701e+00
   2.8177268e+00  -4.3313663e-01  -4.2792171e-01  -4.4219660e-01  -4.4338727e-01
   2.8958613e+00  -4.0213234e+00  -3.7688193e+00  -3.7435856e+00  -3.7387931e+00
   2.9739958e+00  -6.9965196e-01  -6.6700853e-01  -6.4322862e-01  -6.3196593e-01
   3.0521304e+00  -4.1129032e+00  -3.8928820e+00  -3.9877895e+00  -4.0207319e+00
   3.1302649e+00  -9.4408841e-01  -8.9814710e-01  -8.6139286e-01  -8.3603777e-01
   3.2083995e+00  -4.2711689e+00  -4.0491565e+00  -4.0678394e+00  -4.0698931e+00
   3.2865340e+00  -4.7044379e-01  -4.5474325e-01  -4.5711982e-01  -4.6401037e-01
   3.3646685e+00  -4.3928326e+00  -4.1384985e+00  -4.0938262e+00  -4.0864934e+00
   3.4428031e+00  -3.0784541e-01  -2.8160084e-01  -2.5805251e-01  -2.5464484e-01
   3.5209376e+00  -3.6980166e+00  -3.4365852e+00  -3.4187932e+00  -3.4257062e+00
   3.5990722e+00  -7.4988448e-01  -7.2906787e-01  -7.3185825e-01  -7.2179636e-01
   3.6772067e+00  -4.2335920e+00  -3.9873013e+00  -3.9690879e+00  -3.9511221e+00
   3.7553412e+00  -4.6062972e-01  -4.5760450e-01  -4.5881857e-01  -4.5960543e-01
   3.8334758e+00  -4.3526528e+00  -4.0910664e+00  -4.1248474e+00  -4.1339236e+00
   3.9116103e+00  -6.3204142e-01  -6.1534044e-01  -6.0148471e-01  -5.9262188e-01
   3.9897448e+00  -4.2354259e+00  -4.0063410e+00  -4.0011183e+00  -3.9971276e+00
   4.0678794e+00  -8.5885536e-01  -8.1967017e-01  -8.1540856e-01  -8.0620006e-01
   4.1460139e+00  -7.1201558e+00  -6.8516591e+00  -6.9304265e+00  -6.9666338e+00
   4.2241485e+00  -1.3276746e+01  -1.3497093e+01  -1.3672485e+01  -1.3706637e+01
   4.3022830e+00  -1.8273747e+01  -1.8074455e+01  -1.8632146e+01  -1.8893156e+01
   4.3804175e+00  -1.6778706e+01  -1.6705014e+01  -1.7241328e+01  -1.7463212e+01
   4.4585521e+00  -1.9536561e+01  -1.9780881e+01  -2.1188148e+01  -2.1783125e+01
   4.5366866e+00  -2.0477620e+01  -2.0235673e+01  -2.1582991e+01  -2.2234060e+01
   4.6148211e+00  -2.0198698e+01  -1.9909222e+01  -2.1266440e+01  -2.1945161e+01
   4.6929557e+00  -2.2473860e+01  -2.2311645e+01  -2.4778223e+01  -2.5946388e+01
   4.7710902e+00  -2.1406580e+01  -2.1016915e+01  -2.2698266e+01  -2.3722162e+01
   4.8492248e+00  -2.2027268e+01  -2.2204423e+01  -2.4365882e+01  -2.5534418e+01
   4.9273593e+00  -2.2773919e+01  -2.2951746e+01  -2.5246382e+01  -2.6578673e+01
   5.0054938e+00  -2.1902076e+01  -2.1737732e+01  -2.3611755e+01  -2.4575051e+01
   5.0836284e+00  -2.2444637e+01  -2.2711635e+01  -2.5542625e+01  -2.7072202e+01
   5.1617629e+00  -2.1585957e+01  -2.1595158e+01  -2.3870508e+01  -2.5210975e+01
   5.2398974e+00  -2.1522823e+01  -2.1012009e+01  -2.3017857e+01  -2.4034970e+01
   5.3180320e+00  -2.2484481e+01  -2.2406090e+01  -2.4832076e+01  -2.6201067e+01
   5.3961665e+00  -1.9950348e+01  -1.9804234e+01  -2.0906117e+01  -2.1525291e+01
   5.4743011e+00  -2.0689535e+01  -2.0339368e+01  -2.1722733e+01  -2.2365790e+01
   5.5524356e+00  -1.9704049e+01  -2.0042599e+01  -2.1118602e+01  -2.1641754e+01
   5.6305701e+00  -1.6981295e+01  -1.6678550e+01  -1.7023100e+01  -1.7161985e+01
   5.7087047e+00  -1.8198308e+01  -1.8162502e+01  -1.9031319e+01  -1.9384066e+01
   5.7868392e+00  -1.3132402e+01  -1.3170952e+01  -1.3514782e+01  -1.3655527e+01
   5.8649738e+00  -6.9993392e+00  -6.7477334e+00  -6.8113006e+00  -6.8324185e+00
   5.9431083e+00  -3.2965216e-01  -2.9027901e-01  -2.3428779e-01  -2.1953636e-01
   6.0212428e+00  -4.2832082e+00  -4.0665797e+00  -4.1470386e+00  -4.1734237e+00
   6.0993774e+00  -3.7202582e-01  -3.5212907e-01  -3.2843558e-01  -3.1884744e-01
   6.1775119e+00  -4.0377241e+00  -3.8025819e+00  -3.8033310e+00  -3.8138567e+00
   6.2556464e+00  -8.6818237e-01  -8.2662443e-01  -8.1473132e-01  -7.9627936e-01
   6.3337810e+00  -4.4440393e+00  -4.2493599e+00  -4.1845166e+00  -4.1756271e+00
   6.4119155e+00  -6.1210406e-01  -5.7263099e-01  -5.5840556e-01  -5.5674119e-01
   6.4900501e+00  -4.2484980e+00  -4.0378297e+00  -4.0754263e+00  -4.1118352e+00
   6.5681846e+00  -6.0586316e-01  -5.7551491e-01  -5.2525751e-01  -5.0170117e-01
   6.6463191e+00  -3.9502843e+00  -3.7279394e+00  -3.7596798e+00  -3.7555328e+00
   6.7244537e+00  -9.8866403e-01  -9.4406379e-01  -9.0497034e-01  -8.9628693e-01
   6.8025882e+00  -4.1634050e+00  -3.9248886e+00  -3.9354641e+00  -3.9629004e+00
   6.8807227e+00  -7.5420736e-01  -7.3358755e-01  -7.5495611e-01  -7.6941300e-01
   6.9588573e+00  -4.1379630e+00  -3.8990546e+00  -3.8983626e+00  -3.8985229e+00
   7.0369918e+00  -6.2988838e-01  -5.8578209e-01  -5.5826889e-01  -5.4354162e-01
   7.1151264e+00  -4.1595447e+00  -3.8715727e+00  -3.8763390e+00  -3.8748243e+00
   7.1932609e+00  -3.2464567e-01  -2.9846189e-01  -2.8933856e-01  -2.8295814e-01
   7.2713954e+00  -4.3863749e+00  -4.1213327e+00  -4.1792496e+00  -4.1983281e+00
   7.3495300e+00  -6.6672644e-01  -6.4385419e-01  -6.1075673e-01  -5.9206707e-01
   7.4276645e+00  -4.1216208e+00  -3.8903328e+00  -3.8058287e+00  -3.7702921e+00
   7.5057990e+00  -5.3096420e-01  -4.9490869e-01  -4.5568320e-01  -4.4654614e-01
   7.5839336e+00  -4.1152942e+00  -3.8676582e+00  -3.9009650e+00  -3.9292582e+00
   7.6620681e+00  -3.6797327e-01  -3.2847161e-01  -2.9686482e-01  -2.6333949e-01
   7.7402027e+00  -3.8905077e+00  -3.6588935e+00  -3.6868234e+00  -3.6999068e+00
   7.8183372e+00  -3.9732958e-01  -3.7360495e-01  -3.6534828e-01  -3.7537930e-01
   7.8964717e+00  -4.3091741e+00  -4.0770936e+00  -4.1229870e+00  -4.1433891e+00
   7.9746063e+00  -5.5863713e-01  -4.9816495e-01  -4.9173558e-01  -4.9752264e-01
   8.0527408e+00  -4.1867411e+00  -3.9308513e+00  -3.8927903e+00  -3.8826866e+00
   8.1308754e+00  -4.5219343e-01  -4.0465479e-01  -4.0592729e-01  -4.1270885e-01
   8.2090099e+00  -4.0511056e+00  -3.8478222e+00  -3.9067867e+00  -3.9329494e+00
   8.2871444e+00  -8.6301602e-01  -8.2226321e-01  -7.8797189e-01  -7.8965826e-01
   8.3652790e+00  -4.1538692e+00  -3.9919890e+00  -3.9901894e+00  -3.9902529e+00
   8.4434135e+00  -1.3235455e-01  -1.2732899e-01  -1.0737327e-01  -8.5009241e-02
   8.5215480e+00  -4.1600029e+00  -3.9121700e+00  -3.8690744e+00  -3.8488750e+00
   8.5996826e+00  -6.8055866e-01  -6.7375802e-01  -6.4674534e-01  -6.3130397e-01
   8.6778171e+00  -4.1775530e+00  -3.9787501e+00  -3.9762381e+00  -3.9815941e+00
   8.7559517e+00  -7.7398370e-01  -7.6406401e-01  -8.0206011e-01  -8.2589158e-01
   8.8340862e+00  -4.1533823e+00  -3.8636197e+00  -3.8104840e+00  -3.8089910e+00
   8.9122207e+00  -1.7860808e-02  -7.9924840e-03   0.0000000e+00   0.0000000e+00
   8.9903553e+00  -4.3075245e+00  -4.0397072e+00  -4.0663013e+00  -4.0809333e+00
   9.0684898e+00  -6.4143923e-01  -5.9808281e-01  -5.1073546e-01  -4.8684186e-01
   9.1466243e+00  -4.2334532e+00  -4.0533516e+00  -4.0951312e+00  -4.1107335e+00
   9.2247589e+00  -4.6048516e-01  -4.4176364e-01  -4.2714842e-01  -4.1671749e-01
   9.3028934e+00  -3.9403280e+00  -3.7507921e+00  -3.7865727e+00  -3.8052294e+00
   9.3810280e+00  -3.9002867e-01  -3.4808092e-01  -3.1479342e-01  -3.0824491e-01
   9.4591625e+00  -4.0778606e+00  -3.8028052e+00  -3.7791259e+00  -3.7813080e+00
   9.5372970e+00  -5.0451600e-01  -4.7430280e-01  -4.4768022e-01  -4.3487938e-01
   9.6154316e+00  -4.3541190e+00  -4.1348302e+00  -4.1616939e+00  -4.1976244e+00
   9.6935661e+00  -5.5342975e-01  -5.5372840e-01  -5.6398602e-01  -5.5948017e-01
   9.7717006e+00  -4.2005339e+00  -3.9587792e+00  -4.0068952e+00  -4.0280169e+00
   9.8498352e+00  -5.7722334e-01  -5.3608792e-01  -5.1219933e-01  -5.0862252e-01
   9.9279697e+00  -6.9572209e+00  -6.6808648e+00  -6.7314739e+00  -6.7545211e+00
   1.0006104e+01  -1.0677240e+01  -1.0624568e+01  -1.0666337e+01  -1.0724337e+01
   1.0084239e+01  -7.2857045e+00  -6.9652156e+00  -6.9796204e+00  -6.9917599e+00
   1.0162373e+01  -6.5962587e-01  -6.3859193e-01  -6.3177718e-01  -6.3083664e-01
   1.0240508e+01  -4.3800752e+00  -4.1798060e+00  -4.1421598e+00  -4.1444041e+00
   1.0318642e+01  -7.5578532e-01  -7.3796374e-01  -6.7993296e-01  -6.5785176e-01
   1.0396777e+01  -4.0669042e+00  -3.8276503e+00  -3.7705796e+00  -3.7551035e+00
   1.0474911e+01  -9.6954503e-01  -9.1112782e-01  -8.6526805e-01  -8.5575195e-01
   1.0553046e+01  -4.4210714e+00  -4.1497770e+00  -4.1617016e+00  -4.1620682e+00
   1.0631181e+01  -5.7322071e-01  -5.3315213e-01  -4.6415364e-01  -4.4205270e-01
   1.0709315e+01  -4.3006233e+00  -4.0795303e+00  -4.0639000e+00  -4.0678466e+00
   1.0787450e+01  -7.6851312e-01  -7.7810880e-01  -7.6596092e-01  -7.4189470e-01
   1.0865584e+01  -3.9483926e+00  -3.7224308e+00  -3.7332445e+00  -3.7634835e+00
   1.0943719e+01  -6.6781901e-01  -6.6491233e-01  -6.8189369e-01  -6.8473043e-01
   1.1021853e+01  -3.9261994e+00  -3.6764902e+00  -3.6706131e+00  -3.6748552e+00
   1.1099988e+01   0.0000000e+00   0.0000000e+00  -1.3460496e-02  -1.9354260e-02
   1.1178122e+01  -4.1639576e+00  -3.9171821e+00  -3.8959187e+00  -3.9024547e+00
   1.1256257e+01  -2.9329921e-01  -2.8329501e-01  -3.0379908e-01  -3.1196083e-01
   1.1334391e+01  -4.0401335e+00  -3.7986498e+00  -3.7472858e+00  -3.7318612e+00
   1.1412526e+01  -1.0512260e+00  -1.0032322e+00  -9.7875143e-01  -9.6517385e-01
   1.1490660e+01  -4.2203187e+00  -3.9768402e+00  -4.0061473e+00  -4.0373466e+00
   1.1568795e+01  -6.5966556e-01  -6.3972509e-01  -6.0628206e-01  -5.9688352e-01
   1.1646930e+01  -4.1509264e+00  -3.9510052e+00  -3.9193148e+00  -3.9195305e+00
   1.1725064e+01  -3.9452468e-01  -3.9067435e-01  -3.9161051e-01  -3.9249816e-01
   1.1803199e+01  -4.0986743e+00  -3.8445329e+00  -3.8349699e+00  -3.8230524e+00
   1.1881333e+01  -7.1098101e-01  -6.9606260e-01  -6.7935789e-01  -6.7045553e-01
   1.1959468e+01  -3.7292142e+00  -3.5097129e+00  -3.5528014e+00  -3.5840600e+00
   1.2037602e+01  -7.1436240e-01  -7.0787184e-01  -7.0121528e-01  -6.9489002e-01
   1.2115737e+01  -4.4147061e+00  -4.1394711e+00  -4.1470460e+00  -4.1677114e+00
   1.2193871e+01  -6.9234790e-01  -6.7718682e-01  -6.3080810e-01  -6.0379989e-01
   1.2272006e+01  -4.1596087e+00  -3.9685280e+00  -3.9963055e+00  -3.9981406e+00
   1.2350140e+01  -9.8799398e-01  -9.4272943e-01  -9.0701477e-01  -8.9812944e-01
   1.2428275e+01  -4.0505505e+00  -3.7915897e+00  -3.7147569e+00  -3.6766328e+00
   1.2506409e+01  -6.2437051e-01  -5.8652016e-01  -5.7277520e-01  -5.7048434e-01
   1.2584544e+01  -3.7629892e+00  -3.5726340e+00  -3.6123328e+00  -3.6359725e+00
   1.2662679e+01  -9.1779071e-01  -8.8802086e-01  -8.0403514e-01  -7.6115716e-01
   1.2740813e+01  -4.1238986e+00  -3.8883224e+00  -3.8706985e+00  -3.8774701e+00
   1.2818948e+01  -4.3313663e-01  -4.2792171e-01  -4.4219660e-01  -4.4338727e-01
   1.2897082e+01  -4.0213234e+00  -3.7688193e+00  -3.7435856e+00  -3.7387931e+00
   1.2975217e+01  -6.9965196e-01  -6.6700853e-01  -6.4322862e-01  -6.3196593e-01
   1.3053351e+01  -4.1129032e+00  -3.8928820e+00  -3.9877895e+00  -4.0207319e+00
   1.3131486e+01  -9.4408841e-01  -8.9814710e-01  -8.6139286e-01  -8.3603777e-01
   1.3209620e+01  -4.2711689e+00  -4.0491565e+00  -4.0678394e+00  -4.0698931e+00
   1.3287755e+01  -4.7044379e-01  -4.5474325e-01  -4.5711982e-01  -4.6401037e-01
   1.3365889e+01  -4.3928326e+00  -4.1384985e+00  -4.0938262e+00  -4.0864934e+00
   1.3444024e+01  -3.0784541e-01  -2.8160084e-01  -2.5805251e-01  -2.5464484e-01
   1.3522158e+01  -3.6980166e+00  -3.4365852e+00  -3.4187932e+00  -3.4257062e+00
   1.3600293e+01  -7.4988448e-01  -7.2906787e-01  -7.3185825e-01  -7.2179636e-01
   1.3678428e+01  -4.2335920e+00  -3.9873013e+00  -3.9690879e+00  -3.9511221e+00
   1.3756562e+01  -4.6062972e-01  -4.5760450e-01  -4.5881857e-01  -4.5960543e-01
   1.3834697e+01  -4.3526528e+00  -4.0910664e+00  -4.1248474e+00  -4.1339236e+00
   1.3912831e+01  -6.3204142e-01  -6.1534044e-01  -6.0148471e-01  -5.9262188e-01
   1.3990966e+01  -4.2354259e+00  -4.0063410e+00  -4.0011183e+00  -3.9971276e+00
   1.4069100e+01  -8.5885536e-01  -8.1967017e-01  -8.1540856e-01  -8.0620006e-01
   1.4147235e+01  -7.1201558e+00  -6.8516591e+00  -6.9304265e+00  -6.9666338e+00
   1.4225369e+01  -1.3276746e+01  -1.3497093e+01  -1.3672485e+01  -1.3706637e+01
   1.4303504e+01  -1.8273747e+01  -1.8074455e+01  -1.8632146e+01  -1.8893156e+01
   1.4381638e+01  -1.6778706e+01  -1.6705014e+01  -1.7241328e+01  -1.7463212e+01
   1.4459773e+01  -1.9536561e+01  -1.9780881e+01  -2.1188148e+01  -2.1783125e+01
   1.4537907e+01  -2.0477620e+01  -2.0235673e+01  -2.1582991e+01  -2.2234060e+01
   1.4616042e+01  -2.0198698e+01  -1.9909222e+01  -2.1266440e+01  -2.1945161e+01
   1.4694177e+01  -2.2473860e+01  -2.2311645e+01  -2.4778223e+01  -2.5946388e+01
   1.4772311e+01  -2.1406580e+01  -2.1016915e+01  -2.2698266e+01  -2.3722162e+01
   1.4850446e+01  -2.2027268e+01  -2.2204423e+01  -2.4365882e+01  -2.5534418e+01
   1.4928580e+01  -2.2773919e+01  -2.2951746e+01  -2.5246382e+01  -2.6578673e+01
   1.5006715e+01  -2.1902076e+01  -2.1737732e+01  -2.3611755e+01  -2.4575051e+01
   1.5084849e+01  -2.2444637e+01  -2.2711635e+01  -2.5542625e+01  -2.7072202e+01
   1.5162984e+01  -2.1585957e+01  -2.1595158e+01  -2.3870508e+01  -2.5210975e+01
   1.5241118e+01  -2.1522823e+01  -2.1012009e+01  -2.3017857e+01  -2.4034970e+01
   1.5319253e+01  -2.2484481e+01  -2.2406090e+01  -2.4832076e+01  -2.6201067e+01
   1.5397387e+01  -1.9950348e+01  -1.9804234e+01  -2.0906117e+01  -2.1525291e+01
   1.5475522e+01  -2.0689535e+01  -2.0339368e+01  -2.1722733e+01  -2.2365790e+01
   1.5553656e+01  -1.9704049e+01  -2.0042599e+01  -2.1118602e+01  -2.1641754e+01
   1.5631791e+01  -1.6981295e+01  -1.6678550e+01  -1.7023100e+01  -1.7161985e+01
   1.5709926e+01  -1.8198308e+01  -1.8162502e+01  -1.9031319e+01  -1.9384066e+01
   1.5788060e+01  -1.3132402e+01  -1.3170952e+01  -1.3514782e+01  -1.3655527e+01
   1.5866195e+01  -6.9993392e+00  -6.7477334e+00  -6.8113006e+00  -6.8324185e+00
   1.5944329e+01  -3.2965216e-01  -2.9027901e-01  -2.3428779e-01  -2.1953636e-01
   1.6022464e+01  -4.2832082e+00  -4.0665797e+00  -4.1470386e+00  -4.1734237e+00
   1.6100598e+01  -3.7202582e-01  -3.5212907e-01  -3.2843558e-01  -3.1884744e-01
   1.6178733e+01  -4.0377241e+00  -3.8025819e+00  -3.8033310e+00  -3.8138567e+00
   1.6256867e+01  -8.6818237e-01  -8.2662443e-01  -8.1473132e-01  -7.9627936e-01
   1.6335002e+01  -4.4440393e+00  -4.2493599e+00  -4.1845166e+00  -4.1756271e+00
   1.6413136e+01  -6.1210406e-01  -5.7263099e-01  -5.5840556e-01  -5.5674119e-01
   1.6491271e+01  -4.2484980e+00  -4.0378297e+00  -4.0754263e+00  -4.1118352e+00
   1.6569405e+01  -6.0586316e-01  -5.7551491e-01  -5.2525751e-01  -5.0170117e-01
   1.6647540e+01  -3.9502843e+00  -3.7279394e+00  -3.7596798e+00  -3.7555328e+00
   1.6725675e+01  -9.8866403e-01  -9.4406379e-01  -9.0497034e-01  -8.9628693e-01
   1.6803809e+01  -4.1634050e+00  -3.9248886e+00  -3.9354641e+00  -3.9629004e+00
   1.6881944e+01  -7.5420736e-01  -7.3358755e-01  -7.5495611e-01  -7.6941300e-01
   1.6960078e+01  -4.1379630e+00  -3.8990546e+00  -3.8983626e+00  -3.8985229e+00
   1.7038213e+01  -6.2988838e-01  -5.8578209e-01  -5.5826889e-01  -5.4354162e-01
   1.7116347e+01  -4.1595447e+00  -3.8715727e+00  -3.8763390e+00  -3.8748243e+00
   1.7194482e+01  -3.2464567e-01  -2.9846189e-01  -2.8933856e-01  -2.8295814e-01
   1.7272616e+01  -4.3863749e+00  -4.1213327e+00  -4.1792496e+00  -4.1983281e+00
   1.7350751e+01  -6.6672644e-01  -6.4385419e-01  -6.1075673e-01  -5.9206707e-01
   1.7428885e+01  -4.1216208e+00  -3.8903328e+00  -3.8058287e+00  -3.7702921e+00
   1.7507020e+01  -5.3096420e-01  -4.9490869e-01  -4.5568320e-01  -4.4654614e-01
   1.7585154e+01  -4.1152942e+00  -3.8676582e+00  -3.9009650e+00  -3.9292582e+00
   1.7663289e+01  -3.6797327e-01  -3.2847161e-01  -2.9686482e-01  -2.6333949e-01
   1.7741424e+01  -3.8905077e+00  -3.6588935e+00  -3.6868234e+00  -3.6999068e+00
   1.7819558e+01  -3.9732958e-01  -3.7360495e-01  -3.6534828e-01  -3.7537930e-01
   1.7897693e+01  -4.3091741e+00  -4.0770936e+00  -4.1229870e+00  -4.1433891e+00
   1.7975827e+01  -5.5863713e-01  -4.9816495e-01  -4.9173558e-01  -4.9752264e-01
   1.8053962e+01  -4.1867411e+00  -3.9308513e+00  -3.8927903e+00  -3.8826866e+00
   1.8132096e+01  -4.5219343e-01  -4.0465479e-01  -4.0592729e-01  -4.1270885e-01
   1.8210231e+01  -4.0511056e+00  -3.8478222e+00  -3.9067867e+00  -3.9329494e+00
   1.8288365e+01  -8.6301602e-01  -8.2226321e-01  -7.8797189e-01  -7.8965826e-01
   1.8366500e+01  -4.1538692e+00  -3.9919890e+00  -3.9901894e+00  -3.9902529e+00
   1.8444634e+01  -1.3235455e-01  -1.2732899e-01  -1.0737327e-01  -8.5009241e-02
   1.8522769e+01  -4.1600029e+00  -3.9121700e+00  -3.8690744e+00  -3.8488750e+00
   1.8600903e+01  -6.8055866e-01  -6.7375802e-01  -6.4674534e-01  -6.3130397e-01
   1.8679038e+01  -4.1775530e+00  -3.9787501e+00  -3.9762381e+00  -3.9815941e+00
   1.8757173e+01  -7.7398370e-01  -7.6406401e-01  -8.0206011e-01  -8.2589158e-01
   1.8835307e+01  -4.1533823e+00  -3.8636197e+00  -3.8104840e+00  -3.8089910e+00
   1.8913442e+01  -1.7860808e-02  -7.9924840e-03   0.0000000e+00   0.0000000e+00
   1.8991576e+01  -4.3075245e+00  -4.0397072e+00  -4.0663013e+00  -4.0809333e+00
   1.9069711e+01  -6.4143923e-01  -5.9808281e-01  -5.1073546e-01  -4.8684186e-01
   1.9147845e+01  -4.2334532e+00  -4.0533516e+00  -4.0951312e+00  -4.1107335e+00
   1.9225980e+01  -4.6048516e-01  -4.4176364e-01  -4.2714842e-01  -4.1671749e-01
   1.9304114e+01  -3.9403280e+00  -3.7507921e+00  -3.7865727e+00  -3.8052294e+00
   1.9382249e+01  -3.9002867e-01  -3.4808092e-01  -3.1479342e-01  -3.0824491e-01
   1.9460383e+01  -4.0778606e+00  -3.8028052e+00  -3.7791259e+00  -3.7813080e+00
   1.9538518e+01  -5.0451600e-01  -4.7430280e-01  -4.4768022e-01  -4.3487938e-01
   1.9616652e+01  -4.3541190e+00  -4.1348302e+00  -4.1616939e+00  -4.1976244e+00
   1.9694787e+01  -5.5342975e-01  -5.5372840e-01  -5.6398602e-01  -5.5948017e-01
   1.9772921e+01  -4.2005339e+00  -3.9587792e+00  -4.0068952e+00  -4.0280169e+00
   1.9851056e+01  -5.7722334e-01  -5.3608792e-01  -5.1219933e-01  -5.0862252e-01
   1.9929191e+01  -6.9572209e+00  -6.6808648e+00  -6.7314739e+00  -6.7545211e+00
   2.0007325e+01  -1.0677240e+01  -1.0624568e+01  -1.0666337e+01  -1.0724337e+01
   2.0085460e+01  -7.2857045e+00  -6.9652156e+00  -6.9796204e+00  -6.9917599e+00
   2.0163594e+01  -6.5962587e-01  -6.3859193e-01  -6.3177718e-01  -6.3083664e-01
   2.0241729e+01  -4.3800752e+00  -4.1798060e+00  -4.1421598e+00  -4.1444041e+00
   2.0319863e+01  -7.5578532e-01  -7.3796374e-01  -6.7993296e-01  -6.5785176e-01
   2.0397998e+01  -4.0669042e+00  -3.8276503e+00  -3.7705796e+00  -3.7551035e+00
   2.0476132e+01  -9.6954503e-01  -9.1112782e-01  -8.6526805e-01  -8.5575195e-01
   2.0554267e+01  -4.4210714e+00  -4.1497770e+00  -4.1617016e+00  -4.1620682e+00
   2.0632401e+01  -5.7322071e-01  -5.3315213e-01  -4.6415364e-01  -4.4205270e-01
   2.0710536e+01  -4.3006233e+00  -4.0795303e+00  -4.0639000e+00  -4.0678466e+00
   2.0788670e+01  -7.6851312e-01  -7.7810880e-01  -7.6596092e-01  -7.4189470e-01
   2.0866805e+01  -3.9483926e+00  -3.7224308e+00  -3.7332445e+00  -3.7634835e+00
   2.0944940e+01  -6.6781901e-01  -6.6491233e-01  -6.8189369e-01  -6.8473043e-01
   2.1023074e+01  -3.9261994e+00  -3.6764902e+00  -3.6706131e+00  -3.6748552e+00
   2.1101209e+01   0.0000000e+00   0.0000000e+00  -1.3460496e-02  -1.9354260e-02
   2.1179343e+01  -4.1639576e+00  -3.9171821e+00  -3.8959187e+00  -3.9024547e+00
   2.1257478e+01  -2.9329921e-01  -2.8329501e-01  -3.0379908e-01  -3.1196083e-01
   2.1335612e+01  -4.0401335e+00  -3.7986498e+00  -3.7472858e+00  -3.7318612e+00
   2.1413747e+01  -1.0512260e+00  -1.0032322e+00  -9.7875143e-01  -9.6517385e-01
   2.1491881e+01  -4.2203187e+00  -3.9768402e+00  -4.0061473e+00  -4.0373466e+00
   2.1570016e+01  -6.5966556e-01  -6.3972509e-01  -6.0628206e-01  -5.9688352e-01
   2.1648150e+01  -4.1509264e+00  -3.9510052e+00  -3.9193148e+00  -3.9195305e+00
   2.1726285e+01  -3.9452468e-01  -3.9067435e-01  -3.9161051e-01  -3.9249816e-01
   2.1804419e+01  -4.0986743e+00  -3.8445329e+00  -3.8349699e+00  -3.8230524e+00
   2.1882554e+01  -7.1098101e-01  -6.9606260e-01  -6.7935789e-01  -6.7045553e-01
   2.1960689e+01  -3.7292142e+00  -3.5097129e+00  -3.5528014e+00  -3.5840600e+00
   2.2038823e+01  -7.1436240e-01  -7.0787184e-01  -7.0121528e-01  -6.9489002e-01
   2.2116958e+01  -4.4147061e+00  -4.1394711e+00  -4.1470460e+00  -4.1677114e+00
   2.2195092e+01  -6.9234790e-01  -6.7718682e-01  -6.3080810e-01  -6.0379989e-01
   2.2273227e+01  -4.1596087e+00  -3.9685280e+00  -3.9963055e+00  -3.9981406e+00
   2.2351361e+01  -9.8799398e-01  -9.4272943e-01  -9.0701477e-01  -8.9812944e-01
   2.2429496e+01  -4.0505505e+00  -3.7915897e+00  -3.7147569e+00  -3.6766328e+00
   2.2507630e+01  -6.2437051e-01  -5.8652016e-01  -5.7277520e-01  -5.7048434e-01
   2.2585765e+01  -3.7629892e+00  -3.5726340e+00  -3.6123328e+00  -3.6359725e+00
   2.2663899e+01  -9.1779071e-01  -8.8802086e-01  -8.0403514e-01  -7.6115716e-01
   2.2742034e+01  -4.1238986e+00  -3.8883224e+00  -3.8706985e+00  -3.8774701e+00
   2.2820168e+01  -4.3313663e-01  -4.2792171e-01  -4.4219660e-01  -4.4338727e-01
   2.2898303e+01  -4.0213234e+00  -3.7688193e+00  -3.7435856e+00  -3.7387931e+00
   2.2976438e+01  -6.9965196e-01  -6.6700853e-01  -6.4322862e-01  -6.3196593e-01
   2.3054572e+01  -4.1129032e+00  -3.8928820e+00  -3.9877895e+00  -4.0207319e+00
   2.3132707e+01  -9.4408841e-01  -8.9814710e-01  -8.6139286e-01  -8.3603777e-01
   2.3210841e+01  -4.2711689e+00  -4.0491565e+00  -4.0678394e+00  -4.0698931e+00
   2.3288976e+01  -4.7044379e-01  -4.5474325e-01  -4.5711982e-01  -4.6401037e-01
   2.3367110e+01  -4.3928326e+00  -4.1384985e+00  -4.0938262e+00  -4.0864934e+00
   2.3445245e+01  -3.0784541e-01  -2.8160084e-01  -2.5805251e-01  -2.5464484e-01
   2.3523379e+01  -3.6980166e+00  -3.4365852e+00  -3.4187932e+00  -3.4257062e+00
   2.3601514e+01  -7.4988448e-01  -7.2906787e-01  -7.3185825e-01  -7.2179636e-01
   2.3679648e+01  -4.2335920e+00  -3.9873013e+00  -3.9690879e+00  -3.9511221e+00
   2.3757783e+01  -4.6062972e-01  -4.5760450e-01  -4.5881857e-01  -4.5960543e-01
   2.3835917e+01  -4.3526528e+00  -4.0910664e+00  -4.1248474e+00  -4.1339236e+00
   2.3914052e+01  -6.3204142e-01  -6.1534044e-01  -6.0148471e-01  -5.9262188e-01
   2.3992187e+01  -4.2354259e+00  -4.0063410e+00  -4.0011183e+00  -3.9971276e+00
   2.4070321e+01  -8.5885536e-01  -8.1967017e-01  -8.1540856e-01  -8.0620006e-01
   2.4148456e+01  -7.1201558e+00  -6.8516591e+00  -6.9304265e+00  -6.9666338e+00
   2.4226590e+01  -1.3276746e+01  -1.3497093e+01  -1.3672485e+01  -1.3706637e+01
   2.4304725e+01  -1.8273747e+01  -1.8074455e+01  -1.8632146e+01  -1.8893156e+01
   2.4382859e+01  -1.6778706e+01  -1.6705014e+01  -1.7241328e+01  -1.7463212e+01
   2.4460994e+01  -1.9536561e+01  -1.9780881e+01  -2.1188148e+01  -2.1783125e+01
   2.4539128e+01  -2.0477620e+01  -2.0235673e+01  -2.1582991e+01  -2.2234060e+01
   2.4617263e+01  -2.0198698e+01  -1.9909222e+01  -2.1266440e+01  -2.1945161e+01
   2.4695397e+01  -2.2473860e+01  -2.2311645e+01  -2.4778223e+01  -2.5946388e+01
   2.4773532e+01  -2.1406580e+01  -2.1016915e+01  -2.2698266e+01  -2.3722162e+01
   2.4851666e+01  -2.2027268e+01  -2.2204423e+01  -2.4365882e+01  -2.5534418e+01
   2.4929801e+01  -2.2773919e+01  -2.2951746e+01  -2.5246382e+01  -2.6578673e+01
   2.5007936e+01  -2.1902076e+01  -2.1737732e+01  -2.3611755e+01  -2.4575051e+01
   2.5086070e+01  -2.2444637e+01  -2.2711635e+01  -2.5542625e+01  -2.7072202e+01
   2.5164205e+01  -2.1585957e+01  -2.1595158e+01  -2.3870508e+01  -2.5210975e+01
   2.5242339e+01  -2.1522823e+01  -2.1012009e+01  -2.3017857e+01  -2.4034970e+01
   2.5320474e+01  -2.2484481e+01  -2.2406090e+01  -2.4832076e+01  -2.6201067e+01
   2.5398608e+01  -1.9950348e+01  -1.9804234e+01  -2.0906117e+01  -2.1525291e+01
   2.5476743e+01  -2.0689535e+01  -2.0339368e+01  -2.1722733e+01  -2.2365790e+01
   2.5554877e+01  -1.9704049e+01  -2.0042599e+01  -2.1118602e+01  -2.1641754e+01
   2.5633012e+01  -1.6981295e+01  -1.6678550e+01  -1.7023100e+01  -1.7161985e+01
   2.5711146e+01  -1.8198308e+01  -1.8162502e+01  -1.9031319e+01  -1.9384066e+01
   2.5789281e+01  -1.3132402e+01  -1.3170952e+01  -1.3514782e+01  -1.3655527e+01
   2.5867415e+01  -6.9993392e+00  -6.7477334e+00  -6.8113006e+00  -6.8324185e+00
   2.5945550e+01  -3.2965216e-01  -2.9027901e-01  -2.3428779e-01  -2.1953636e-01
   2.6023685e+01  -4.2832082e+00  -4.0665797e+00  -4.1470386e+00  -4.1734237e+00
   2.6101819e+01  -3.7202582e-01  -3.5212907e-01  -3.2843558e-01  -3.1884744e-01
   2.6179954e+01  -4.0377241e+00  -3.8025819e+00  -3.8033310e+00  -3.8138567e+00
   2.6258088e+01  -8.6818237e-01  -8.2662443e-01  -8.1473132e-01  -7.9627936e-01
   2.6336223e+01  -4.4440393e+00  -4.2493599e+00  -4.1845166e+00  -4.1756271e+00
   2.6414357e+01  -6.1210406e-01  -5.7263099e-01  -5.5840556e-01  -5.5674119e-01
   2.6492492e+01  -4.2484980e+00  -4.0378297e+00  -4.0754263e+00  -4.1118352e+00
   2.6570626e+01  -6.0586316e-01  -5.7551491e-01  -5.2525751e-01  -5.0170117e-01
   2.6648761e+01  -3.9502843e+00  -3.7279394e+00  -3.7596798e+00  -3.7555328e+00
   2.6726895e+01  -9.8866403e-01  -9.4406379e-01  -9.0497034e-01  -8.9628693e-01
   2.6805030e+01  -4.1634050e+00  -3.9248886e+00  -3.9354641e+00  -3.9629004e+00
   2.6883164e+01  -7.5420736e-01  -7.3358755e-01  -7.5495611e-01  -7.6941300e-01
   2.6961299e+01  -4.1379630e+00  -3.8990546e+00  -3.8983626e+00  -3.8985229e+00
   2.7039434e+01  -6.2988838e-01  -5.8578209e-01  -5.5826889e-01  -5.4354162e-01
   2.7117568e+01  -4.1595447e+00  -3.8715727e+00  -3.8763390e+00  -3.8748243e+00
   2.7195703e+01  -3.2464567e-01  -2.9846189e-01  -2.8933856e-01  -2.8295814e-01
   2.7273837e+01  -4.3863749e+00  -4.1213327e+00  -4.1792496e+00  -4.1983281e+00
   2.7351972e+01  -6.6672644e-01  -6.4385419e-01  -6.1075673e-01  -5.9206707e-01
   2.7430106e+01  -4.1216208e+00  -3.8903328e+00  -3.8058287e+00  -3.7702921e+00
   2.7508241e+01  -5.3096420e-01  -4.9490869e-01  -4.5568320e-01  -4.4654614e-01
   2.7586375e+01  -4.1152942e+00  -3.8676582e+00  -3.9009650e+00  -3.9292582e+00
   2.7664510e+01  -3.6797327e-01  -3.2847161e-01  -2.9686482e-01  -2.6333949e-01
   2.7742644e+01  -3.8905077e+00  -3.6588935e+00  -3.6868234e+00  -3.6999068e+00
   2.7820779e+01  -3.9732958e-01  -3.7360495e-01  -3.6534828e-01  -3.7537930e-01
   2.7898913e+01  -4.3091741e+00  -4.0770936e+00  -4.1229870e+00  -4.1433891e+00
   2.7977048e+01  -5.5863713e-01  -4.9816495e-01  -4.9173558e-01  -4.9752264e-01
   2.8055183e+01  -4.1867411e+00  -3.9308513e+00  -3.8927903e+00  -3.8826866e+00
   2.8133317e+01  -4.5219343e-01  -4.0465479e-01  -4.0592729e-01  -4.1270885e-01
   2.8211452e+01  -4.0511056e+00  -3.8478222e+00  -3.9067867e+00  -3.9329494e+00
   2.8289586e+01  -8.6301602e-01  -8.2226321e-01  -7.8797189e-01  -7.8965826e-01
   2.8367721e+01  -4.1538692e+00  -3.9919890e+00  -3.9901894e+00  -3.9902529e+00
   2.8445855e+01  -1.3235455e-01  -1.2732899e-01  -1.0737327e-01  -8.5009241e-02
   2.8523990e+01  -4.1600029e+00  -3.9121700e+00  -3.8690744e+00  -3.8488750e+00
   2.8602124e+01  -6.8055866e-01  -6.7375802e-01  -6.4674534e-01  -6.3130397e-01
   2.8680259e+01  -4.1775530e+00  -3.9787501e+00  -3.9762381e+00  -3.9815941e+00
   2.8758393e+01  -7.7398370e-01  -7.6406401e-01  -8.0206011e-01  -8.2589158e-01
   2.8836528e+01  -4.1533823e+00  -3.8636197e+00  -3.8104840e+00  -3.8089910e+00
   2.8914662e+01  -1.7860808e-02  -7.9924840e-03   0.0000000e+00   0.0000000e+00
   2.8992797e+01  -4.3075245e+00  -4.0397072e+00  -4.0663013e+00  -4.0809333e+00
   2.9070932e+01  -6.4143923e-01  -5.9808281e-01  -5.1073546e-01  -4.8684186e-01
   2.9149066e+01  -4.2334532e+00  -4.0533516e+00  -4.0951312e+00  -4.1107335e+00
   2.9227201e+01  -4.6048516e-01  -4.4176364e-01  -4.2714842e-01  -4.1671749e-01
   2.9305335e+01  -3.9403280e+00  -3.7507921e+00  -3.7865727e+00  -3.8052294e+00
   2.9383470e+01  -3.9002867e-01  -3.4808092e-01  -3.1479342e-01  -3.0824491e-01
   2.9461604e+01  -4.0778606e+00  -3.8028052e+00  -3.7791259e+00  -3.7813080e+00
   2.9539739e+01  -5.0451600e-01  -4.7430280e-01  -4.4768022e-01  -4.3487938e-01
   2.9617873e+01  -4.3541190e+00  -4.1348302e+00  -4.1616939e+00  -4.1976244e+00
   2.9696008e+01  -5.5342975e-01  -5.5372840e-01  -5.6398602e-01  -5.5948017e-01
   2.9774142e+01  -4.2005339e+00  -3.9587792e+00  -4.0068952e+00  -4.0280169e+00
   2.9852277e+01  -5.7722334e-01  -5.3608792e-01  -5.1219933e-01  -5.0862252e-01
   2.9930411e+01  -6.9572209e+00  -6.6808648e+00  -6.7314739e+00  -6.7545211e+00
   3.0008546e+01  -1.0677240e+01  -1.0624568e+01  -1.0666337e+01  -1.0724337e+01
   3.0086681e+01  -7.2857045e+00  -6.9652156e+00  -6.9796204e+00  -6.9917599e+00
   3.0164815e+01  -6.5962587e-01  -6.3859193e-01  -6.3177718e-01  -6.3083664e-01
   3.0242950e+01  -4.3800752e+00  -4.1798060e+00  -4.1421598e+00  -4.1444041e+00
   3.0321084e+01  -7.5578532e-01  -7.3796374e-01  -6.7993296e-01  -6.5785176e-01
   3.0399219e+01  -4.0669042e+00  -3.8276503e+00  -3.7705796e+00  -3.7551035e+00
   3.0477353e+01  -9.6954503e-01  -9.1112782e-01  -8.6526805e-01  -8.5575195e-01
   3.0555488e+01  -4.4210714e+00  -4.1497770e+00  -4.1617016e+00  -4.1620682e+00
   3.0633622e+01  -5.7322071e-01  -5.3315213e-01  -4.6415364e-01  -4.4205270e-01
   3.0711757e+01  -4.3006233e+00  -4.0795303e+00  -4.0639000e+00  -4.0678466e+00
   3.0789891e+01  -7.6851312e-01  -7.7810880e-01  -7.6596092e-01  -7.4189470e-01
   3.0868026e+01  -3.9483926e+00  -3.7224308e+00  -3.7332445e+00  -3.7634835e+00
   3.0946160e+01  -6.6781901e-01  -6.6491233e-01  -6.8189369e-01  -6.8473043e-01
   3.1024295e+01  -3.9261994e+00  -3.6764902e+00  -3.6706131e+00  -3.6748552e+00
   3.1102429e+01   0.0000000e+00   0.0000000e+00  -1.3460496e-02  -1.9354260e-02
   3.1180564e+01  -4.1639576e+00  -3.9171821e+00  -3.8959187e+00  -3.9024547e+00
   3.1258699e+01  -2.9329921e-01  -2.8329501e-01  -3.0379908e-01  -3.1196083e-01
   3.1336833e+01  -4.0401335e+00  -3.7986498e+00  -3.7472858e+00  -3.7318612e+00
   3.1414968e+01  -1.0512260e+00  -1.0032322e+00  -9.7875143e-01  -9.6517385e-01
   3.1493102e+01  -4.2203187e+00  -3.9768402e+00  -4.0061473e+00  -4.0373466e+00
   3.1571237e+01  -6.5966556e-01  -6.3972509e-01  -6.0628206e-01  -5.9688352e-01
   3.1649371e+01  -4.1509264e+00  -3.9510052e+00  -3.9193148e+00  -3.9195305e+00
   3.1727506e+01  -3.9452468e-01  -3.9067435e-01  -3.9161051e-01  -3.9249816e-01
   3.1805640e+01  -4.0986743e+00  -3.8445329e+00  -3.8349699e+00  -3.8230524e+00
   3.1883775e+01  -7.1098101e-01  -6.9606260e-01  -6.7935789e-01  -6.7045553e-01
   3.1961909e+01  -3.7292142e+00  -3.5097129e+00  -3.5528014e+00  -3.5840600e+00
   3.2040044e+01  -7.1436240e-01  -7.0787184e-01  -7.0121528e-01  -6.9489002e-01
   3.2118178e+01  -4.4147061e+00  -4.1394711e+00  -4.1470460e+00  -4.1677114e+00
   3.2196313e+01  -6.9234790e-01  -6.7718682e-01  -6.3080810e-01  -6.0379989e-01
   3.2274448e+01  -4.1596087e+00  -3.9685280e+00  -3.9963055e+00  -3.9981406e+00
   3.2352582e+01  -9.8799398e-01  -9.4272943e-01  -9.0701477e-01  -8.9812944e-01
   3.2430717e+01  -4.0505505e+00  -3.7915897e+00  -3.7147569e+00  -3.6766328e+00
   3.2508851e+01  -6.2437051e-01  -5.8652016e-01  -5.7277520e-01  -5.7048434e-01
   3.2586986e+01  -3.7629892e+00  -3.5726340e+00  -3.6123328e+00  -3.6359725e+00
   3.2665120e+01  -9.1779071e-01  -8.8802086e-01  -8.0403514e-01  -7.6115716e-01
   3.2743255e+01  -4.1238986e+00  -3.8883224e+00  -3.8706985e+00  -3.8774701e+00
   3.2821389e+01  -4.3313663e-01  -4.2792171e-01  -4.4219660e-01  -4.4338727e-01
   3.2899524e+01  -4.0213234e+00  -3.7688193e+00  -3.7435856e+00  -3.7387931e+00
   3.2977658e+01  -6.9965196e-01  -6.6700853e-01  -6.4322862e-01  -6.3196593e-01
   3.3055793e+01  -4.1129032e+00  -3.8928820e+00  -3.9877895e+00  -4.0207319e+00
   3.3133927e+01  -9.4408841e-01  -8.9814710e-01  -8.6139286e-01  -8.3603777e-01
   3.3212062e+01  -4.2711689e+00  -4.0491565e+00  -4.0678394e+00  -4.0698931e+00
   3.3290197e+01  -4.7044379e-01  -4.5474325e-01  -4.5711982e-01  -4.6401037e-01
   3.3368331e+01  -4.3928326e+00  -4.1384985e+00  -4.0938262e+00  -4.0864934e+00
   3.3446466e+01  -3.0784541e-01  -2.8160084e-01  -2.5805251e-01  -2.5464484e-01
   3.3524600e+01  -3.6980166e+00  -3.4365852e+00  -3.4187932e+00  -3.4257062e+00
   3.3602735e+01  -7.4988448e-01  -7.2906787e-01  -7.3185825e-01  -7.2179636e-01
   3.3680869e+01  -4.2335920e+00  -3.9873013e+00  -3.9690879e+00  -3.9511221e+00
   3.3759004e+01  -4.6062972e-01  -4.5760450e-01  -4.5881857e-01  -4.5960543e-01
   3.3837138e+01  -4.3526528e+00  -4.0910664e+00  -4.1248474e+00  -4.1339236e+00
   3.3915273e+01  -6.3204142e-01  -6.1534044e-01  -6.0148471e-01  -5.9262188e-01
   3.3993407e+01  -4.2354259e+00  -4.0063410e+00  -4.0011183e+00  -3.9971276e+00
   3.4071542e+01  -8.5885536e-01  -8.1967017e-01  -8.1540856e-01  -8.0620006e-01
   3.4149676e+01  -7.1201558e+00  -6.8516591e+00  -6.9304265e+00  -6.9666338e+00
   3.4227811e+01  -1.3276746e+01  -1.3497093e+01  -1.3672485e+01  -1.3706637e+01
   3.4305946e+01  -1.8273747e+01  -1.8074455e+01  -1.8632146e+01  -1.8893156e+01
   3.4384080e+01  -1.6778706e+01  -1.6705014e+01  -1.7241328e+01  -1.7463212e+01
   3.4462215e+01  -1.9536561e+01  -1.9780881e+01  -2.1188148e+01  -2.1783125e+01
   3.4540349e+01  -2.0477620e+01  -2.0235673e+01  -2.1582991e+01  -2.2234060e+01
   3.4618484e+01  -2.0198698e+01  -1.9909222e+01  -2.1266440e+01  -2.1945161e+01
   3.4696618e+01  -2.2473860e+01  -2.2311645e+01  -2.4778223e+01  -2.5946388e+01
   3.4774753e+01  -2.1406580e+01  -2.1016915e+01  -2.2698266e+01  -2.3722162e+01
   3.4852887e+01  -2.2027268e+01  -2.2204423e+01  -2.4365882e+01  -2.5534418e+01
   3.4931022e+01  -2.2773919e+01  -2.2951746e+01  -2.5246382e+01  -2.6578673e+01
   3.5009156e+01  -2.1902076e+01  -2.1737732e+01  -2.3611755e+01  -2.4575051e+01
   3.5087291e+01  -2.2444637e+01  -2.2711635e+01  -2.5542625e+01  -2.7072202e+01
   3.5165425e+01  -2.1585957e+01  -2.1595158e+01  -2.3870508e+01  -2.5210975e+01
   3.5243560e+01  -2.1522823e+01  -2.1012009e+01  -2.3017857e+01  -2.4034970e+01
   3.5321695e+01  -2.2484481e+01  -2.2406090e+01  -2.4832076e+01  -2.6201067e+01
   3.5399829e+01  -1.9950348e+01  -1.9804234e+01  -2.0906117e+01  -2.1525291e+01
   3.5477964e+01  -2.0689535e+01  -2.0339368e+01  -2.1722733e+01  -2.2365790e+01
   3.5556098e+01  -1.9704049e+01  -2.0042599e+01  -2.1118602e+01  -2.1641754e+01
   3.5634233e+01  -1.6981295e+01  -1.6678550e+01  -1.7023100e+01  -1.7161985e+01
   3.5712367e+01  -1.8198308e+01  -1.8162502e+01  -1.9031319e+01  -1.9384066e+01
   3.5790502e+01  -1.3132402e+01  -1.3170952e+01  -1.3514782e+01  -1.3655527e+01
   3.5868636e+01  -6.9993392e+00  -6.7477334e+00  -6.8113006e+00  -6.8324185e+00
   3.5946771e+01  -3.2965216e-01  -2.9027901e-01  -2.3428779e-01  -2.1953636e-01
   3.6024905e+01  -4.2832082e+00  -4.0665797e+00  -4.1470386e+00  -4.1734237e+00
   3.6103040e+01  -3.7202582e-01  -3.5212907e-01  -3.2843558e-01  -3.1884744e-01
   3.6181174e+01  -4.0377241e+00  -3.8025819e+00  -3.8033310e+00  -3.8138567e+00
   3.6259309e+01  -8.6818237e-01  -8.2662443e-01  -8.1473132e-01  -7.9627936e-01
   3.6337444e+01  -4.4440393e+00  -4.2493599e+00  -4.1845166e+00  -4.1756271e+00
   3.6415578e+01  -6.1210406e-01  -5.7263099e-01  -5.5840556e-01  -5.5674119e-01
   3.6493713e+01  -4.2484980e+00  -4.0378297e+00  -4.0754263e+00  -4.1118352e+00
   3.6571847e+01  -6.0586316e-01  -5.7551491e-01  -5.2525751e-01  -5.0170117e-01
   3.6649982e+01  -3.9502843e+00  -3.7279394e+00  -3.7596798e+00  -3.7555328e+00
   3.6728116e+01  -9.8866403e-01  -9.4406379e-01  -9.0497034e-01  -8.9628693e-01
   3.6806251e+01  -4.1634050e+00  -3.9248886e+00  -3.9354641e+00  -3.9629004e+00
   3.6884385e+01  -7.5420736e-01  -7.3358755e-01  -7.5495611e-01  -7.6941300e-01
   3.6962520e+01  -4.1379630e+00  -3.8990546e+00  -3.8983626e+00  -3.8985229e+00
   3.7040654e+01  -6.2988838e-01  -5.8578209e-01  -5.5826889e-01  -5.4354162e-01
   3.7118789e+01  -4.1595447e+00  -3.8715727e+00  -3.8763390e+00  -3.8748243e+00
   3.7196923e+01  -3.2464567e-01  -2.9846189e-01  -2.8933856e-01  -2.8295814e-01
   3.7275058e+01  -4.3863749e+00  -4.1213327e+00  -4.1792496e+00  -4.1983281e+00
   3.7353193e+01  -6.6672644e-01  -6.4385419e-01  -6.1075673e-01  -5.9206707e-01
   3.7431327e+01  -4.1216208e+00  -3.8903328e+00  -3.8058287e+00  -3.7702921e+00
   3.7509462e+01  -5.3096420e-01  -4.9490869e-01  -4.5568320e-01  -4.4654614e-01
   3.7587596e+01  -4.1152942e+00  -3.8676582e+00  -3.9009650e+00  -3.9292582e+00
   3.7665731e+01  -3.6797327e-01  -3.2847161e-01  -2.9686482e-01  -2.6333949e-01
   3.7743865e+01  -3.8905077e+00  -3.6588935e+00  -3.6868234e+00  -3.6999068e+00
   3.7822000e+01  -3.9732958e-01  -3.7360495e-01  -3.6534828e-01  -3.7537930e-01
   3.7900134e+01  -4.3091741e+00  -4.0770936e+00  -4.1229870e+00  -4.1433891e+00
   3.7978269e+01  -5.5863713e-01  -4.9816495e-01  -4.9173558e-01  -4.9752264e-01
   3.8056403e+01  -4.1867411e+00  -3.9308513e+00  -3.8927903e+00  -3.8826866e+00
   3.8134538e+01  -4.5219343e-01  -4.0465479e-01  -4.0592729e-01  -4.1270885e-01
   3.8212672e+01  -4.0511056e+00  -3.8478222e+00  -3.9067867e+00  -3.9329494e+00
   3.8290807e+01  -8.6301602e-01  -8.2226321e-01  -7.8797189e-01  -7.8965826e-01
   3.8368942e+01  -4.1538692e+00  -3.9919890e+00  -3.9901894e+00  -3.9902529e+00
   3.8447076e+01  -1.3235455e-01  -1.2732899e-01  -1.0737327e-01  -8.5009241e-02
   3.8525211e+01  -4.1600029e+00  -3.9121700e+00  -3.8690744e+00  -3.8488750e+00
   3.8603345e+01  -6.8055866e-01  -6.7375802e-01  -6.4674534e-01  -6.3130397e-01
   3.8681480e+01  -4.1775530e+00  -3.9787501e+00  -3.9762381e+00  -3.9815941e+00
   3.8759614e+01  -7.7398370e-01  -7.6406401e-01  -8.0206011e-01  -8.2589158e-01
   3.8837749e+01  -4.1533823e+00  -3.8636197e+00  -3.8104840e+00  -3.8089910e+00
   3.8915883e+01  -1.7860808e-02  -7.9924840e-03   0.0000000e+00   0.0000000e+00
   3.8994018e+01  -4.3075245e+00  -4.0397072e+00  -4.0663013e+00  -4.0809333e+00
   3.9072152e+01  -6.4143923e-01  -5.9808281e-01  -5.1073546e-01  -4.8684186e-01
   3.9150287e+01  -4.2334532e+00  -4.0533516e+00  -4.0951312e+00  -4.1107335e+00
   3.9228421e+01  -4.6048516e-01  -4.4176364e-01  -4.2714842e-01  -4.1671749e-01
   3.9306556e+01  -3.9403280e+00  -3.7507921e+00  -3.7865727e+00  -3.8052294e+00
   3.9384691e+01  -3.9002867e-01  -3.4808092e-01  -3.1479342e-01  -3.0824491e-01
   3.9462825e+01  -4.0778606e+00  -3.8028052e+00  -3.7791259e+00  -3.7813080e+00
   3.9540960e+01  -5.0451600e-01  -4.7430280e-01  -4.4768022e-01  -4.3487938e-01
   3.9619094e+01  -4.3541190e+00  -4.1348302e+00  -4.1616939e+00  -4.1976244e+00
   3.9697229e+01  -5.5342975e-01  -5.5372840e-01  -5.6398602e-01  -5.5948017e-01
   3.9775363e+01  -4.2005339e+00  -3.9587792e+00  -4.0068952e+00  -4.0280169e+00
   3.9853498e+01  -5.7722334e-01  -5.3608792e-01  -5.1219933e-01  -5.0862252e-01
   3.9931632e+01  -6.9572209e+00  -6.6808648e+00  -6.7314739e+00  -6.7545211e+00
