  -4.0000000e+01  -1.0210885e+01  -1.0619557e+01  -1.0603253e+01  -1.0481865e+01
  -3.9921865e+01  -6.8213064e+00  -7.0029280e+00  -6.9981252e+00  -6.9407497e+00
  -3.9843731e+01  -4.7093826e-01  -5.4206141e-01  -6.3160230e-01  -6.2791466e-01
  -3.9765596e+01  -4.4255281e+00  -4.5089686e+00  -4.4513017e+00  -4.4315376e+00
  -3.9687462e+01  -4.4576039e-01  -4.8521263e-01  -5.2346044e-01  -5.2264964e-01
  -3.9609327e+01  -4.2064594e+00  -4.2776261e+00  -4.2097287e+00  -4.1812096e+00
  -3.9531193e+01  -4.2431950e-01  -4.5553066e-01  -4.9394291e-01  -4.8212897e-01
  -3.9453058e+01  -4.3604370e+00  -4.4523349e+00  -4.4258632e+00  -4.4107704e+00
  -3.9374924e+01  -7.9649119e-01  -8.4483127e-01  -8.7766666e-01  -8.7318139e-01
  -3.9296789e+01  -3.7975383e+00  -3.8990118e+00  -3.8856343e+00  -3.8662940e+00
  -3.9218655e+01  -7.5175030e-01  -8.1756512e-01  -8.9690608e-01  -8.8835109e-01
  -3.9140520e+01  -4.2625109e+00  -4.3845437e+00  -4.3806805e+00  -4.3539711e+00
  -3.9062386e+01  -1.8208734e-01  -1.9378914e-01  -1.8891653e-01  -1.8639226e-01
  -3.8984251e+01  -4.0105695e+00  -4.0890944e+00  -4.0600687e+00  -4.0366568e+00
  -3.8906116e+01  -6.5204723e-01  -6.9004759e-01  -7.1051535e-01  -7.0384271e-01
  -3.8827982e+01  -4.1286477e+00  -4.2171214e+00  -4.2135414e+00  -4.1742766e+00
  -3.8749847e+01  -2.0149722e-01  -2.4444132e-01  -2.9260168e-01  -2.7964978e-01
  -3.8671713e+01  -4.2636221e+00  -4.3680801e+00  -4.3645949e+00  -4.3387636e+00
  -3.8593578e+01  -5.2662757e-01  -5.2568044e-01  -5.0297729e-01  -4.8555066e-01
  -3.8515444e+01  -4.4297391e+00  -4.4942248e+00  -4.4112731e+00  -4.3802318e+00
  -3.8437309e+01  -4.5372998e-01  -4.9208004e-01  -5.2800169e-01  -5.2589702e-01
  -3.8359175e+01  -3.6793991e+00  -3.8057027e+00  -3.8709843e+00  -3.8482705e+00
  -3.8281040e+01  -6.6586596e-01  -7.2825113e-01  -7.8847180e-01  -7.8955139e-01
  -3.8202906e+01  -4.0911981e+00  -4.1661649e+00  -4.1456095e+00  -4.1294413e+00
  -3.8124771e+01  -6.6936796e-02  -1.0168978e-01  -1.4098039e-01  -1.2877771e-01
  -3.8046637e+01  -3.9295879e+00  -3.9931972e+00  -3.9490879e+00  -3.9199743e+00
  -3.7968502e+01  -4.2286911e-01  -5.1417626e-01  -6.1820798e-01  -6.2572366e-01
  -3.7890367e+01  -4.2736210e+00  -4.4102120e+00  -4.4000178e+00  -4.3812476e+00
  -3.7812233e+01  -1.2784695e-01  -1.6268515e-01  -1.9221908e-01  -1.7935687e-01
  -3.7734098e+01  -4.1056599e+00  -4.1439927e+00  -4.0585104e+00  -4.0250906e+00
  -3.7655964e+01  -7.8812911e-01  -8.2219493e-01  -8.5008635e-01  -8.4357616e-01
  -3.7577829e+01  -4.1686653e+00  -4.2008991e+00  -4.1037239e+00  -4.0817814e+00
  -3.7499695e+01  -2.6338449e-01  -3.0047078e-01  -3.4046353e-01  -3.3757938e-01
  -3.7421560e+01  -4.3407591e+00  -4.4023628e+00  -4.3384750e+00  -4.3077368e+00
  -3.7343426e+01  -5.5106028e-01  -5.8384367e-01  -6.1528855e-01  -6.0828541e-01
  -3.7265291e+01  -3.9336810e+00  -4.0259872e+00  -3.9955667e+00  -3.9770058e+00
  -3.7187157e+01  -6.6827882e-01  -7.3375213e-01  -8.1130065e-01  -8.1083864e-01
  -3.7109022e+01  -3.9735444e+00  -4.0489102e+00  -4.0519509e+00  -4.0314506e+00
  -3.7030888e+01  -3.6060341e-01  -3.7757182e-01  -3.8473208e-01  -3.8494606e-01
  -3.6952753e+01  -4.0681143e+00  -4.1372384e+00  -4.0970360e+00  -4.0841775e+00
  -3.6874618e+01  -2.3327890e-01  -3.0025817e-01  -3.9134312e-01  -3.8442682e-01
  -3.6796484e+01  -4.1801752e+00  -4.2557595e+00  -4.2339386e+00  -4.2145204e+00
  -3.6718349e+01  -6.0359495e-01  -6.7472673e-01  -7.7315855e-01  -7.7444271e-01
  -3.6640215e+01  -3.8204962e+00  -3.9492271e+00  -3.9977556e+00  -3.9788515e+00
  -3.6562080e+01  -4.8869429e-01  -5.1404756e-01  -5.5698321e-01  -5.5363719e-01
  -3.6483946e+01  -4.0981923e+00  -4.1301591e+00  -4.0631081e+00  -4.0434468e+00
  -3.6405811e+01  -2.2823000e-01  -2.5142321e-01  -2.9240318e-01  -2.8561203e-01
  -3.6327677e+01  -4.0835295e+00  -4.1695875e+00  -4.1840567e+00  -4.1799853e+00
  -3.6249542e+01  -4.9579982e-01  -5.2823295e-01  -5.6865687e-01  -5.5968536e-01
  -3.6171408e+01  -4.3651729e+00  -4.4620539e+00  -4.4805742e+00  -4.4670813e+00
  -3.6093273e+01  -5.1606919e-01  -5.6522221e-01  -6.4635428e-01  -6.5610588e-01
  -3.6015139e+01  -4.0265282e+00  -4.0766124e+00  -4.0311099e+00  -4.0164169e+00
  -3.5937004e+01  -5.8803253e-01  -6.3378359e-01  -6.9608743e-01  -6.9608931e-01
  -3.5858869e+01  -7.2332909e+00  -7.3791760e+00  -7.4243721e+00  -7.4110582e+00
  -3.5780735e+01  -1.2916241e+01  -1.3495179e+01  -1.3674753e+01  -1.3548918e+01
  -3.5702600e+01  -1.8418221e+01  -1.9841590e+01  -1.9725082e+01  -1.9289558e+01
  -3.5624466e+01  -1.6265111e+01  -1.7234771e+01  -1.7152990e+01  -1.6839264e+01
  -3.5546331e+01  -1.9428740e+01  -2.1431540e+01  -2.1659823e+01  -2.1039636e+01
  -3.5468197e+01  -2.0650435e+01  -2.3063625e+01  -2.3019142e+01  -2.2269512e+01
  -3.5390062e+01  -1.9583475e+01  -2.1837126e+01  -2.1983168e+01  -2.1222156e+01
  -3.5311928e+01  -2.2302388e+01  -2.5898766e+01  -2.6093419e+01  -2.4738576e+01
  -3.5233793e+01  -2.2252068e+01  -2.5552755e+01  -2.5837294e+01  -2.4768638e+01
  -3.5155659e+01  -2.1781791e+01  -2.5544648e+01  -2.6227781e+01  -2.4917030e+01
  -3.5077524e+01  -2.4040334e+01  -2.8849433e+01  -2.9540589e+01  -2.7559435e+01
  -3.4999390e+01  -2.2949638e+01  -2.7207318e+01  -2.7458408e+01  -2.5779288e+01
  -3.4921255e+01  -2.4034141e+01  -2.9083709e+01  -3.0626555e+01  -2.8378311e+01
  -3.4843120e+01  -2.4773257e+01  -3.0248089e+01  -3.1640848e+01  -2.9189377e+01
  -3.4764986e+01  -2.3895979e+01  -2.9135785e+01  -3.0665541e+01  -2.8238986e+01
  -3.4686851e+01  -2.5485903e+01  -3.1471733e+01  -3.4411240e+01  -3.0941871e+01
  -3.4608717e+01  -2.5603257e+01  -3.1401658e+01  -3.4038341e+01  -3.1083838e+01
  -3.4530582e+01  -2.4874341e+01  -3.0894994e+01  -3.4490647e+01  -3.1101426e+01
  -3.4452448e+01  -2.6578268e+01  -3.2859317e+01  -3.7833947e+01  -3.3365434e+01
  -3.4374313e+01  -2.5809142e+01  -3.2043094e+01  -3.5771276e+01  -3.1742372e+01
  -3.4296179e+01  -2.6426510e+01  -3.2698631e+01  -3.9274826e+01  -3.4274047e+01
  -3.4218044e+01  -2.6977598e+01  -3.3344661e+01  -4.0007055e+01  -3.4830547e+01
  -3.4139910e+01  -2.6231460e+01  -3.2554251e+01  -3.9312098e+01  -3.4074005e+01
  -3.4061775e+01  -2.7464313e+01  -3.3769897e+01  -4.3907193e+01  -3.6799612e+01
  -3.3983641e+01  -2.7595966e+01  -3.3877840e+01  -4.2747716e+01  -3.6727282e+01
  -3.3905506e+01  -2.6829240e+01  -3.3144070e+01  -4.3891483e+01  -3.6933973e+01
  -3.3827372e+01  -2.8285893e+01  -3.4545015e+01  -4.7412428e+01  -3.9119552e+01
  -3.3749237e+01  -2.7665446e+01  -3.3962671e+01  -4.5626768e+01  -3.7572480e+01
  -3.3671102e+01  -2.8074254e+01  -3.4305242e+01  -4.9582154e+01  -4.0318747e+01
  -3.3592968e+01  -2.8519682e+01  -3.4769451e+01  -4.9844256e+01  -4.0645049e+01
  -3.3514833e+01  -2.7853894e+01  -3.4093081e+01  -4.9783571e+01  -4.0108950e+01
  -3.3436699e+01  -2.8912270e+01  -3.5117029e+01  -5.3924278e+01  -4.3095291e+01
  -3.3358564e+01  -2.9036875e+01  -3.5247153e+01  -5.2469917e+01  -4.2657422e+01
  -3.3280430e+01  -2.8273532e+01  -3.4493012e+01  -5.3968622e+01  -4.3251130e+01
  -3.3202295e+01  -2.9583199e+01  -3.5840226e+01  -5.4712855e+01  -4.5416582e+01
  -3.3124161e+01  -2.9048275e+01  -3.5291141e+01  -5.4651907e+01  -4.3913165e+01
  -3.3046026e+01  -2.9338260e+01  -3.5584393e+01  -5.5144061e+01  -4.7020782e+01
  -3.2967892e+01  -2.9712305e+01  -3.6012744e+01  -5.5119633e+01  -4.7122470e+01
  -3.2889757e+01  -2.9102249e+01  -3.5363605e+01  -5.5052638e+01  -4.6808901e+01
  -3.2811623e+01  -3.0056485e+01  -3.6351147e+01  -5.5281921e+01  -5.0023252e+01
  -3.2733488e+01  -3.0170575e+01  -3.6446614e+01  -5.5948074e+01  -4.9229324e+01
  -3.2655353e+01  -2.9421354e+01  -3.5730992e+01  -5.5201516e+01  -5.0396994e+01
  -3.2577219e+01  -3.0630458e+01  -3.6960152e+01  -5.5902976e+01  -5.2374049e+01
  -3.2499084e+01  -3.0150815e+01  -3.6489694e+01  -5.5572803e+01  -5.0935158e+01
  -3.2420950e+01  -3.0363860e+01  -3.6687171e+01  -5.6055968e+01  -5.4216690e+01
  -3.2342815e+01  -3.0684568e+01  -3.7051168e+01  -5.6050253e+01  -5.4114540e+01
  -3.2264681e+01  -3.0116478e+01  -3.6454260e+01  -5.6100700e+01  -5.3983670e+01
  -3.2186546e+01  -3.1000890e+01  -3.7326022e+01  -5.7198396e+01  -5.6569970e+01
  -3.2108412e+01  -3.1104615e+01  -3.7411457e+01  -5.7138689e+01  -5.5949405e+01
  -3.2030277e+01  -3.0372171e+01  -3.6713004e+01  -5.6988439e+01  -5.7276533e+01
  -3.1952143e+01  -3.1506557e+01  -3.7831189e+01  -5.7983033e+01  -5.8265187e+01
  -3.1874008e+01  -3.1065363e+01  -3.7404853e+01  -5.7800558e+01  -5.7499185e+01
  -3.1795874e+01  -3.1224426e+01  -3.7544925e+01  -5.8451320e+01  -5.9232992e+01
  -3.1717739e+01  -3.1502772e+01  -3.7844317e+01  -5.8488878e+01  -5.9158722e+01
  -3.1639604e+01  -3.0968021e+01  -3.7292712e+01  -5.8747017e+01  -5.9220837e+01
  -3.1561470e+01  -3.1801920e+01  -3.8105327e+01  -5.9580377e+01  -5.9895194e+01
  -3.1483335e+01  -3.1896185e+01  -3.8190241e+01  -5.9222064e+01  -5.9874177e+01
  -3.1405201e+01  -3.1180594e+01  -3.7498567e+01  -5.9602563e+01  -6.0220025e+01
  -3.1327066e+01  -3.2256369e+01  -3.8578382e+01  -5.9761720e+01  -6.0353867e+01
  -3.1248932e+01  -3.1843310e+01  -3.8168970e+01  -5.9742198e+01  -6.0429221e+01
  -3.1170797e+01  -3.1962333e+01  -3.8283379e+01  -6.0016785e+01  -6.0580808e+01
  -3.1092663e+01  -3.2205636e+01  -3.8554113e+01  -6.0058307e+01  -6.0660299e+01
  -3.1014528e+01  -3.1698380e+01  -3.8021126e+01  -6.0020504e+01  -6.0793789e+01
  -3.0936394e+01  -3.2493717e+01  -3.8816820e+01  -6.0321320e+01  -6.0830270e+01
  -3.0858259e+01  -3.2579489e+01  -3.8888544e+01  -6.0544705e+01  -6.0841140e+01
  -3.0780125e+01  -3.1879968e+01  -3.8217179e+01  -6.0362448e+01  -6.0992155e+01
  -3.0701990e+01  -3.2907961e+01  -3.9247583e+01  -6.0552948e+01  -6.1040302e+01
  -3.0623855e+01  -3.2516277e+01  -3.8866652e+01  -6.0515399e+01  -6.1100206e+01
  -3.0545721e+01  -3.2604351e+01  -3.8946340e+01  -6.0598924e+01  -6.1230980e+01
  -3.0467586e+01  -3.2817809e+01  -3.9188788e+01  -6.0581810e+01  -6.1310750e+01
  -3.0389452e+01  -3.2333859e+01  -3.8679312e+01  -6.0675571e+01  -6.1360616e+01
  -3.0311317e+01  -3.3098559e+01  -3.9434043e+01  -6.0989103e+01  -6.1422081e+01
  -3.0233183e+01  -3.3176693e+01  -3.9495492e+01  -6.1120580e+01  -6.1478027e+01
  -3.0155048e+01  -3.2492213e+01  -3.8842218e+01  -6.0935729e+01  -6.1624014e+01
  -3.0076914e+01  -3.3480101e+01  -3.9819773e+01  -6.1296999e+01  -6.1664376e+01
  -2.9998779e+01  -3.3105137e+01  -3.9457533e+01  -6.1333853e+01  -6.1682444e+01
  -2.9920645e+01  -3.3168515e+01  -3.9512097e+01  -6.1363185e+01  -6.1828314e+01
  -2.9842510e+01  -3.3355982e+01  -3.9718548e+01  -6.1420774e+01  -6.1880347e+01
  -2.9764376e+01  -3.2892212e+01  -3.9234949e+01  -6.1648160e+01  -6.1914407e+01
  -2.9686241e+01  -3.3631807e+01  -3.9959200e+01  -6.1857913e+01  -6.1985385e+01
  -2.9608106e+01  -3.3703018e+01  -4.0017189e+01  -6.1724413e+01  -6.2069584e+01
  -2.9529972e+01  -3.3032539e+01  -3.9373058e+01  -6.1886655e+01  -6.2137544e+01
  -2.9451837e+01  -3.3985986e+01  -4.0323723e+01  -6.1955221e+01  -6.2196641e+01
  -2.9373703e+01  -3.3624404e+01  -3.9970335e+01  -6.1956046e+01  -6.2256871e+01
  -2.9295568e+01  -3.3667566e+01  -4.0010280e+01  -6.2101076e+01  -6.2315751e+01
  -2.9217434e+01  -3.3831993e+01  -4.0194369e+01  -6.2155670e+01  -6.2372418e+01
  -2.9139299e+01  -3.3386002e+01  -3.9724802e+01  -6.2169102e+01  -6.2436819e+01
  -2.9061165e+01  -3.4104509e+01  -4.0438398e+01  -6.2357437e+01  -6.2479313e+01
  -2.8983030e+01  -3.4169381e+01  -4.0488922e+01  -6.2416659e+01  -6.2525160e+01
  -2.8904896e+01  -3.3511938e+01  -3.9858014e+01  -6.2416638e+01  -6.2590420e+01
  -2.8826761e+01  -3.4435250e+01  -4.0779449e+01  -6.2474766e+01  -6.2640072e+01
  -2.8748627e+01  -3.4084584e+01  -4.0440185e+01  -6.2461727e+01  -6.2697046e+01
  -2.8670492e+01  -3.4110847e+01  -4.0461938e+01  -6.2541320e+01  -6.2750543e+01
  -2.8592357e+01  -3.4254549e+01  -4.0627692e+01  -6.2550822e+01  -6.2804405e+01
  -2.8514223e+01  -3.3824444e+01  -4.0172904e+01  -6.2577894e+01  -6.2856217e+01
  -2.8436088e+01  -3.4524873e+01  -4.0865799e+01  -6.2739614e+01  -6.2895002e+01
  -2.8357954e+01  -3.4583883e+01  -4.0908374e+01  -6.2873911e+01  -6.2933208e+01
  -2.8279819e+01  -3.3938612e+01  -4.0291764e+01  -6.2762678e+01  -6.3002975e+01
  -2.8201685e+01  -3.4835142e+01  -4.1180224e+01  -6.2949041e+01  -6.3036846e+01
  -2.8123550e+01  -3.4493519e+01  -4.0851328e+01  -6.2977628e+01  -6.3076973e+01
  -2.8045416e+01  -3.4505405e+01  -4.0858459e+01  -6.2937103e+01  -6.3141891e+01
  -2.7967281e+01  -3.4630230e+01  -4.1000193e+01  -6.2997763e+01  -6.3182288e+01
  -2.7889147e+01  -3.4214496e+01  -4.0562950e+01  -6.3136736e+01  -6.3217570e+01
  -2.7811012e+01  -3.4899162e+01  -4.1236562e+01  -6.3212930e+01  -6.3261480e+01
  -2.7732878e+01  -3.4952694e+01  -4.1275047e+01  -6.3168252e+01  -6.3312631e+01
  -2.7654743e+01  -3.4318839e+01  -4.0667335e+01  -6.3245667e+01  -6.3356883e+01
  -2.7576608e+01  -3.5191245e+01  -4.1535053e+01  -6.3302694e+01  -6.3396815e+01
  -2.7498474e+01  -3.4857211e+01  -4.1211408e+01  -6.3307468e+01  -6.3439304e+01
  -2.7420339e+01  -3.4856680e+01  -4.1208931e+01  -6.3376523e+01  -6.3480717e+01
  -2.7342205e+01  -3.4964124e+01  -4.1332384e+01  -6.3431846e+01  -6.3519188e+01
  -2.7264070e+01  -3.4561527e+01  -4.0906552e+01  -6.3466434e+01  -6.3559676e+01
  -2.7185936e+01  -3.5232247e+01  -4.1572103e+01  -6.3570857e+01  -6.3594311e+01
  -2.7107801e+01  -3.5280614e+01  -4.1605211e+01  -6.3567024e+01  -6.3634244e+01
  -2.7029667e+01  -3.4657515e+01  -4.1007411e+01  -6.3616047e+01  -6.3672400e+01
  -2.6951532e+01  -3.5507938e+01  -4.1854540e+01  -6.3631993e+01  -6.3710502e+01
  -2.6873398e+01  -3.5180341e+01  -4.1538985e+01  -6.3624111e+01  -6.3750284e+01
  -2.6795263e+01  -3.5168948e+01  -4.1525116e+01  -6.3703702e+01  -6.3783854e+01
  -2.6717129e+01  -3.5260230e+01  -4.1634267e+01  -6.3720474e+01  -6.3820612e+01
  -2.6638994e+01  -3.4869759e+01  -4.1219318e+01  -6.3721290e+01  -6.3858279e+01
  -2.6560859e+01  -3.5527983e+01  -4.1872347e+01  -6.3823183e+01  -6.3888021e+01
  -2.6482725e+01  -3.5571434e+01  -4.1899038e+01  -6.3922071e+01  -6.3916415e+01
  -2.6404590e+01  -3.4958526e+01  -4.1312691e+01  -6.3865320e+01  -6.3957515e+01
  -2.6326456e+01  -3.5788705e+01  -4.2136163e+01  -6.3970717e+01  -6.3985097e+01
  -2.6248321e+01  -3.5466617e+01  -4.1827213e+01  -6.3984005e+01  -6.4017086e+01
  -2.6170187e+01  -3.5445614e+01  -4.1803440e+01  -6.3953807e+01  -6.4055494e+01
  -2.6092052e+01  -3.5521738e+01  -4.1894660e+01  -6.4003740e+01  -6.4084565e+01
  -2.6013918e+01  -3.5142553e+01  -4.1492852e+01  -6.4076322e+01  -6.4112686e+01
  -2.5935783e+01  -3.5789456e+01  -4.2132305e+01  -6.4115204e+01  -6.4142897e+01
  -2.5857649e+01  -3.5828187e+01  -4.2154750e+01  -6.4117683e+01  -6.4174532e+01
  -2.5779514e+01  -3.5224986e+01  -4.1576768e+01  -6.4147344e+01  -6.4205336e+01
  -2.5701380e+01  -3.6036347e+01  -4.2383008e+01  -6.4201382e+01  -6.4232307e+01
  -2.5623245e+01  -3.5719011e+01  -4.2077484e+01  -6.4205541e+01  -6.4261522e+01
  -2.5545110e+01  -3.5689419e+01  -4.2046693e+01  -6.4230120e+01  -6.4290630e+01
  -2.5466976e+01  -3.5751211e+01  -4.2122292e+01  -6.4278580e+01  -6.4316525e+01
  -2.5388841e+01  -3.5382614e+01  -4.1730340e+01  -6.4314511e+01  -6.4343096e+01
  -2.5310707e+01  -3.6019157e+01  -4.2362962e+01  -6.4369364e+01  -6.4368176e+01
  -2.5232572e+01  -3.6053322e+01  -4.2380853e+01  -6.4345812e+01  -6.4396796e+01
  -2.5154438e+01  -3.5459414e+01  -4.1811121e+01  -6.4397402e+01  -6.4421203e+01
  -2.5076303e+01  -3.6253136e+01  -4.2601097e+01  -6.4401330e+01  -6.4447364e+01
  -2.4998169e+01  -3.5939919e+01  -4.2300547e+01  -6.4396946e+01  -6.4473641e+01
  -2.4920034e+01  -3.5902584e+01  -4.2261814e+01  -6.4460646e+01  -6.4495722e+01
  -2.4841900e+01  -3.5950725e+01  -4.2324953e+01  -6.4477477e+01  -6.4519893e+01
  -2.4763765e+01  -3.5592130e+01  -4.1941893e+01  -6.4474330e+01  -6.4544800e+01
  -2.4685631e+01  -3.6219108e+01  -4.2565944e+01  -6.4535673e+01  -6.4565599e+01
  -2.4607496e+01  -3.6248821e+01  -4.2578270e+01  -6.4593052e+01  -6.4585713e+01
  -2.4529361e+01  -3.5663861e+01  -4.2018122e+01  -6.4573189e+01  -6.4610317e+01
  -2.4451227e+01  -3.6440915e+01  -4.2789493e+01  -6.4627945e+01  -6.4629946e+01
  -2.4373092e+01  -3.6131287e+01  -4.2493490e+01  -6.4634379e+01  -6.4651564e+01
  -2.4294958e+01  -3.6086913e+01  -4.2447377e+01  -6.4620993e+01  -6.4674628e+01
  -2.4216823e+01  -3.6121962e+01  -4.2495909e+01  -6.4657854e+01  -6.4693750e+01
  -2.4138689e+01  -3.5772879e+01  -4.2123383e+01  -6.4688701e+01  -6.4713127e+01
  -2.4060554e+01  -3.6390954e+01  -4.2737270e+01  -6.4709617e+01  -6.4732548e+01
  -2.3982420e+01  -3.6416296e+01  -4.2745270e+01  -6.4734974e+01  -6.4751243e+01
  -2.3904285e+01  -3.5839993e+01  -4.2193052e+01  -6.4735936e+01  -6.4771169e+01
  -2.3826151e+01  -3.6601182e+01  -4.2949267e+01  -6.4782337e+01  -6.4787886e+01
  -2.3748016e+01  -3.6294689e+01  -4.2655663e+01  -6.4785664e+01  -6.4806219e+01
  -2.3669882e+01  -3.6243873e+01  -4.2603993e+01  -6.4785673e+01  -6.4824777e+01
  -2.3591747e+01  -3.6266281e+01  -4.2638646e+01  -6.4822431e+01  -6.4840643e+01
  -2.3513613e+01  -3.5926302e+01  -4.2275042e+01  -6.4850504e+01  -6.4856741e+01
  -2.3435478e+01  -3.6536028e+01  -4.2882737e+01  -6.4875620e+01  -6.4872543e+01
  -2.3357343e+01  -3.6557046e+01  -4.2886444e+01  -6.4856126e+01  -6.4889998e+01
  -2.3279209e+01  -3.5989166e+01  -4.2341681e+01  -6.4889141e+01  -6.4904610e+01
  -2.3201074e+01  -3.6735149e+01  -4.3083891e+01  -6.4893268e+01  -6.4920103e+01
  -2.3122940e+01  -3.6431397e+01  -4.2793402e+01  -6.4890643e+01  -6.4935455e+01
  -2.3044805e+01  -3.6374646e+01  -4.2735776e+01  -6.4930170e+01  -6.4948460e+01
  -2.2966671e+01  -3.6384773e+01  -4.2758741e+01  -6.4942921e+01  -6.4962328e+01
  -2.2888536e+01  -3.6053558e+01  -4.2403022e+01  -6.4943959e+01  -6.4976363e+01
  -2.2810402e+01  -3.6655400e+01  -4.3004186e+01  -6.4973682e+01  -6.4988612e+01
  -2.2732267e+01  -3.6672114e+01  -4.3002680e+01  -6.4994937e+01  -6.5000664e+01
  -2.2654133e+01  -3.6112467e+01  -4.2466349e+01  -6.4998132e+01  -6.5013413e+01
  -2.2575998e+01  -3.6843781e+01  -4.3192851e+01  -6.5018577e+01  -6.5024798e+01
  -2.2497864e+01  -3.6542424e+01  -4.2905597e+01  -6.5023275e+01  -6.5036550e+01
  -2.2419729e+01  -3.6480175e+01  -4.2842112e+01  -6.5019009e+01  -6.5048422e+01
  -2.2341594e+01  -3.6478298e+01  -4.2852216e+01  -6.5044653e+01  -6.5058400e+01
  -2.2263460e+01  -3.6155567e+01  -4.2505404e+01  -6.5052106e+01  -6.5068901e+01
  -2.2185325e+01  -3.6749916e+01  -4.3098665e+01  -6.5056665e+01  -6.5079050e+01
  -2.2107191e+01  -3.6762316e+01  -4.3092687e+01  -6.5085860e+01  -6.5087756e+01
  -2.2029056e+01  -3.6210761e+01  -4.2564026e+01  -6.5071679e+01  -6.5098037e+01
  -2.1950922e+01  -3.6927833e+01  -4.3276556e+01  -6.5104224e+01  -6.5105822e+01
  -2.1872787e+01  -3.6628563e+01  -4.2991073e+01  -6.5108233e+01  -6.5114437e+01
  -2.1794653e+01  -3.6561192e+01  -4.2922892e+01  -6.5095696e+01  -6.5123461e+01
  -2.1716518e+01  -3.6547512e+01  -4.2920204e+01  -6.5118929e+01  -6.5130424e+01
  -2.1638384e+01  -3.6233040e+01  -4.2581771e+01  -6.5137026e+01  -6.5137349e+01
  -2.1560249e+01  -3.6820224e+01  -4.3169209e+01  -6.5140358e+01  -6.5144442e+01
  -2.1482115e+01  -3.6828273e+01  -4.3158888e+01  -6.5138194e+01  -6.5151433e+01
  -2.1403980e+01  -3.6284709e+01  -4.2637419e+01  -6.5141475e+01  -6.5157754e+01
  -2.1325845e+01  -3.6987871e+01  -4.3337020e+01  -6.5149918e+01  -6.5163520e+01
  -2.1247711e+01  -3.6690408e+01  -4.3053387e+01  -6.5147312e+01  -6.5169304e+01
  -2.1169576e+01  -3.6618244e+01  -4.2980498e+01  -6.5160460e+01  -6.5174062e+01
  -2.1091442e+01  -3.6592892e+01  -4.2966244e+01  -6.5165109e+01  -6.5178815e+01
  -2.1013307e+01  -3.6286501e+01  -4.2635303e+01  -6.5172623e+01  -6.5183073e+01
  -2.0935173e+01  -3.6866796e+01  -4.3217229e+01  -6.5176753e+01  -6.5187077e+01
  -2.0857038e+01  -3.6870426e+01  -4.3201631e+01  -6.5173710e+01  -6.5190918e+01
  -2.0778904e+01  -3.6334794e+01  -4.2687994e+01  -6.5187030e+01  -6.5193800e+01
  -2.0700769e+01  -3.7024289e+01  -4.3373486e+01  -6.5184897e+01  -6.5196899e+01
  -2.0622635e+01  -3.6728374e+01  -4.3092109e+01  -6.5189441e+01  -6.5199338e+01
  -2.0544500e+01  -3.6651708e+01  -4.3014369e+01  -6.5184077e+01  -6.5201834e+01
  -2.0466366e+01  -3.6614748e+01  -4.2987924e+01  -6.5200457e+01  -6.5203021e+01
  -2.0388231e+01  -3.6316304e+01  -4.2664883e+01  -6.5196605e+01  -6.5204692e+01
  -2.0310096e+01  -3.6889937e+01  -4.3240506e+01  -6.5183377e+01  -6.5206351e+01
  -2.0231962e+01  -3.6889053e+01  -4.3220120e+01  -6.5200945e+01  -6.5206364e+01
  -2.0153827e+01  -3.6361334e+01  -4.2714098e+01  -6.5182010e+01  -6.5207530e+01
  -2.0075693e+01  -3.7037323e+01  -4.3386156e+01  -6.5196163e+01  -6.5206936e+01
  -1.9997558e+01  -3.6742714e+01  -4.3106128e+01  -6.5202692e+01  -6.5206223e+01
  -1.9919424e+01  -3.6661802e+01  -4.3024204e+01  -6.5183392e+01  -6.5206292e+01
  -1.9841289e+01  -3.6613233e+01  -4.2985507e+01  -6.5193859e+01  -6.5204657e+01
  -1.9763155e+01  -3.6322643e+01  -4.2670579e+01  -6.5204088e+01  -6.5202723e+01
  -1.9685020e+01  -3.6889801e+01  -4.3240631e+01  -6.5185567e+01  -6.5201584e+01
  -1.9606886e+01  -3.6884274e+01  -4.3215627e+01  -6.5206184e+01  -6.5198397e+01
  -1.9528751e+01  -3.6364488e+01  -4.2716922e+01  -6.5173772e+01  -6.5197129e+01
  -1.9450617e+01  -3.7027054e+01  -4.3376321e+01  -6.5186269e+01  -6.5193525e+01
  -1.9372482e+01  -3.6733517e+01  -4.3097158e+01  -6.5182565e+01  -6.5190220e+01
  -1.9294347e+01  -3.6648593e+01  -4.3011363e+01  -6.5170274e+01  -6.5186955e+01
  -1.9216213e+01  -3.6588346e+01  -4.2960727e+01  -6.5163128e+01  -6.5183074e+01
  -1.9138078e+01  -3.6305555e+01  -4.2653355e+01  -6.5178593e+01  -6.5177804e+01
  -1.9059944e+01  -3.6866390e+01  -4.3218288e+01  -6.5159347e+01  -6.5173712e+01
  -1.8981809e+01  -3.6856058e+01  -4.3187534e+01  -6.5148195e+01  -6.5168818e+01
  -1.8903675e+01  -3.6344266e+01  -4.2696536e+01  -6.5158195e+01  -6.5162641e+01
  -1.8825540e+01  -3.6993415e+01  -4.3342492e+01  -6.5142313e+01  -6.5157251e+01
  -1.8747406e+01  -3.6700721e+01  -4.3064703e+01  -6.5146011e+01  -6.5150545e+01
  -1.8669271e+01  -3.6611994e+01  -4.2974803e+01  -6.5129895e+01  -6.5144373e+01
  -1.8591137e+01  -3.6539934e+01  -4.2911755e+01  -6.5137158e+01  -6.5136758e+01
  -1.8513002e+01  -3.6264927e+01  -4.2611725e+01  -6.5129252e+01  -6.5129381e+01
  -1.8434868e+01  -3.6819557e+01  -4.3171539e+01  -6.5097695e+01  -6.5122804e+01
  -1.8356733e+01  -3.6804216e+01  -4.3135378e+01  -6.5092389e+01  -6.5114572e+01
  -1.8278598e+01  -3.6300523e+01  -4.2652194e+01  -6.5076145e+01  -6.5106514e+01
  -1.8200464e+01  -3.6936184e+01  -4.3284681e+01  -6.5069992e+01  -6.5097565e+01
  -1.8122329e+01  -3.6644103e+01  -4.3007911e+01  -6.5080264e+01  -6.5087277e+01
  -1.8044195e+01  -3.6551769e+01  -4.2914126e+01  -6.5054914e+01  -6.5078600e+01
  -1.7966060e+01  -3.6467691e+01  -4.2838817e+01  -6.5054731e+01  -6.5068034e+01
  -1.7887926e+01  -3.6200485e+01  -4.2546856e+01  -6.5060971e+01  -6.5056874e+01
  -1.7809791e+01  -3.6748999e+01  -4.3101328e+01  -6.5015965e+01  -6.5047857e+01
  -1.7731657e+01  -3.6728403e+01  -4.3060042e+01  -6.5058201e+01  -6.5034058e+01
  -1.7653522e+01  -3.6232956e+01  -4.2584646e+01  -6.4987078e+01  -6.5025656e+01
  -1.7575388e+01  -3.6854980e+01  -4.3204078e+01  -6.5001564e+01  -6.5012383e+01
  -1.7497253e+01  -3.6563276e+01  -4.2927276e+01  -6.4996181e+01  -6.4999712e+01
  -1.7419119e+01  -3.6467519e+01  -4.2830227e+01  -6.4959912e+01  -6.4988374e+01
  -1.7340984e+01  -3.6371140e+01  -4.2742117e+01  -6.4938641e+01  -6.4975697e+01
  -1.7262849e+01  -3.6111792e+01  -4.2458182e+01  -6.4965902e+01  -6.4960217e+01
  -1.7184715e+01  -3.6654252e+01  -4.3007496e+01  -6.4919222e+01  -6.4948166e+01
  -1.7106580e+01  -3.6628101e+01  -4.2959504e+01  -6.4919381e+01  -6.4933295e+01
  -1.7028446e+01  -3.6141097e+01  -4.2492166e+01  -6.4911325e+01  -6.4918320e+01
  -1.6950311e+01  -3.6749252e+01  -4.3098008e+01  -6.4887527e+01  -6.4903862e+01
  -1.6872177e+01  -3.6457676e+01  -4.2821596e+01  -6.4888470e+01  -6.4887658e+01
  -1.6794042e+01  -3.6358675e+01  -4.2721087e+01  -6.4853178e+01  -6.4872874e+01
  -1.6715908e+01  -3.6249629e+01  -4.2619422e+01  -6.4849257e+01  -6.4856081e+01
  -1.6637773e+01  -3.5998232e+01  -4.2342654e+01  -6.4841772e+01  -6.4838859e+01
  -1.6559639e+01  -3.6534675e+01  -4.2887751e+01  -6.4791969e+01  -6.4823909e+01
  -1.6481504e+01  -3.6502609e+01  -4.2833208e+01  -6.4757870e+01  -6.4807350e+01
  -1.6403370e+01  -3.6024298e+01  -4.2374235e+01  -6.4748730e+01  -6.4789153e+01
  -1.6325235e+01  -3.6618264e+01  -4.2965946e+01  -6.4722780e+01  -6.4771398e+01
  -1.6247100e+01  -3.6326547e+01  -4.2690215e+01  -6.4736756e+01  -6.4750564e+01
  -1.6168966e+01  -3.6224480e+01  -4.2585996e+01  -6.4702164e+01  -6.4733018e+01
  -1.6090831e+01  -3.6102308e+01  -4.2471395e+01  -6.4692787e+01  -6.4712531e+01
  -1.6012697e+01  -3.5858992e+01  -4.2202861e+01  -6.4698405e+01  -6.4690990e+01
  -1.5934562e+01  -3.6389431e+01  -4.2742894e+01  -6.4620761e+01  -6.4674477e+01
  -1.5856428e+01  -3.6351016e+01  -4.2682397e+01  -6.4677672e+01  -6.4648577e+01
  -1.5778293e+01  -3.5881709e+01  -4.2232070e+01  -6.4565723e+01  -6.4633644e+01
  -1.5700159e+01  -3.6461066e+01  -4.2809637e+01  -6.4581235e+01  -6.4609508e+01
  -1.5622024e+01  -3.6168912e+01  -4.2532908e+01  -6.4573062e+01  -6.4586277e+01
  -1.5543890e+01  -3.6063962e+01  -4.2425925e+01  -6.4512410e+01  -6.4566853e+01
  -1.5465755e+01  -3.5928097e+01  -4.2297048e+01  -6.4476749e+01  -6.4544318e+01
  -1.5387621e+01  -3.5693033e+01  -4.2037439e+01  -6.4524162e+01  -6.4516562e+01
  -1.5309486e+01  -3.6217461e+01  -4.2571956e+01  -6.4436928e+01  -6.4497176e+01
  -1.5231351e+01  -3.6172175e+01  -4.2503101e+01  -6.4470844e+01  -6.4469442e+01
  -1.5153217e+01  -3.5712249e+01  -4.2061753e+01  -6.4427483e+01  -6.4446011e+01
  -1.5075082e+01  -3.6276470e+01  -4.2624708e+01  -6.4398277e+01  -6.4421283e+01
  -1.4996948e+01  -3.5983544e+01  -4.2347015e+01  -6.4393998e+01  -6.4394473e+01
  -1.4918813e+01  -3.5875907e+01  -4.2237288e+01  -6.4331458e+01  -6.4370757e+01
  -1.4840679e+01  -3.5725657e+01  -4.2092520e+01  -6.4313092e+01  -6.4343911e+01
  -1.4762544e+01  -3.5499057e+01  -4.1840270e+01  -6.4310797e+01  -6.4314918e+01
  -1.4684410e+01  -3.6017448e+01  -4.2371295e+01  -6.4240018e+01  -6.4291330e+01
  -1.4606275e+01  -3.5964657e+01  -4.2293791e+01  -6.4177901e+01  -6.4265898e+01
  -1.4528141e+01  -3.5514570e+01  -4.1861907e+01  -6.4177428e+01  -6.4235297e+01
  -1.4450006e+01  -3.6062999e+01  -4.2409211e+01  -6.4133405e+01  -6.4207757e+01
  -1.4371872e+01  -3.5768915e+01  -4.2131710e+01  -6.4149261e+01  -6.4174270e+01
  -1.4293737e+01  -3.5658811e+01  -4.2018420e+01  -6.4099520e+01  -6.4147461e+01
  -1.4215602e+01  -3.5493336e+01  -4.1859072e+01  -6.4078639e+01  -6.4115268e+01
  -1.4137468e+01  -3.5275455e+01  -4.1615446e+01  -6.4084178e+01  -6.4080715e+01
  -1.4059333e+01  -3.5787765e+01  -4.2141833e+01  -6.3968813e+01  -6.4057669e+01
  -1.3981199e+01  -3.5726699e+01  -4.2056980e+01  -6.4027576e+01  -6.4016283e+01
  -1.3903064e+01  -3.5287003e+01  -4.1635132e+01  -6.3870733e+01  -6.3996375e+01
  -1.3824930e+01  -3.5818838e+01  -4.2166318e+01  -6.3891773e+01  -6.3958492e+01
  -1.3746795e+01  -3.5523140e+01  -4.1886575e+01  -6.3875923e+01  -6.3921825e+01
  -1.3668661e+01  -3.5410822e+01  -4.1771055e+01  -6.3786701e+01  -6.3895251e+01
  -1.3590526e+01  -3.5229101e+01  -4.1595027e+01  -6.3737341e+01  -6.3859958e+01
  -1.3512392e+01  -3.5020241e+01  -4.1361751e+01  -6.3819081e+01  -6.3814901e+01
  -1.3434257e+01  -3.5526417e+01  -4.1882029e+01  -6.3666151e+01  -6.3791107e+01
  -1.3356123e+01  -3.5456129e+01  -4.1785998e+01  -6.3760317e+01  -6.3743137e+01
  -1.3277988e+01  -3.5027489e+01  -4.1374857e+01  -6.3658801e+01  -6.3713427e+01
  -1.3199853e+01  -3.5541749e+01  -4.1889256e+01  -6.3623568e+01  -6.3676057e+01
  -1.3121719e+01  -3.5243889e+01  -4.1606302e+01  -6.3610872e+01  -6.3636053e+01
  -1.3043584e+01  -3.5129662e+01  -4.1489117e+01  -6.3510620e+01  -6.3603427e+01
  -1.2965450e+01  -3.4930454e+01  -4.1292949e+01  -6.3476287e+01  -6.3564522e+01
  -1.2887315e+01  -3.4730967e+01  -4.1067599e+01  -6.3489228e+01  -6.3519250e+01
  -1.2809181e+01  -3.5230947e+01  -4.1585100e+01  -6.3384089e+01  -6.3487811e+01
  -1.2731046e+01  -3.5150261e+01  -4.1476389e+01  -6.3304092e+01  -6.3452133e+01
  -1.2652912e+01  -3.4733480e+01  -4.1076797e+01  -6.3311746e+01  -6.3403927e+01
  -1.2574777e+01  -3.5228971e+01  -4.1572604e+01  -6.3249910e+01  -6.3365081e+01
  -1.2496643e+01  -3.4928274e+01  -4.1288878e+01  -6.3263111e+01  -6.3314311e+01
  -1.2418508e+01  -3.4812521e+01  -4.1168449e+01  -6.3190628e+01  -6.3277965e+01
  -1.2340374e+01  -3.4594304e+01  -4.0954388e+01  -6.3146543e+01  -6.3231363e+01
  -1.2262239e+01  -3.4404591e+01  -4.0738308e+01  -6.3146489e+01  -6.3176938e+01
  -1.2184105e+01  -3.4898317e+01  -4.1251941e+01  -6.2991750e+01  -6.3151254e+01
  -1.2105970e+01  -3.4805758e+01  -4.1133341e+01  -6.3028843e+01  -6.3086101e+01
  -1.2027835e+01  -3.4401811e+01  -4.0746034e+01  -6.2816217e+01  -6.3066659e+01
  -1.1949701e+01  -3.4877069e+01  -4.1222372e+01  -6.2861186e+01  -6.3007668e+01
  -1.1871566e+01  -3.4572689e+01  -4.0934517e+01  -6.2817598e+01  -6.2949614e+01
  -1.1793432e+01  -3.4455900e+01  -4.0812687e+01  -6.2692632e+01  -6.2922154e+01
  -1.1715297e+01  -3.4216796e+01  -4.0577905e+01  -6.2622637e+01  -6.2865739e+01
  -1.1637163e+01  -3.4037308e+01  -4.0374315e+01  -6.2757025e+01  -6.2788865e+01
  -1.1559028e+01  -3.4524740e+01  -4.0881159e+01  -6.2500065e+01  -6.2774222e+01
  -1.1480894e+01  -3.4418427e+01  -4.0746251e+01  -6.2684451e+01  -6.2682091e+01
  -1.1402759e+01  -3.4028507e+01  -4.0372707e+01  -6.2489001e+01  -6.2658756e+01
  -1.1324625e+01  -3.4481727e+01  -4.0828273e+01  -6.2445492e+01  -6.2603421e+01
  -1.1246490e+01  -3.4172577e+01  -4.0532768e+01  -6.2416947e+01  -6.2542914e+01
  -1.1168356e+01  -3.4055408e+01  -4.0411465e+01  -6.2261461e+01  -6.2505905e+01
  -1.1090221e+01  -3.3793067e+01  -4.0148519e+01  -6.2217219e+01  -6.2448344e+01
  -1.1012086e+01  -3.3624299e+01  -3.9953693e+01  -6.2270007e+01  -6.2374744e+01
  -1.0933952e+01  -3.4105439e+01  -4.0458933e+01  -6.2089744e+01  -6.2344157e+01
  -1.0855817e+01  -3.3982929e+01  -4.0302794e+01  -6.2019919e+01  -6.2293308e+01
  -1.0777683e+01  -3.3608517e+01  -3.9944962e+01  -6.2034370e+01  -6.2213780e+01
  -1.0699548e+01  -3.4037449e+01  -4.0376143e+01  -6.1947518e+01  -6.2162964e+01
  -1.0621414e+01  -3.3722099e+01  -4.0077446e+01  -6.1947346e+01  -6.2081100e+01
  -1.0543279e+01  -3.3605443e+01  -3.9954011e+01  -6.1843747e+01  -6.2037985e+01
  -1.0465145e+01  -3.3316883e+01  -3.9666394e+01  -6.1740614e+01  -6.1974184e+01
  -1.0387010e+01  -3.3159356e+01  -3.9481714e+01  -6.1713947e+01  -6.1871773e+01
  -1.0308876e+01  -3.3634291e+01  -3.9984735e+01  -6.1527568e+01  -6.1865464e+01
  -1.0230741e+01  -3.3492348e+01  -3.9813456e+01  -6.1477902e+01  -6.1743839e+01
  -1.0152607e+01  -3.3135304e+01  -3.9471788e+01  -6.1183298e+01  -6.1748493e+01
  -1.0074472e+01  -3.3537102e+01  -3.9877586e+01  -6.1304541e+01  -6.1645104e+01
  -9.9963374e+00  -3.3213618e+01  -3.9571428e+01  -6.1141746e+01  -6.1521164e+01
  -9.9182029e+00  -3.3098736e+01  -3.9448398e+01  -6.0993223e+01  -6.1538923e+01
  -9.8400684e+00  -3.2780089e+01  -3.9132699e+01  -6.0837681e+01  -6.1421676e+01
  -9.7619338e+00  -3.2634322e+01  -3.8963635e+01  -6.1018878e+01  -6.1239646e+01
  -9.6837993e+00  -3.3103294e+01  -3.9459625e+01  -6.0633496e+01  -6.1320434e+01
  -9.6056648e+00  -3.2937517e+01  -3.9261336e+01  -6.0897581e+01  -6.1052257e+01
  -9.5275302e+00  -3.2600226e+01  -3.8939063e+01  -6.0553601e+01  -6.1124928e+01
  -9.4493957e+00  -3.2971221e+01  -3.9316793e+01  -6.0498063e+01  -6.1032630e+01
  -9.3712611e+00  -3.2636903e+01  -3.8992142e+01  -6.0413227e+01  -6.0904960e+01
  -9.2931266e+00  -3.2525629e+01  -3.8875507e+01  -6.0187283e+01  -6.0915466e+01
  -9.2149921e+00  -3.2171755e+01  -3.8514031e+01  -6.0147350e+01  -6.0794064e+01
  -9.1368575e+00  -3.2038180e+01  -3.8353866e+01  -6.0295797e+01  -6.0650098e+01
  -9.0587230e+00  -3.2501713e+01  -3.8851799e+01  -5.9943486e+01  -6.0693719e+01
  -8.9805885e+00  -3.2305935e+01  -3.8610437e+01  -5.9960809e+01  -6.0589749e+01
  -8.9024539e+00  -3.1991530e+01  -3.8313586e+01  -5.9978049e+01  -6.0428494e+01
  -8.8243194e+00  -3.2326872e+01  -3.8653795e+01  -5.9836629e+01  -6.0390272e+01
  -8.7461848e+00  -3.1977809e+01  -3.8318033e+01  -5.9790374e+01  -6.0172357e+01
  -8.6680503e+00  -3.1872906e+01  -3.8203897e+01  -5.9650885e+01  -6.0162212e+01
  -8.5899158e+00  -3.1476741e+01  -3.7801593e+01  -5.9369244e+01  -6.0064802e+01
  -8.5117812e+00  -3.1355546e+01  -3.7652102e+01  -5.9218401e+01  -5.9536509e+01
  -8.4336467e+00  -3.1814685e+01  -3.8152169e+01  -5.9074030e+01  -5.9865898e+01
  -8.3555121e+00  -3.1579927e+01  -3.7882576e+01  -5.8613530e+01  -5.9071571e+01
  -8.2773776e+00  -3.1292654e+01  -3.7609461e+01  -5.8195002e+01  -5.9120369e+01
  -8.1992431e+00  -3.1585722e+01  -3.7912464e+01  -5.8513636e+01  -5.9006883e+01
  -8.1211085e+00  -3.1215973e+01  -3.7562584e+01  -5.7689674e+01  -5.7359051e+01
  -8.0429740e+00  -3.1121787e+01  -3.7453819e+01  -5.7766838e+01  -5.8314543e+01
  -7.9648395e+00  -3.0673204e+01  -3.7008250e+01  -5.7055803e+01  -5.7047374e+01
  -7.8867049e+00  -3.0563974e+01  -3.6878255e+01  -5.6985038e+01  -5.5164753e+01
  -7.8085704e+00  -3.1020751e+01  -3.7374064e+01  -5.6778792e+01  -5.6873582e+01
  -7.7304358e+00  -3.0733296e+01  -3.7048925e+01  -5.6534838e+01  -5.3680909e+01
  -7.6523013e+00  -3.0479157e+01  -3.6806588e+01  -5.6143287e+01  -5.4134248e+01
  -7.5741668e+00  -3.0720514e+01  -3.7067561e+01  -5.5988199e+01  -5.4070329e+01
  -7.4960322e+00  -3.0320493e+01  -3.6661770e+01  -5.5492696e+01  -5.0888270e+01
  -7.4178977e+00  -3.0244240e+01  -3.6581924e+01  -5.5440765e+01  -5.2531287e+01
  -7.3397632e+00  -2.9727866e+01  -3.6036360e+01  -5.5211436e+01  -5.0245390e+01
  -7.2616286e+00  -2.9628760e+01  -3.5905931e+01  -5.5472751e+01  -4.8404391e+01
  -7.1834941e+00  -3.0087167e+01  -3.6421492e+01  -5.4949083e+01  -5.0244811e+01
  -7.1053595e+00  -2.9724701e+01  -3.5971519e+01  -5.5204383e+01  -4.6886154e+01
  -7.0272250e+00  -2.9512662e+01  -3.5787159e+01  -5.5176991e+01  -4.7159183e+01
  -6.9490905e+00  -2.9688054e+01  -3.5968242e+01  -5.4916818e+01  -4.6867366e+01
  -6.8709559e+00  -2.9241005e+01  -3.5509564e+01  -5.4728283e+01  -4.3917175e+01
  -6.7928214e+00  -2.9195551e+01  -3.5460248e+01  -5.4566364e+01  -4.5375245e+01
  -6.7146869e+00  -2.8586121e+01  -3.4815654e+01  -5.3600471e+01  -4.3225738e+01
  -6.6365523e+00  -2.8491785e+01  -3.4690602e+01  -5.2502936e+01  -4.1841172e+01
  -6.5584178e+00  -2.8960064e+01  -3.5223888e+01  -5.3247777e+01  -4.3214831e+01
  -6.4802832e+00  -2.8482982e+01  -3.4701210e+01  -5.0062222e+01  -4.0490382e+01
  -6.4021487e+00  -2.8327490e+01  -3.4559899e+01  -4.9547589e+01  -4.0750337e+01
  -6.3240142e+00  -2.8413577e+01  -3.4672277e+01  -4.9936203e+01  -4.0097608e+01
  -6.2458796e+00  -2.7886640e+01  -3.4192428e+01  -4.5751276e+01  -3.7636424e+01
  -6.1677451e+00  -2.7897370e+01  -3.4160923e+01  -4.7522718e+01  -3.8959196e+01
  -6.0896105e+00  -2.7148225e+01  -3.3441911e+01  -4.4023997e+01  -3.6960581e+01
  -6.0114760e+00  -2.7043704e+01  -3.3331740e+01  -4.2213185e+01  -3.5864275e+01
  -5.9333415e+00  -2.7540537e+01  -3.3886033e+01  -4.3889496e+01  -3.6919683e+01
  -5.8552069e+00  -2.6868812e+01  -3.3176127e+01  -3.9829163e+01  -3.4561621e+01
  -5.7770724e+00  -2.6795696e+01  -3.3077285e+01  -4.0073211e+01  -3.4958698e+01
  -5.6989379e+00  -2.6749455e+01  -3.3136491e+01  -3.9312494e+01  -3.4021629e+01
  -5.6208033e+00  -2.6065778e+01  -3.2274956e+01  -3.5906490e+01  -3.1851908e+01
  -5.5426688e+00  -2.6191187e+01  -3.2483139e+01  -3.7763208e+01  -3.3176057e+01
  -5.4645342e+00  -2.5198489e+01  -3.1199905e+01  -3.4635136e+01  -3.1122278e+01
  -5.3863997e+00  -2.5036417e+01  -3.0831963e+01  -3.3204299e+01  -3.0168995e+01
  -5.3082652e+00  -2.5612679e+01  -3.1687367e+01  -3.4625306e+01  -3.1101174e+01
  -5.2301306e+00  -2.4545048e+01  -2.9800089e+01  -3.1128761e+01  -2.8738473e+01
  -5.1519961e+00  -2.4606391e+01  -3.0023168e+01  -3.1744578e+01  -2.9286843e+01
  -5.0738616e+00  -2.4332543e+01  -2.9580667e+01  -3.0527776e+01  -2.8148911e+01
  -4.9957270e+00  -2.3246733e+01  -2.7514475e+01  -2.7590755e+01  -2.5908271e+01
  -4.9175925e+00  -2.3663388e+01  -2.8540830e+01  -2.9440652e+01  -2.7399218e+01
  -4.8394579e+00  -2.2100171e+01  -2.5856885e+01  -2.6300749e+01  -2.4915398e+01
  -4.7613234e+00  -2.1659444e+01  -2.4876572e+01  -2.4931702e+01  -2.3836542e+01
  -4.6831889e+00  -2.2526767e+01  -2.6278244e+01  -2.6361992e+01  -2.4948981e+01
  -4.6050543e+00  -2.0253444e+01  -2.2483138e+01  -2.2447161e+01  -2.1732034e+01
  -4.5269198e+00  -2.0499093e+01  -2.2980987e+01  -2.3065442e+01  -2.2313491e+01
  -4.4487853e+00  -1.9714944e+01  -2.1705760e+01  -2.1577826e+01  -2.0907175e+01
  -4.3706507e+00  -1.6561602e+01  -1.7489850e+01  -1.7286174e+01  -1.6970880e+01
  -4.2925162e+00  -1.8096744e+01  -1.9625058e+01  -1.9666040e+01  -1.9213694e+01
  -4.2143816e+00  -1.3063626e+01  -1.3568767e+01  -1.3624859e+01  -1.3480495e+01
  -4.1362471e+00  -6.7706122e+00  -6.8759121e+00  -6.8496991e+00  -6.8231079e+00
  -4.0581126e+00  -7.4501754e-01  -7.4442740e-01  -7.4227635e-01  -7.3750929e-01
  -3.9799780e+00  -4.4467709e+00  -4.5281007e+00  -4.5328095e+00  -4.5262150e+00
  -3.9018435e+00  -1.8571219e-01  -2.2555178e-01  -2.8750108e-01  -2.8969638e-01
  -3.8237089e+00  -3.8146664e+00  -3.9125453e+00  -3.9441939e+00  -3.9280268e+00
  -3.7455744e+00  -1.6996273e-01  -2.2494184e-01  -3.1244862e-01  -3.1398059e-01
  -3.6674399e+00  -4.0367998e+00  -4.0961302e+00  -4.0764575e+00  -4.0681893e+00
  -3.5893053e+00   0.0000000e+00   0.0000000e+00   0.0000000e+00   0.0000000e+00
  -3.5111708e+00  -4.0085457e+00  -4.0594350e+00  -4.0316298e+00  -4.0062437e+00
  -3.4330363e+00  -5.4426280e-01  -5.5221647e-01  -5.4964421e-01  -5.4483353e-01
  -3.3549017e+00  -4.0062444e+00  -4.1156452e+00  -4.1547444e+00  -4.1366300e+00
  -3.2767672e+00  -5.4146648e-01  -5.9269570e-01  -6.5304564e-01  -6.5502566e-01
  -3.1986326e+00  -4.0909704e+00  -4.1080338e+00  -3.9890709e+00  -3.9597367e+00
  -3.1204981e+00  -5.1728471e-01  -5.7622297e-01  -6.3968750e-01  -6.3829870e-01
  -3.0423636e+00  -4.1369955e+00  -4.2283327e+00  -4.2262047e+00  -4.2130013e+00
  -2.9642290e+00  -4.9107989e-01  -5.4188515e-01  -5.9357519e-01  -5.8558710e-01
  -2.8860945e+00  -3.9291847e+00  -4.0121413e+00  -3.9957487e+00  -3.9691608e+00
  -2.8079600e+00  -6.0564845e-01  -6.3146890e-01  -6.4081455e-01  -6.3337226e-01
  -2.7298254e+00  -4.0240601e+00  -4.1556007e+00  -4.1929380e+00  -4.1759334e+00
  -2.6516909e+00  -7.4068180e-01  -8.1428095e-01  -8.9187026e-01  -8.9565478e-01
  -2.5735563e+00  -3.9423389e+00  -4.0632597e+00  -4.0740586e+00  -4.0580042e+00
  -2.4954218e+00  -6.5923098e-01  -7.1483299e-01  -7.6386507e-01  -7.6234734e-01
  -2.4172873e+00  -4.0022751e+00  -4.0889050e+00  -4.0691733e+00  -4.0475549e+00
  -2.3391527e+00  -5.7288935e-01  -6.2169612e-01  -6.7065025e-01  -6.6796846e-01
  -2.2610182e+00  -3.6541467e+00  -3.7544643e+00  -3.7603538e+00  -3.7415150e+00
  -2.1828837e+00  -3.8272386e-01  -4.4050877e-01  -5.0667659e-01  -5.0468878e-01
  -2.1047491e+00  -4.2593395e+00  -4.4177886e+00  -4.4768173e+00  -4.4608602e+00
  -2.0266146e+00  -9.4587701e-01  -9.5605734e-01  -9.2151123e-01  -9.0738282e-01
  -1.9484800e+00  -4.0150257e+00  -4.1437815e+00  -4.1652427e+00  -4.1428656e+00
  -1.8703455e+00  -5.2447755e-01  -5.9086229e-01  -6.5786443e-01  -6.4960056e-01
  -1.7922110e+00  -3.9916431e+00  -4.0862345e+00  -4.0554379e+00  -4.0302455e+00
  -1.7140764e+00  -5.7518694e-02  -8.6368744e-02  -1.1466884e-01  -1.0690298e-01
  -1.6359419e+00  -4.2253956e+00  -4.3065862e+00  -4.2540195e+00  -4.2264674e+00
  -1.5578073e+00  -4.4266933e-01  -5.1167057e-01  -5.9029162e-01  -5.8753092e-01
  -1.4796728e+00  -3.9446404e+00  -4.0171000e+00  -3.9415768e+00  -3.9289816e+00
  -1.4015383e+00  -6.6621702e-01  -6.9644740e-01  -7.0598096e-01  -6.8980636e-01
  -1.3234037e+00  -4.0786434e+00  -4.1696199e+00  -4.1464517e+00  -4.1181294e+00
  -1.2452692e+00  -4.2194586e-01  -4.4405474e-01  -4.5067924e-01  -4.5178566e-01
  -1.1671347e+00  -3.9042887e+00  -3.9923249e+00  -3.9863771e+00  -3.9593899e+00
  -1.0890001e+00  -6.4224384e-01  -6.8726172e-01  -7.2378561e-01  -7.2335024e-01
  -1.0108656e+00  -4.0932152e+00  -4.1701670e+00  -4.1208355e+00  -4.1034991e+00
  -9.3273105e-01  -3.6593600e-02  -6.2515730e-02  -8.5628876e-02  -7.6248179e-02
  -8.5459651e-01  -4.1205581e+00  -4.2421311e+00  -4.2687978e+00  -4.2452334e+00
  -7.7646197e-01  -5.7870001e-01  -6.2428782e-01  -6.6119925e-01  -6.5399074e-01
  -6.9832743e-01  -4.0706670e+00  -4.1539878e+00  -4.1311774e+00  -4.1078231e+00
  -6.2019289e-01  -3.8682499e-01  -4.2248291e-01  -4.5783326e-01  -4.5346470e-01
  -5.4205836e-01  -4.0569804e+00  -4.1450306e+00  -4.1088662e+00  -4.0768194e+00
  -4.6392382e-01  -4.6911778e-01  -5.2963892e-01  -6.0841780e-01  -6.0961655e-01
  -3.8578928e-01  -4.2422759e+00  -4.3309921e+00  -4.2726985e+00  -4.2550498e+00
  -3.0765474e-01  -6.7006104e-01  -6.7799318e-01  -6.6662447e-01  -6.5996226e-01
  -2.2952021e-01  -3.8790280e+00  -3.9881735e+00  -4.0022536e+00  -3.9821378e+00
  -1.5138567e-01  -6.1036471e-01  -6.8079427e-01  -7.5389271e-01  -7.5564561e-01
  -7.3251129e-02  -6.5443726e+00  -6.7245866e+00  -6.7238189e+00  -6.6921023e+00
   4.8834086e-03  -1.0210885e+01  -1.0619557e+01  -1.0603253e+01  -1.0481865e+01
   8.3017947e-02  -6.8213064e+00  -7.0029280e+00  -6.9981252e+00  -6.9407497e+00
   1.6115248e-01  -4.7093826e-01  -5.4206141e-01  -6.3160230e-01  -6.2791466e-01
   2.3928702e-01  -4.4255281e+00  -4.5089686e+00  -4.4513017e+00  -4.4315376e+00
   3.1742156e-01  -4.4576039e-01  -4.8521263e-01  -5.2346044e-01  -5.2264964e-01
   3.9555610e-01  -4.2064594e+00  -4.2776261e+00  -4.2097287e+00  -4.1812096e+00
   4.7369064e-01  -4.2431950e-01  -4.5553066e-01  -4.9394291e-01  -4.8212897e-01
   5.5182517e-01  -4.3604370e+00  -4.4523349e+00  -4.4258632e+00  -4.4107704e+00
   6.2995971e-01  -7.9649119e-01  -8.4483127e-01  -8.7766666e-01  -8.7318139e-01
   7.0809425e-01  -3.7975383e+00  -3.8990118e+00  -3.8856343e+00  -3.8662940e+00
   7.8622879e-01  -7.5175030e-01  -8.1756512e-01  -8.9690608e-01  -8.8835109e-01
   8.6436333e-01  -4.2625109e+00  -4.3845437e+00  -4.3806805e+00  -4.3539711e+00
   9.4249786e-01  -1.8208734e-01  -1.9378914e-01  -1.8891653e-01  -1.8639226e-01
   1.0206324e+00  -4.0105695e+00  -4.0890944e+00  -4.0600687e+00  -4.0366568e+00
   1.0987669e+00  -6.5204723e-01  -6.9004759e-01  -7.1051535e-01  -7.0384271e-01
   1.1769015e+00  -4.1286477e+00  -4.2171214e+00  -4.2135414e+00  -4.1742766e+00
   1.2550360e+00  -2.0149722e-01  -2.4444132e-01  -2.9260168e-01  -2.7964978e-01
   1.3331706e+00  -4.2636221e+00  -4.3680801e+00  -4.3645949e+00  -4.3387636e+00
   1.4113051e+00  -5.2662757e-01  -5.2568044e-01  -5.0297729e-01  -4.8555066e-01
   1.4894396e+00  -4.4297391e+00  -4.4942248e+00  -4.4112731e+00  -4.3802318e+00
   1.5675742e+00  -4.5372998e-01  -4.9208004e-01  -5.2800169e-01  -5.2589702e-01
   1.6457087e+00  -3.6793991e+00  -3.8057027e+00  -3.8709843e+00  -3.8482705e+00
   1.7238432e+00  -6.6586596e-01  -7.2825113e-01  -7.8847180e-01  -7.8955139e-01
   1.8019778e+00  -4.0911981e+00  -4.1661649e+00  -4.1456095e+00  -4.1294413e+00
   1.8801123e+00  -6.6936796e-02  -1.0168978e-01  -1.4098039e-01  -1.2877771e-01
   1.9582469e+00  -3.9295879e+00  -3.9931972e+00  -3.9490879e+00  -3.9199743e+00
   2.0363814e+00  -4.2286911e-01  -5.1417626e-01  -6.1820798e-01  -6.2572366e-01
   2.1145159e+00  -4.2736210e+00  -4.4102120e+00  -4.4000178e+00  -4.3812476e+00
   2.1926505e+00  -1.2784695e-01  -1.6268515e-01  -1.9221908e-01  -1.7935687e-01
   2.2707850e+00  -4.1056599e+00  -4.1439927e+00  -4.0585104e+00  -4.0250906e+00
   2.3489195e+00  -7.8812911e-01  -8.2219493e-01  -8.5008635e-01  -8.4357616e-01
   2.4270541e+00  -4.1686653e+00  -4.2008991e+00  -4.1037239e+00  -4.0817814e+00
   2.5051886e+00  -2.6338449e-01  -3.0047078e-01  -3.4046353e-01  -3.3757938e-01
   2.5833232e+00  -4.3407591e+00  -4.4023628e+00  -4.3384750e+00  -4.3077368e+00
   2.6614577e+00  -5.5106028e-01  -5.8384367e-01  -6.1528855e-01  -6.0828541e-01
   2.7395922e+00  -3.9336810e+00  -4.0259872e+00  -3.9955667e+00  -3.9770058e+00
   2.8177268e+00  -6.6827882e-01  -7.3375213e-01  -8.1130065e-01  -8.1083864e-01
   2.8958613e+00  -3.9735444e+00  -4.0489102e+00  -4.0519509e+00  -4.0314506e+00
   2.9739958e+00  -3.6060341e-01  -3.7757182e-01  -3.8473208e-01  -3.8494606e-01
   3.0521304e+00  -4.0681143e+00  -4.1372384e+00  -4.0970360e+00  -4.0841775e+00
   3.1302649e+00  -2.3327890e-01  -3.0025817e-01  -3.9134312e-01  -3.8442682e-01
   3.2083995e+00  -4.1801752e+00  -4.2557595e+00  -4.2339386e+00  -4.2145204e+00
   3.2865340e+00  -6.0359495e-01  -6.7472673e-01  -7.7315855e-01  -7.7444271e-01
   3.3646685e+00  -3.8204962e+00  -3.9492271e+00  -3.9977556e+00  -3.9788515e+00
   3.4428031e+00  -4.8869429e-01  -5.1404756e-01  -5.5698321e-01  -5.5363719e-01
   3.5209376e+00  -4.0981923e+00  -4.1301591e+00  -4.0631081e+00  -4.0434468e+00
   3.5990722e+00  -2.2823000e-01  -2.5142321e-01  -2.9240318e-01  -2.8561203e-01
   3.6772067e+00  -4.0835295e+00  -4.1695875e+00  -4.1840567e+00  -4.1799853e+00
   3.7553412e+00  -4.9579982e-01  -5.2823295e-01  -5.6865687e-01  -5.5968536e-01
   3.8334758e+00  -4.3651729e+00  -4.4620539e+00  -4.4805742e+00  -4.4670813e+00
   3.9116103e+00  -5.1606919e-01  -5.6522221e-01  -6.4635428e-01  -6.5610588e-01
   3.9897448e+00  -4.0265282e+00  -4.0766124e+00  -4.0311099e+00  -4.0164169e+00
   4.0678794e+00  -5.8803253e-01  -6.3378359e-01  -6.9608743e-01  -6.9608931e-01
   4.1460139e+00  -7.2332909e+00  -7.3791760e+00  -7.4243721e+00  -7.4110582e+00
   4.2241485e+00  -1.2916241e+01  -1.3495179e+01  -1.3674753e+01  -1.3548918e+01
   4.3022830e+00  -1.8418221e+01  -1.9841590e+01  -1.9725082e+01  -1.9289558e+01
   4.3804175e+00  -1.6265111e+01  -1.7234771e+01  -1.7152990e+01  -1.6839264e+01
   4.4585521e+00  -1.9428740e+01  -2.1431540e+01  -2.1659823e+01  -2.1039636e+01
   4.5366866e+00  -2.0650435e+01  -2.3063625e+01  -2.3019142e+01  -2.2269512e+01
   4.6148211e+00  -1.9583475e+01  -2.1837126e+01  -2.1983168e+01  -2.1222156e+01
   4.6929557e+00  -2.2302388e+01  -2.5898766e+01  -2.6093419e+01  -2.4738576e+01
   4.7710902e+00  -2.2252068e+01  -2.5552755e+01  -2.5837294e+01  -2.4768638e+01
   4.8492248e+00  -2.1781791e+01  -2.5544648e+01  -2.6227781e+01  -2.4917030e+01
   4.9273593e+00  -2.4040334e+01  -2.8849433e+01  -2.9540589e+01  -2.7559435e+01
   5.0054938e+00  -2.2949638e+01  -2.7207318e+01  -2.7458408e+01  -2.5779288e+01
   5.0836284e+00  -2.4034141e+01  -2.9083709e+01  -3.0626555e+01  -2.8378311e+01
   5.1617629e+00  -2.4773257e+01  -3.0248089e+01  -3.1640848e+01  -2.9189377e+01
   5.2398974e+00  -2.3895979e+01  -2.9135785e+01  -3.0665541e+01  -2.8238986e+01
   5.3180320e+00  -2.5485903e+01  -3.1471733e+01  -3.4411240e+01  -3.0941871e+01
   5.3961665e+00  -2.5603257e+01  -3.1401658e+01  -3.4038341e+01  -3.1083838e+01
   5.4743011e+00  -2.4874341e+01  -3.0894994e+01  -3.4490647e+01  -3.1101426e+01
   5.5524356e+00  -2.6578268e+01  -3.2859317e+01  -3.7833947e+01  -3.3365434e+01
   5.6305701e+00  -2.5809142e+01  -3.2043094e+01  -3.5771276e+01  -3.1742372e+01
   5.7087047e+00  -2.6426510e+01  -3.2698631e+01  -3.9274826e+01  -3.4274047e+01
   5.7868392e+00  -2.6977598e+01  -3.3344661e+01  -4.0007055e+01  -3.4830547e+01
   5.8649738e+00  -2.6231460e+01  -3.2554251e+01  -3.9312098e+01  -3.4074005e+01
   5.9431083e+00  -2.7464313e+01  -3.3769897e+01  -4.3907193e+01  -3.6799612e+01
   6.0212428e+00  -2.7595966e+01  -3.3877840e+01  -4.2747716e+01  -3.6727282e+01
   6.0993774e+00  -2.6829240e+01  -3.3144070e+01  -4.3891483e+01  -3.6933973e+01
   6.1775119e+00  -2.8285893e+01  -3.4545015e+01  -4.7412428e+01  -3.9119552e+01
   6.2556464e+00  -2.7665446e+01  -3.3962671e+01  -4.5626768e+01  -3.7572480e+01
   6.3337810e+00  -2.8074254e+01  -3.4305242e+01  -4.9582154e+01  -4.0318747e+01
   6.4119155e+00  -2.8519682e+01  -3.4769451e+01  -4.9844256e+01  -4.0645049e+01
   6.4900501e+00  -2.7853894e+01  -3.4093081e+01  -4.9783571e+01  -4.0108950e+01
   6.5681846e+00  -2.8912270e+01  -3.5117029e+01  -5.3924278e+01  -4.3095291e+01
   6.6463191e+00  -2.9036875e+01  -3.5247153e+01  -5.2469917e+01  -4.2657422e+01
   6.7244537e+00  -2.8273532e+01  -3.4493012e+01  -5.3968622e+01  -4.3251130e+01
   6.8025882e+00  -2.9583199e+01  -3.5840226e+01  -5.4712855e+01  -4.5416582e+01
   6.8807227e+00  -2.9048275e+01  -3.5291141e+01  -5.4651907e+01  -4.3913165e+01
   6.9588573e+00  -2.9338260e+01  -3.5584393e+01  -5.5144061e+01  -4.7020782e+01
   7.0369918e+00  -2.9712305e+01  -3.6012744e+01  -5.5119633e+01  -4.7122470e+01
   7.1151264e+00  -2.9102249e+01  -3.5363605e+01  -5.5052638e+01  -4.6808901e+01
   7.1932609e+00  -3.0056485e+01  -3.6351147e+01  -5.5281921e+01  -5.0023252e+01
   7.2713954e+00  -3.0170575e+01  -3.6446614e+01  -5.5948074e+01  -4.9229324e+01
   7.3495300e+00  -2.9421354e+01  -3.5730992e+01  -5.5201516e+01  -5.0396994e+01
   7.4276645e+00  -3.0630458e+01  -3.6960152e+01  -5.5902976e+01  -5.2374049e+01
   7.5057990e+00  -3.0150815e+01  -3.6489694e+01  -5.5572803e+01  -5.0935158e+01
   7.5839336e+00  -3.0363860e+01  -3.6687171e+01  -5.6055968e+01  -5.4216690e+01
   7.6620681e+00  -3.0684568e+01  -3.7051168e+01  -5.6050253e+01  -5.4114540e+01
   7.7402027e+00  -3.0116478e+01  -3.6454260e+01  -5.6100700e+01  -5.3983670e+01
   7.8183372e+00  -3.1000890e+01  -3.7326022e+01  -5.7198396e+01  -5.6569970e+01
   7.8964717e+00  -3.1104615e+01  -3.7411457e+01  -5.7138689e+01  -5.5949405e+01
   7.9746063e+00  -3.0372171e+01  -3.6713004e+01  -5.6988439e+01  -5.7276533e+01
   8.0527408e+00  -3.1506557e+01  -3.7831189e+01  -5.7983033e+01  -5.8265187e+01
   8.1308754e+00  -3.1065363e+01  -3.7404853e+01  -5.7800558e+01  -5.7499185e+01
   8.2090099e+00  -3.1224426e+01  -3.7544925e+01  -5.8451320e+01  -5.9232992e+01
   8.2871444e+00  -3.1502772e+01  -3.7844317e+01  -5.8488878e+01  -5.9158722e+01
   8.3652790e+00  -3.0968021e+01  -3.7292712e+01  -5.8747017e+01  -5.9220837e+01
   8.4434135e+00  -3.1801920e+01  -3.8105327e+01  -5.9580377e+01  -5.9895194e+01
   8.5215480e+00  -3.1896185e+01  -3.8190241e+01  -5.9222064e+01  -5.9874177e+01
   8.5996826e+00  -3.1180594e+01  -3.7498567e+01  -5.9602563e+01  -6.0220025e+01
   8.6778171e+00  -3.2256369e+01  -3.8578382e+01  -5.9761720e+01  -6.0353867e+01
   8.7559517e+00  -3.1843310e+01  -3.8168970e+01  -5.9742198e+01  -6.0429221e+01
   8.8340862e+00  -3.1962333e+01  -3.8283379e+01  -6.0016785e+01  -6.0580808e+01
   8.9122207e+00  -3.2205636e+01  -3.8554113e+01  -6.0058307e+01  -6.0660299e+01
   8.9903553e+00  -3.1698380e+01  -3.8021126e+01  -6.0020504e+01  -6.0793789e+01
   9.0684898e+00  -3.2493717e+01  -3.8816820e+01  -6.0321320e+01  -6.0830270e+01
   9.1466243e+00  -3.2579489e+01  -3.8888544e+01  -6.0544705e+01  -6.0841140e+01
   9.2247589e+00  -3.1879968e+01  -3.8217179e+01  -6.0362448e+01  -6.0992155e+01
   9.3028934e+00  -3.2907961e+01  -3.9247583e+01  -6.0552948e+01  -6.1040302e+01
   9.3810280e+00  -3.2516277e+01  -3.8866652e+01  -6.0515399e+01  -6.1100206e+01
   9.4591625e+00  -3.2604351e+01  -3.8946340e+01  -6.0598924e+01  -6.1230980e+01
   9.5372970e+00  -3.2817809e+01  -3.9188788e+01  -6.0581810e+01  -6.1310750e+01
   9.6154316e+00  -3.2333859e+01  -3.8679312e+01  -6.0675571e+01  -6.1360616e+01
   9.6935661e+00  -3.3098559e+01  -3.9434043e+01  -6.0989103e+01  -6.1422081e+01
   9.7717006e+00  -3.3176693e+01  -3.9495492e+01  -6.1120580e+01  -6.1478027e+01
   9.8498352e+00  -3.2492213e+01  -3.8842218e+01  -6.0935729e+01  -6.1624014e+01
   9.9279697e+00  -3.3480101e+01  -3.9819773e+01  -6.1296999e+01  -6.1664376e+01
   1.0006104e+01  -3.3105137e+01  -3.9457533e+01  -6.1333853e+01  -6.1682444e+01
   1.0084239e+01  -3.3168515e+01  -3.9512097e+01  -6.1363185e+01  -6.1828314e+01
   1.0162373e+01  -3.3355982e+01  -3.9718548e+01  -6.1420774e+01  -6.1880347e+01
   1.0240508e+01  -3.2892212e+01  -3.9234949e+01  -6.1648160e+01  -6.1914407e+01
   1.0318642e+01  -3.3631807e+01  -3.9959200e+01  -6.1857913e+01  -6.1985385e+01
   1.0396777e+01  -3.3703018e+01  -4.0017189e+01  -6.1724413e+01  -6.2069584e+01
   1.0474911e+01  -3.3032539e+01  -3.9373058e+01  -6.1886655e+01  -6.2137544e+01
   1.0553046e+01  -3.3985986e+01  -4.0323723e+01  -6.1955221e+01  -6.2196641e+01
   1.0631181e+01  -3.3624404e+01  -3.9970335e+01  -6.1956046e+01  -6.2256871e+01
   1.0709315e+01  -3.3667566e+01  -4.0010280e+01  -6.2101076e+01  -6.2315751e+01
   1.0787450e+01  -3.3831993e+01  -4.0194369e+01  -6.2155670e+01  -6.2372418e+01
   1.0865584e+01  -3.3386002e+01  -3.9724802e+01  -6.2169102e+01  -6.2436819e+01
   1.0943719e+01  -3.4104509e+01  -4.0438398e+01  -6.2357437e+01  -6.2479313e+01
   1.1021853e+01  -3.4169381e+01  -4.0488922e+01  -6.2416659e+01  -6.2525160e+01
   1.1099988e+01  -3.3511938e+01  -3.9858014e+01  -6.2416638e+01  -6.2590420e+01
   1.1178122e+01  -3.4435250e+01  -4.0779449e+01  -6.2474766e+01  -6.2640072e+01
   1.1256257e+01  -3.4084584e+01  -4.0440185e+01  -6.2461727e+01  -6.2697046e+01
   1.1334391e+01  -3.4110847e+01  -4.0461938e+01  -6.2541320e+01  -6.2750543e+01
   1.1412526e+01  -3.4254549e+01  -4.0627692e+01  -6.2550822e+01  -6.2804405e+01
   1.1490660e+01  -3.3824444e+01  -4.0172904e+01  -6.2577894e+01  -6.2856217e+01
   1.1568795e+01  -3.4524873e+01  -4.0865799e+01  -6.2739614e+01  -6.2895002e+01
   1.1646930e+01  -3.4583883e+01  -4.0908374e+01  -6.2873911e+01  -6.2933208e+01
   1.1725064e+01  -3.3938612e+01  -4.0291764e+01  -6.2762678e+01  -6.3002975e+01
   1.1803199e+01  -3.4835142e+01  -4.1180224e+01  -6.2949041e+01  -6.3036846e+01
   1.1881333e+01  -3.4493519e+01  -4.0851328e+01  -6.2977628e+01  -6.3076973e+01
   1.1959468e+01  -3.4505405e+01  -4.0858459e+01  -6.2937103e+01  -6.3141891e+01
   1.2037602e+01  -3.4630230e+01  -4.1000193e+01  -6.2997763e+01  -6.3182288e+01
   1.2115737e+01  -3.4214496e+01  -4.0562950e+01  -6.3136736e+01  -6.3217570e+01
   1.2193871e+01  -3.4899162e+01  -4.1236562e+01  -6.3212930e+01  -6.3261480e+01
   1.2272006e+01  -3.4952694e+01  -4.1275047e+01  -6.3168252e+01  -6.3312631e+01
   1.2350140e+01  -3.4318839e+01  -4.0667335e+01  -6.3245667e+01  -6.3356883e+01
   1.2428275e+01  -3.5191245e+01  -4.1535053e+01  -6.3302694e+01  -6.3396815e+01
   1.2506409e+01  -3.4857211e+01  -4.1211408e+01  -6.3307468e+01  -6.3439304e+01
   1.2584544e+01  -3.4856680e+01  -4.1208931e+01  -6.3376523e+01  -6.3480717e+01
   1.2662679e+01  -3.4964124e+01  -4.1332384e+01  -6.3431846e+01  -6.3519188e+01
   1.2740813e+01  -3.4561527e+01  -4.0906552e+01  -6.3466434e+01  -6.3559676e+01
   1.2818948e+01  -3.5232247e+01  -4.1572103e+01  -6.3570857e+01  -6.3594311e+01
   1.2897082e+01  -3.5280614e+01  -4.1605211e+01  -6.3567024e+01  -6.3634244e+01
   1.2975217e+01  -3.4657515e+01  -4.1007411e+01  -6.3616047e+01  -6.3672400e+01
   1.3053351e+01  -3.5507938e+01  -4.1854540e+01  -6.3631993e+01  -6.3710502e+01
   1.3131486e+01  -3.5180341e+01  -4.1538985e+01  -6.3624111e+01  -6.3750284e+01
   1.3209620e+01  -3.5168948e+01  -4.1525116e+01  -6.3703702e+01  -6.3783854e+01
   1.3287755e+01  -3.5260230e+01  -4.1634267e+01  -6.3720474e+01  -6.3820612e+01
   1.3365889e+01  -3.4869759e+01  -4.1219318e+01  -6.3721290e+01  -6.3858279e+01
   1.3444024e+01  -3.5527983e+01  -4.1872347e+01  -6.3823183e+01  -6.3888021e+01
   1.3522158e+01  -3.5571434e+01  -4.1899038e+01  -6.3922071e+01  -6.3916415e+01
   1.3600293e+01  -3.4958526e+01  -4.1312691e+01  -6.3865320e+01  -6.3957515e+01
   1.3678428e+01  -3.5788705e+01  -4.2136163e+01  -6.3970717e+01  -6.3985097e+01
   1.3756562e+01  -3.5466617e+01  -4.1827213e+01  -6.3984005e+01  -6.4017086e+01
   1.3834697e+01  -3.5445614e+01  -4.1803440e+01  -6.3953807e+01  -6.4055494e+01
   1.3912831e+01  -3.5521738e+01  -4.1894660e+01  -6.4003740e+01  -6.4084565e+01
   1.3990966e+01  -3.5142553e+01  -4.1492852e+01  -6.4076322e+01  -6.4112686e+01
   1.4069100e+01  -3.5789456e+01  -4.2132305e+01  -6.4115204e+01  -6.4142897e+01
   1.4147235e+01  -3.5828187e+01  -4.2154750e+01  -6.4117683e+01  -6.4174532e+01
   1.4225369e+01  -3.5224986e+01  -4.1576768e+01  -6.4147344e+01  -6.4205336e+01
   1.4303504e+01  -3.6036347e+01  -4.2383008e+01  -6.4201382e+01  -6.4232307e+01
   1.4381638e+01  -3.5719011e+01  -4.2077484e+01  -6.4205541e+01  -6.4261522e+01
   1.4459773e+01  -3.5689419e+01  -4.2046693e+01  -6.4230120e+01  -6.4290630e+01
   1.4537907e+01  -3.5751211e+01  -4.2122292e+01  -6.4278580e+01  -6.4316525e+01
   1.4616042e+01  -3.5382614e+01  -4.1730340e+01  -6.4314511e+01  -6.4343096e+01
   1.4694177e+01  -3.6019157e+01  -4.2362962e+01  -6.4369364e+01  -6.4368176e+01
   1.4772311e+01  -3.6053322e+01  -4.2380853e+01  -6.4345812e+01  -6.4396796e+01
   1.4850446e+01  -3.5459414e+01  -4.1811121e+01  -6.4397402e+01  -6.4421203e+01
   1.4928580e+01  -3.6253136e+01  -4.2601097e+01  -6.4401330e+01  -6.4447364e+01
   1.5006715e+01  -3.5939919e+01  -4.2300547e+01  -6.4396946e+01  -6.4473641e+01
   1.5084849e+01  -3.5902584e+01  -4.2261814e+01  -6.4460646e+01  -6.4495722e+01
   1.5162984e+01  -3.5950725e+01  -4.2324953e+01  -6.4477477e+01  -6.4519893e+01
   1.5241118e+01  -3.5592130e+01  -4.1941893e+01  -6.4474330e+01  -6.4544800e+01
   1.5319253e+01  -3.6219108e+01  -4.2565944e+01  -6.4535673e+01  -6.4565599e+01
   1.5397387e+01  -3.6248821e+01  -4.2578270e+01  -6.4593052e+01  -6.4585713e+01
   1.5475522e+01  -3.5663861e+01  -4.2018122e+01  -6.4573189e+01  -6.4610317e+01
   1.5553656e+01  -3.6440915e+01  -4.2789493e+01  -6.4627945e+01  -6.4629946e+01
   1.5631791e+01  -3.6131287e+01  -4.2493490e+01  -6.4634379e+01  -6.4651564e+01
   1.5709926e+01  -3.6086913e+01  -4.2447377e+01  -6.4620993e+01  -6.4674628e+01
   1.5788060e+01  -3.6121962e+01  -4.2495909e+01  -6.4657854e+01  -6.4693750e+01
   1.5866195e+01  -3.5772879e+01  -4.2123383e+01  -6.4688701e+01  -6.4713127e+01
   1.5944329e+01  -3.6390954e+01  -4.2737270e+01  -6.4709617e+01  -6.4732548e+01
   1.6022464e+01  -3.6416296e+01  -4.2745270e+01  -6.4734974e+01  -6.4751243e+01
   1.6100598e+01  -3.5839993e+01  -4.2193052e+01  -6.4735936e+01  -6.4771169e+01
   1.6178733e+01  -3.6601182e+01  -4.2949267e+01  -6.4782337e+01  -6.4787886e+01
   1.6256867e+01  -3.6294689e+01  -4.2655663e+01  -6.4785664e+01  -6.4806219e+01
   1.6335002e+01  -3.6243873e+01  -4.2603993e+01  -6.4785673e+01  -6.4824777e+01
   1.6413136e+01  -3.6266281e+01  -4.2638646e+01  -6.4822431e+01  -6.4840643e+01
   1.6491271e+01  -3.5926302e+01  -4.2275042e+01  -6.4850504e+01  -6.4856741e+01
   1.6569405e+01  -3.6536028e+01  -4.2882737e+01  -6.4875620e+01  -6.4872543e+01
   1.6647540e+01  -3.6557046e+01  -4.2886444e+01  -6.4856126e+01  -6.4889998e+01
   1.6725675e+01  -3.5989166e+01  -4.2341681e+01  -6.4889141e+01  -6.4904610e+01
   1.6803809e+01  -3.6735149e+01  -4.3083891e+01  -6.4893268e+01  -6.4920103e+01
   1.6881944e+01  -3.6431397e+01  -4.2793402e+01  -6.4890643e+01  -6.4935455e+01
   1.6960078e+01  -3.6374646e+01  -4.2735776e+01  -6.4930170e+01  -6.4948460e+01
   1.7038213e+01  -3.6384773e+01  -4.2758741e+01  -6.4942921e+01  -6.4962328e+01
   1.7116347e+01  -3.6053558e+01  -4.2403022e+01  -6.4943959e+01  -6.4976363e+01
   1.7194482e+01  -3.6655400e+01  -4.3004186e+01  -6.4973682e+01  -6.4988612e+01
   1.7272616e+01  -3.6672114e+01  -4.3002680e+01  -6.4994937e+01  -6.5000664e+01
   1.7350751e+01  -3.6112467e+01  -4.2466349e+01  -6.4998132e+01  -6.5013413e+01
   1.7428885e+01  -3.6843781e+01  -4.3192851e+01  -6.5018577e+01  -6.5024798e+01
   1.7507020e+01  -3.6542424e+01  -4.2905597e+01  -6.5023275e+01  -6.5036550e+01
   1.7585154e+01  -3.6480175e+01  -4.2842112e+01  -6.5019009e+01  -6.5048422e+01
   1.7663289e+01  -3.6478298e+01  -4.2852216e+01  -6.5044653e+01  -6.5058400e+01
   1.7741424e+01  -3.6155567e+01  -4.2505404e+01  -6.5052106e+01  -6.5068901e+01
   1.7819558e+01  -3.6749916e+01  -4.3098665e+01  -6.5056665e+01  -6.5079050e+01
   1.7897693e+01  -3.6762316e+01  -4.3092687e+01  -6.5085860e+01  -6.5087756e+01
   1.7975827e+01  -3.6210761e+01  -4.2564026e+01  -6.5071679e+01  -6.5098037e+01
   1.8053962e+01  -3.6927833e+01  -4.3276556e+01  -6.5104224e+01  -6.5105822e+01
   1.8132096e+01  -3.6628563e+01  -4.2991073e+01  -6.5108233e+01  -6.5114437e+01
   1.8210231e+01  -3.6561192e+01  -4.2922892e+01  -6.5095696e+01  -6.5123461e+01
   1.8288365e+01  -3.6547512e+01  -4.2920204e+01  -6.5118929e+01  -6.5130424e+01
   1.8366500e+01  -3.6233040e+01  -4.2581771e+01  -6.5137026e+01  -6.5137349e+01
   1.8444634e+01  -3.6820224e+01  -4.3169209e+01  -6.5140358e+01  -6.5144442e+01
   1.8522769e+01  -3.6828273e+01  -4.3158888e+01  -6.5138194e+01  -6.5151433e+01
   1.8600903e+01  -3.6284709e+01  -4.2637419e+01  -6.5141475e+01  -6.5157754e+01
   1.8679038e+01  -3.6987871e+01  -4.3337020e+01  -6.5149918e+01  -6.5163520e+01
   1.8757173e+01  -3.6690408e+01  -4.3053387e+01  -6.5147312e+01  -6.5169304e+01
   1.8835307e+01  -3.6618244e+01  -4.2980498e+01  -6.5160460e+01  -6.5174062e+01
   1.8913442e+01  -3.6592892e+01  -4.2966244e+01  -6.5165109e+01  -6.5178815e+01
   1.8991576e+01  -3.6286501e+01  -4.2635303e+01  -6.5172623e+01  -6.5183073e+01
   1.9069711e+01  -3.6866796e+01  -4.3217229e+01  -6.5176753e+01  -6.5187077e+01
   1.9147845e+01  -3.6870426e+01  -4.3201631e+01  -6.5173710e+01  -6.5190918e+01
   1.9225980e+01  -3.6334794e+01  -4.2687994e+01  -6.5187030e+01  -6.5193800e+01
   1.9304114e+01  -3.7024289e+01  -4.3373486e+01  -6.5184897e+01  -6.5196899e+01
   1.9382249e+01  -3.6728374e+01  -4.3092109e+01  -6.5189441e+01  -6.5199338e+01
   1.9460383e+01  -3.6651708e+01  -4.3014369e+01  -6.5184077e+01  -6.5201834e+01
   1.9538518e+01  -3.6614748e+01  -4.2987924e+01  -6.5200457e+01  -6.5203021e+01
   1.9616652e+01  -3.6316304e+01  -4.2664883e+01  -6.5196605e+01  -6.5204692e+01
   1.9694787e+01  -3.6889937e+01  -4.3240506e+01  -6.5183377e+01  -6.5206351e+01
   1.9772921e+01  -3.6889053e+01  -4.3220120e+01  -6.5200945e+01  -6.5206364e+01
   1.9851056e+01  -3.6361334e+01  -4.2714098e+01  -6.5182010e+01  -6.5207530e+01
   1.9929191e+01  -3.7037323e+01  -4.3386156e+01  -6.5196163e+01  -6.5206936e+01
   2.0007325e+01  -3.6742714e+01  -4.3106128e+01  -6.5202692e+01  -6.5206223e+01
   2.0085460e+01  -3.6661802e+01  -4.3024204e+01  -6.5183392e+01  -6.5206292e+01
   2.0163594e+01  -3.6613233e+01  -4.2985507e+01  -6.5193859e+01  -6.5204657e+01
   2.0241729e+01  -3.6322643e+01  -4.2670579e+01  -6.5204088e+01  -6.5202723e+01
   2.0319863e+01  -3.6889801e+01  -4.3240631e+01  -6.5185567e+01  -6.5201584e+01
   2.0397998e+01  -3.6884274e+01  -4.3215627e+01  -6.5206184e+01  -6.5198397e+01
   2.0476132e+01  -3.6364488e+01  -4.2716922e+01  -6.5173772e+01  -6.5197129e+01
   2.0554267e+01  -3.7027054e+01  -4.3376321e+01  -6.5186269e+01  -6.5193525e+01
   2.0632401e+01  -3.6733517e+01  -4.3097158e+01  -6.5182565e+01  -6.5190220e+01
   2.0710536e+01  -3.6648593e+01  -4.3011363e+01  -6.5170274e+01  -6.5186955e+01
   2.0788670e+01  -3.6588346e+01  -4.2960727e+01  -6.5163128e+01  -6.5183074e+01
   2.0866805e+01  -3.6305555e+01  -4.2653355e+01  -6.5178593e+01  -6.5177804e+01
   2.0944940e+01  -3.6866390e+01  -4.3218288e+01  -6.5159347e+01  -6.5173712e+01
   2.1023074e+01  -3.6856058e+01  -4.3187534e+01  -6.5148195e+01  -6.5168818e+01
   2.1101209e+01  -3.6344266e+01  -4.2696536e+01  -6.5158195e+01  -6.5162641e+01
   2.1179343e+01  -3.6993415e+01  -4.3342492e+01  -6.5142313e+01  -6.5157251e+01
   2.1257478e+01  -3.6700721e+01  -4.3064703e+01  -6.5146011e+01  -6.5150545e+01
   2.1335612e+01  -3.6611994e+01  -4.2974803e+01  -6.5129895e+01  -6.5144373e+01
   2.1413747e+01  -3.6539934e+01  -4.2911755e+01  -6.5137158e+01  -6.5136758e+01
   2.1491881e+01  -3.6264927e+01  -4.2611725e+01  -6.5129252e+01  -6.5129381e+01
   2.1570016e+01  -3.6819557e+01  -4.3171539e+01  -6.5097695e+01  -6.5122804e+01
   2.1648150e+01  -3.6804216e+01  -4.3135378e+01  -6.5092389e+01  -6.5114572e+01
   2.1726285e+01  -3.6300523e+01  -4.2652194e+01  -6.5076145e+01  -6.5106514e+01
   2.1804419e+01  -3.6936184e+01  -4.3284681e+01  -6.5069992e+01  -6.5097565e+01
   2.1882554e+01  -3.6644103e+01  -4.3007911e+01  -6.5080264e+01  -6.5087277e+01
   2.1960689e+01  -3.6551769e+01  -4.2914126e+01  -6.5054914e+01  -6.5078600e+01
   2.2038823e+01  -3.6467691e+01  -4.2838817e+01  -6.5054731e+01  -6.5068034e+01
   2.2116958e+01  -3.6200485e+01  -4.2546856e+01  -6.5060971e+01  -6.5056874e+01
   2.2195092e+01  -3.6748999e+01  -4.3101328e+01  -6.5015965e+01  -6.5047857e+01
   2.2273227e+01  -3.6728403e+01  -4.3060042e+01  -6.5058201e+01  -6.5034058e+01
   2.2351361e+01  -3.6232956e+01  -4.2584646e+01  -6.4987078e+01  -6.5025656e+01
   2.2429496e+01  -3.6854980e+01  -4.3204078e+01  -6.5001564e+01  -6.5012383e+01
   2.2507630e+01  -3.6563276e+01  -4.2927276e+01  -6.4996181e+01  -6.4999712e+01
   2.2585765e+01  -3.6467519e+01  -4.2830227e+01  -6.4959912e+01  -6.4988374e+01
   2.2663899e+01  -3.6371140e+01  -4.2742117e+01  -6.4938641e+01  -6.4975697e+01
   2.2742034e+01  -3.6111792e+01  -4.2458182e+01  -6.4965902e+01  -6.4960217e+01
   2.2820168e+01  -3.6654252e+01  -4.3007496e+01  -6.4919222e+01  -6.4948166e+01
   2.2898303e+01  -3.6628101e+01  -4.2959504e+01  -6.4919381e+01  -6.4933295e+01
   2.2976438e+01  -3.6141097e+01  -4.2492166e+01  -6.4911325e+01  -6.4918320e+01
   2.3054572e+01  -3.6749252e+01  -4.3098008e+01  -6.4887527e+01  -6.4903862e+01
   2.3132707e+01  -3.6457676e+01  -4.2821596e+01  -6.4888470e+01  -6.4887658e+01
   2.3210841e+01  -3.6358675e+01  -4.2721087e+01  -6.4853178e+01  -6.4872874e+01
   2.3288976e+01  -3.6249629e+01  -4.2619422e+01  -6.4849257e+01  -6.4856081e+01
   2.3367110e+01  -3.5998232e+01  -4.2342654e+01  -6.4841772e+01  -6.4838859e+01
   2.3445245e+01  -3.6534675e+01  -4.2887751e+01  -6.4791969e+01  -6.4823909e+01
   2.3523379e+01  -3.6502609e+01  -4.2833208e+01  -6.4757870e+01  -6.4807350e+01
   2.3601514e+01  -3.6024298e+01  -4.2374235e+01  -6.4748730e+01  -6.4789153e+01
   2.3679648e+01  -3.6618264e+01  -4.2965946e+01  -6.4722780e+01  -6.4771398e+01
   2.3757783e+01  -3.6326547e+01  -4.2690215e+01  -6.4736756e+01  -6.4750564e+01
   2.3835917e+01  -3.6224480e+01  -4.2585996e+01  -6.4702164e+01  -6.4733018e+01
   2.3914052e+01  -3.6102308e+01  -4.2471395e+01  -6.4692787e+01  -6.4712531e+01
   2.3992187e+01  -3.5858992e+01  -4.2202861e+01  -6.4698405e+01  -6.4690990e+01
   2.4070321e+01  -3.6389431e+01  -4.2742894e+01  -6.4620761e+01  -6.4674477e+01
   2.4148456e+01  -3.6351016e+01  -4.2682397e+01  -6.4677672e+01  -6.4648577e+01
   2.4226590e+01  -3.5881709e+01  -4.2232070e+01  -6.4565723e+01  -6.4633644e+01
   2.4304725e+01  -3.6461066e+01  -4.2809637e+01  -6.4581235e+01  -6.4609508e+01
   2.4382859e+01  -3.6168912e+01  -4.2532908e+01  -6.4573062e+01  -6.4586277e+01
   2.4460994e+01  -3.6063962e+01  -4.2425925e+01  -6.4512410e+01  -6.4566853e+01
   2.4539128e+01  -3.5928097e+01  -4.2297048e+01  -6.4476749e+01  -6.4544318e+01
   2.4617263e+01  -3.5693033e+01  -4.2037439e+01  -6.4524162e+01  -6.4516562e+01
   2.4695397e+01  -3.6217461e+01  -4.2571956e+01  -6.4436928e+01  -6.4497176e+01
   2.4773532e+01  -3.6172175e+01  -4.2503101e+01  -6.4470844e+01  -6.4469442e+01
   2.4851666e+01  -3.5712249e+01  -4.2061753e+01  -6.4427483e+01  -6.4446011e+01
   2.4929801e+01  -3.6276470e+01  -4.2624708e+01  -6.4398277e+01  -6.4421283e+01
   2.5007936e+01  -3.5983544e+01  -4.2347015e+01  -6.4393998e+01  -6.4394473e+01
   2.5086070e+01  -3.5875907e+01  -4.2237288e+01  -6.4331458e+01  -6.4370757e+01
   2.5164205e+01  -3.5725657e+01  -4.2092520e+01  -6.4313092e+01  -6.4343911e+01
   2.5242339e+01  -3.5499057e+01  -4.1840270e+01  -6.4310797e+01  -6.4314918e+01
   2.5320474e+01  -3.6017448e+01  -4.2371295e+01  -6.4240018e+01  -6.4291330e+01
   2.5398608e+01  -3.5964657e+01  -4.2293791e+01  -6.4177901e+01  -6.4265898e+01
   2.5476743e+01  -3.5514570e+01  -4.1861907e+01  -6.4177428e+01  -6.4235297e+01
   2.5554877e+01  -3.6062999e+01  -4.2409211e+01  -6.4133405e+01  -6.4207757e+01
   2.5633012e+01  -3.5768915e+01  -4.2131710e+01  -6.4149261e+01  -6.4174270e+01
   2.5711146e+01  -3.5658811e+01  -4.2018420e+01  -6.4099520e+01  -6.4147461e+01
   2.5789281e+01  -3.5493336e+01  -4.1859072e+01  -6.4078639e+01  -6.4115268e+01
   2.5867415e+01  -3.5275455e+01  -4.1615446e+01  -6.4084178e+01  -6.4080715e+01
   2.5945550e+01  -3.5787765e+01  -4.2141833e+01  -6.3968813e+01  -6.4057669e+01
   2.6023685e+01  -3.5726699e+01  -4.2056980e+01  -6.4027576e+01  -6.4016283e+01
   2.6101819e+01  -3.5287003e+01  -4.1635132e+01  -6.3870733e+01  -6.3996375e+01
   2.6179954e+01  -3.5818838e+01  -4.2166318e+01  -6.3891773e+01  -6.3958492e+01
   2.6258088e+01  -3.5523140e+01  -4.1886575e+01  -6.3875923e+01  -6.3921825e+01
   2.6336223e+01  -3.5410822e+01  -4.1771055e+01  -6.3786701e+01  -6.3895251e+01
   2.6414357e+01  -3.5229101e+01  -4.1595027e+01  -6.3737341e+01  -6.3859958e+01
   2.6492492e+01  -3.5020241e+01  -4.1361751e+01  -6.3819081e+01  -6.3814901e+01
   2.6570626e+01  -3.5526417e+01  -4.1882029e+01  -6.3666151e+01  -6.3791107e+01
   2.6648761e+01  -3.5456129e+01  -4.1785998e+01  -6.3760317e+01  -6.3743137e+01
   2.6726895e+01  -3.5027489e+01  -4.1374857e+01  -6.3658801e+01  -6.3713427e+01
   2.6805030e+01  -3.5541749e+01  -4.1889256e+01  -6.3623568e+01  -6.3676057e+01
   2.6883164e+01  -3.5243889e+01  -4.1606302e+01  -6.3610872e+01  -6.3636053e+01
   2.6961299e+01  -3.5129662e+01  -4.1489117e+01  -6.3510620e+01  -6.3603427e+01
   2.7039434e+01  -3.4930454e+01  -4.1292949e+01  -6.3476287e+01  -6.3564522e+01
   2.7117568e+01  -3.4730967e+01  -4.1067599e+01  -6.3489228e+01  -6.3519250e+01
   2.7195703e+01  -3.5230947e+01  -4.1585100e+01  -6.3384089e+01  -6.3487811e+01
   2.7273837e+01  -3.5150261e+01  -4.1476389e+01  -6.3304092e+01  -6.3452133e+01
   2.7351972e+01  -3.4733480e+01  -4.1076797e+01  -6.3311746e+01  -6.3403927e+01
   2.7430106e+01  -3.5228971e+01  -4.1572604e+01  -6.3249910e+01  -6.3365081e+01
   2.7508241e+01  -3.4928274e+01  -4.1288878e+01  -6.3263111e+01  -6.3314311e+01
   2.7586375e+01  -3.4812521e+01  -4.1168449e+01  -6.3190628e+01  -6.3277965e+01
   2.7664510e+01  -3.4594304e+01  -4.0954388e+01  -6.3146543e+01  -6.3231363e+01
   2.7742644e+01  -3.4404591e+01  -4.0738308e+01  -6.3146489e+01  -6.3176938e+01
   2.7820779e+01  -3.4898317e+01  -4.1251941e+01  -6.2991750e+01  -6.3151254e+01
   2.7898913e+01  -3.4805758e+01  -4.1133341e+01  -6.3028843e+01  -6.3086101e+01
   2.7977048e+01  -3.4401811e+01  -4.0746034e+01  -6.2816217e+01  -6.3066659e+01
   2.8055183e+01  -3.4877069e+01  -4.1222372e+01  -6.2861186e+01  -6.3007668e+01
   2.8133317e+01  -3.4572689e+01  -4.0934517e+01  -6.2817598e+01  -6.2949614e+01
   2.8211452e+01  -3.4455900e+01  -4.0812687e+01  -6.2692632e+01  -6.2922154e+01
   2.8289586e+01  -3.4216796e+01  -4.0577905e+01  -6.2622637e+01  -6.2865739e+01
   2.8367721e+01  -3.4037308e+01  -4.0374315e+01  -6.2757025e+01  -6.2788865e+01
   2.8445855e+01  -3.4524740e+01  -4.0881159e+01  -6.2500065e+01  -6.2774222e+01
   2.8523990e+01  -3.4418427e+01  -4.0746251e+01  -6.2684451e+01  -6.2682091e+01
   2.8602124e+01  -3.4028507e+01  -4.0372707e+01  -6.2489001e+01  -6.2658756e+01
   2.8680259e+01  -3.4481727e+01  -4.0828273e+01  -6.2445492e+01  -6.2603421e+01
   2.8758393e+01  -3.4172577e+01  -4.0532768e+01  -6.2416947e+01  -6.2542914e+01
   2.8836528e+01  -3.4055408e+01  -4.0411465e+01  -6.2261461e+01  -6.2505905e+01
   2.8914662e+01  -3.3793067e+01  -4.0148519e+01  -6.2217219e+01  -6.2448344e+01
   2.8992797e+01  -3.3624299e+01  -3.9953693e+01  -6.2270007e+01  -6.2374744e+01
   2.9070932e+01  -3.4105439e+01  -4.0458933e+01  -6.2089744e+01  -6.2344157e+01
   2.9149066e+01  -3.3982929e+01  -4.0302794e+01  -6.2019919e+01  -6.2293308e+01
   2.9227201e+01  -3.3608517e+01  -3.9944962e+01  -6.2034370e+01  -6.2213780e+01
   2.9305335e+01  -3.4037449e+01  -4.0376143e+01  -6.1947518e+01  -6.2162964e+01
   2.9383470e+01  -3.3722099e+01  -4.0077446e+01  -6.1947346e+01  -6.2081100e+01
   2.9461604e+01  -3.3605443e+01  -3.9954011e+01  -6.1843747e+01  -6.2037985e+01
   2.9539739e+01  -3.3316883e+01  -3.9666394e+01  -6.1740614e+01  -6.1974184e+01
   2.9617873e+01  -3.3159356e+01  -3.9481714e+01  -6.1713947e+01  -6.1871773e+01
   2.9696008e+01  -3.3634291e+01  -3.9984735e+01  -6.1527568e+01  -6.1865464e+01
   2.9774142e+01  -3.3492348e+01  -3.9813456e+01  -6.1477902e+01  -6.1743839e+01
   2.9852277e+01  -3.3135304e+01  -3.9471788e+01  -6.1183298e+01  -6.1748493e+01
   2.9930411e+01  -3.3537102e+01  -3.9877586e+01  -6.1304541e+01  -6.1645104e+01
   3.0008546e+01  -3.3213618e+01  -3.9571428e+01  -6.1141746e+01  -6.1521164e+01
   3.0086681e+01  -3.3098736e+01  -3.9448398e+01  -6.0993223e+01  -6.1538923e+01
   3.0164815e+01  -3.2780089e+01  -3.9132699e+01  -6.0837681e+01  -6.1421676e+01
   3.0242950e+01  -3.2634322e+01  -3.8963635e+01  -6.1018878e+01  -6.1239646e+01
   3.0321084e+01  -3.3103294e+01  -3.9459625e+01  -6.0633496e+01  -6.1320434e+01
   3.0399219e+01  -3.2937517e+01  -3.9261336e+01  -6.0897581e+01  -6.1052257e+01
   3.0477353e+01  -3.2600226e+01  -3.8939063e+01  -6.0553601e+01  -6.1124928e+01
   3.0555488e+01  -3.2971221e+01  -3.9316793e+01  -6.0498063e+01  -6.1032630e+01
   3.0633622e+01  -3.2636903e+01  -3.8992142e+01  -6.0413227e+01  -6.0904960e+01
   3.0711757e+01  -3.2525629e+01  -3.8875507e+01  -6.0187283e+01  -6.0915466e+01
   3.0789891e+01  -3.2171755e+01  -3.8514031e+01  -6.0147350e+01  -6.0794064e+01
   3.0868026e+01  -3.2038180e+01  -3.8353866e+01  -6.0295797e+01  -6.0650098e+01
   3.0946160e+01  -3.2501713e+01  -3.8851799e+01  -5.9943486e+01  -6.0693719e+01
   3.1024295e+01  -3.2305935e+01  -3.8610437e+01  -5.9960809e+01  -6.0589749e+01
   3.1102429e+01  -3.1991530e+01  -3.8313586e+01  -5.9978049e+01  -6.0428494e+01
   3.1180564e+01  -3.2326872e+01  -3.8653795e+01  -5.9836629e+01  -6.0390272e+01
   3.1258699e+01  -3.1977809e+01  -3.8318033e+01  -5.9790374e+01  -6.0172357e+01
   3.1336833e+01  -3.1872906e+01  -3.8203897e+01  -5.9650885e+01  -6.0162212e+01
   3.1414968e+01  -3.1476741e+01  -3.7801593e+01  -5.9369244e+01  -6.0064802e+01
   3.1493102e+01  -3.1355546e+01  -3.7652102e+01  -5.9218401e+01  -5.9536509e+01
   3.1571237e+01  -3.1814685e+01  -3.8152169e+01  -5.9074030e+01  -5.9865898e+01
   3.1649371e+01  -3.1579927e+01  -3.7882576e+01  -5.8613530e+01  -5.9071571e+01
   3.1727506e+01  -3.1292654e+01  -3.7609461e+01  -5.8195002e+01  -5.9120369e+01
   3.1805640e+01  -3.1585722e+01  -3.7912464e+01  -5.8513636e+01  -5.9006883e+01
   3.1883775e+01  -3.1215973e+01  -3.7562584e+01  -5.7689674e+01  -5.7359051e+01
   3.1961909e+01  -3.1121787e+01  -3.7453819e+01  -5.7766838e+01  -5.8314543e+01
   3.2040044e+01  -3.0673204e+01  -3.7008250e+01  -5.7055803e+01  -5.7047374e+01
   3.2118178e+01  -3.0563974e+01  -3.6878255e+01  -5.6985038e+01  -5.5164753e+01
   3.2196313e+01  -3.1020751e+01  -3.7374064e+01  -5.6778792e+01  -5.6873582e+01
   3.2274448e+01  -3.0733296e+01  -3.7048925e+01  -5.6534838e+01  -5.3680909e+01
   3.2352582e+01  -3.0479157e+01  -3.6806588e+01  -5.6143287e+01  -5.4134248e+01
   3.2430717e+01  -3.0720514e+01  -3.7067561e+01  -5.5988199e+01  -5.4070329e+01
   3.2508851e+01  -3.0320493e+01  -3.6661770e+01  -5.5492696e+01  -5.0888270e+01
   3.2586986e+01  -3.0244240e+01  -3.6581924e+01  -5.5440765e+01  -5.2531287e+01
   3.2665120e+01  -2.9727866e+01  -3.6036360e+01  -5.5211436e+01  -5.0245390e+01
   3.2743255e+01  -2.9628760e+01  -3.5905931e+01  -5.5472751e+01  -4.8404391e+01
   3.2821389e+01  -3.0087167e+01  -3.6421492e+01  -5.4949083e+01  -5.0244811e+01
   3.2899524e+01  -2.9724701e+01  -3.5971519e+01  -5.5204383e+01  -4.6886154e+01
   3.2977658e+01  -2.9512662e+01  -3.5787159e+01  -5.5176991e+01  -4.7159183e+01
   3.3055793e+01  -2.9688054e+01  -3.5968242e+01  -5.4916818e+01  -4.6867366e+01
   3.3133927e+01  -2.9241005e+01  -3.5509564e+01  -5.4728283e+01  -4.3917175e+01
   3.3212062e+01  -2.9195551e+01  -3.5460248e+01  -5.4566364e+01  -4.5375245e+01
   3.3290197e+01  -2.8586121e+01  -3.4815654e+01  -5.3600471e+01  -4.3225738e+01
   3.3368331e+01  -2.8491785e+01  -3.4690602e+01  -5.2502936e+01  -4.1841172e+01
   3.3446466e+01  -2.8960064e+01  -3.5223888e+01  -5.3247777e+01  -4.3214831e+01
   3.3524600e+01  -2.8482982e+01  -3.4701210e+01  -5.0062222e+01  -4.0490382e+01
   3.3602735e+01  -2.8327490e+01  -3.4559899e+01  -4.9547589e+01  -4.0750337e+01
   3.3680869e+01  -2.8413577e+01  -3.4672277e+01  -4.9936203e+01  -4.0097608e+01
   3.3759004e+01  -2.7886640e+01  -3.4192428e+01  -4.5751276e+01  -3.7636424e+01
   3.3837138e+01  -2.7897370e+01  -3.4160923e+01  -4.7522718e+01  -3.8959196e+01
   3.3915273e+01  -2.7148225e+01  -3.3441911e+01  -4.4023997e+01  -3.6960581e+01
   3.3993407e+01  -2.7043704e+01  -3.3331740e+01  -4.2213185e+01  -3.5864275e+01
   3.4071542e+01  -2.7540537e+01  -3.3886033e+01  -4.3889496e+01  -3.6919683e+01
   3.4149676e+01  -2.6868812e+01  -3.3176127e+01  -3.9829163e+01  -3.4561621e+01
   3.4227811e+01  -2.6795696e+01  -3.3077285e+01  -4.0073211e+01  -3.4958698e+01
   3.4305946e+01  -2.6749455e+01  -3.3136491e+01  -3.9312494e+01  -3.4021629e+01
   3.4384080e+01  -2.6065778e+01  -3.2274956e+01  -3.5906490e+01  -3.1851908e+01
   3.4462215e+01  -2.6191187e+01  -3.2483139e+01  -3.7763208e+01  -3.3176057e+01
   3.4540349e+01  -2.5198489e+01  -3.1199905e+01  -3.4635136e+01  -3.1122278e+01
   3.4618484e+01  -2.5036417e+01  -3.0831963e+01  -3.3204299e+01  -3.0168995e+01
   3.4696618e+01  -2.5612679e+01  -3.1687367e+01  -3.4625306e+01  -3.1101174e+01
   3.4774753e+01  -2.4545048e+01  -2.9800089e+01  -3.1128761e+01  -2.8738473e+01
   3.4852887e+01  -2.4606391e+01  -3.0023168e+01  -3.1744578e+01  -2.9286843e+01
   3.4931022e+01  -2.4332543e+01  -2.9580667e+01  -3.0527776e+01  -2.8148911e+01
   3.5009156e+01  -2.3246733e+01  -2.7514475e+01  -2.7590755e+01  -2.5908271e+01
   3.5087291e+01  -2.3663388e+01  -2.8540830e+01  -2.9440652e+01  -2.7399218e+01
   3.5165425e+01  -2.2100171e+01  -2.5856885e+01  -2.6300749e+01  -2.4915398e+01
   3.5243560e+01  -2.1659444e+01  -2.4876572e+01  -2.4931702e+01  -2.3836542e+01
   3.5321695e+01  -2.2526767e+01  -2.6278244e+01  -2.6361992e+01  -2.4948981e+01
   3.5399829e+01  -2.0253444e+01  -2.2483138e+01  -2.2447161e+01  -2.1732034e+01
   3.5477964e+01  -2.0499093e+01  -2.2980987e+01  -2.3065442e+01  -2.2313491e+01
   3.5556098e+01  -1.9714944e+01  -2.1705760e+01  -2.1577826e+01  -2.0907175e+01
   3.5634233e+01  -1.6561602e+01  -1.7489850e+01  -1.7286174e+01  -1.6970880e+01
   3.5712367e+01  -1.8096744e+01  -1.9625058e+01  -1.9666040e+01  -1.9213694e+01
   3.5790502e+01  -1.3063626e+01  -1.3568767e+01  -1.3624859e+01  -1.3480495e+01
   3.5868636e+01  -6.7706122e+00  -6.8759121e+00  -6.8496991e+00  -6.8231079e+00
   3.5946771e+01  -7.4501754e-01  -7.4442740e-01  -7.4227635e-01  -7.3750929e-01
   3.6024905e+01  -4.4467709e+00  -4.5281007e+00  -4.5328095e+00  -4.5262150e+00
   3.6103040e+01  -1.8571219e-01  -2.2555178e-01  -2.8750108e-01  -2.8969638e-01
   3.6181174e+01  -3.8146664e+00  -3.9125453e+00  -3.9441939e+00  -3.9280268e+00
   3.6259309e+01  -1.6996273e-01  -2.2494184e-01  -3.1244862e-01  -3.1398059e-01
   3.6337444e+01  -4.0367998e+00  -4.0961302e+00  -4.0764575e+00  -4.0681893e+00
   3.6415578e+01   0.0000000e+00   0.0000000e+00   0.0000000e+00   0.0000000e+00
   3.6493713e+01  -4.0085457e+00  -4.0594350e+00  -4.0316298e+00  -4.0062437e+00
   3.6571847e+01  -5.4426280e-01  -5.5221647e-01  -5.4964421e-01  -5.4483353e-01
   3.6649982e+01  -4.0062444e+00  -4.1156452e+00  -4.1547444e+00  -4.1366300e+00
   3.6728116e+01  -5.4146648e-01  -5.9269570e-01  -6.5304564e-01  -6.5502566e-01
   3.6806251e+01  -4.0909704e+00  -4.1080338e+00  -3.9890709e+00  -3.9597367e+00
   3.6884385e+01  -5.1728471e-01  -5.7622297e-01  -6.3968750e-01  -6.3829870e-01
   3.6962520e+01  -4.1369955e+00  -4.2283327e+00  -4.2262047e+00  -4.2130013e+00
   3.7040654e+01  -4.9107989e-01  -5.4188515e-01  -5.9357519e-01  -5.8558710e-01
   3.7118789e+01  -3.9291847e+00  -4.0121413e+00  -3.9957487e+00  -3.9691608e+00
   3.7196923e+01  -6.0564845e-01  -6.3146890e-01  -6.4081455e-01  -6.3337226e-01
   3.7275058e+01  -4.0240601e+00  -4.1556007e+00  -4.1929380e+00  -4.1759334e+00
   3.7353193e+01  -7.4068180e-01  -8.1428095e-01  -8.9187026e-01  -8.9565478e-01
   3.7431327e+01  -3.9423389e+00  -4.0632597e+00  -4.0740586e+00  -4.0580042e+00
   3.7509462e+01  -6.5923098e-01  -7.1483299e-01  -7.6386507e-01  -7.6234734e-01
   3.7587596e+01  -4.0022751e+00  -4.0889050e+00  -4.0691733e+00  -4.0475549e+00
   3.7665731e+01  -5.7288935e-01  -6.2169612e-01  -6.7065025e-01  -6.6796846e-01
   3.7743865e+01  -3.6541467e+00  -3.7544643e+00  -3.7603538e+00  -3.7415150e+00
   3.7822000e+01  -3.8272386e-01  -4.4050877e-01  -5.0667659e-01  -5.0468878e-01
   3.7900134e+01  -4.2593395e+00  -4.4177886e+00  -4.4768173e+00  -4.4608602e+00
   3.7978269e+01  -9.4587701e-01  -9.5605734e-01  -9.2151123e-01  -9.0738282e-01
   3.8056403e+01  -4.0150257e+00  -4.1437815e+00  -4.1652427e+00  -4.1428656e+00
   3.8134538e+01  -5.2447755e-01  -5.9086229e-01  -6.5786443e-01  -6.4960056e-01
   3.8212672e+01  -3.9916431e+00  -4.0862345e+00  -4.0554379e+00  -4.0302455e+00
   3.8290807e+01  -5.7518694e-02  -8.6368744e-02  -1.1466884e-01  -1.0690298e-01
   3.8368942e+01  -4.2253956e+00  -4.3065862e+00  -4.2540195e+00  -4.2264674e+00
   3.8447076e+01  -4.4266933e-01  -5.1167057e-01  -5.9029162e-01  -5.8753092e-01
   3.8525211e+01  -3.9446404e+00  -4.0171000e+00  -3.9415768e+00  -3.9289816e+00
   3.8603345e+01  -6.6621702e-01  -6.9644740e-01  -7.0598096e-01  -6.8980636e-01
   3.8681480e+01  -4.0786434e+00  -4.1696199e+00  -4.1464517e+00  -4.1181294e+00
   3.8759614e+01  -4.2194586e-01  -4.4405474e-01  -4.5067924e-01  -4.5178566e-01
   3.8837749e+01  -3.9042887e+00  -3.9923249e+00  -3.9863771e+00  -3.9593899e+00
   3.8915883e+01  -6.4224384e-01  -6.8726172e-01  -7.2378561e-01  -7.2335024e-01
   3.8994018e+01  -4.0932152e+00  -4.1701670e+00  -4.1208355e+00  -4.1034991e+00
   3.9072152e+01  -3.6593600e-02  -6.2515730e-02  -8.5628876e-02  -7.6248179e-02
   3.9150287e+01  -4.1205581e+00  -4.2421311e+00  -4.2687978e+00  -4.2452334e+00
   3.9228421e+01  -5.7870001e-01  -6.2428782e-01  -6.6119925e-01  -6.5399074e-01
   3.9306556e+01  -4.0706670e+00  -4.1539878e+00  -4.1311774e+00  -4.1078231e+00
   3.9384691e+01  -3.8682499e-01  -4.2248291e-01  -4.5783326e-01  -4.5346470e-01
   3.9462825e+01  -4.0569804e+00  -4.1450306e+00  -4.1088662e+00  -4.0768194e+00
   3.9540960e+01  -4.6911778e-01  -5.2963892e-01  -6.0841780e-01  -6.0961655e-01
   3.9619094e+01  -4.2422759e+00  -4.3309921e+00  -4.2726985e+00  -4.2550498e+00
   3.9697229e+01  -6.7006104e-01  -6.7799318e-01  -6.6662447e-01  -6.5996226e-01
   3.9775363e+01  -3.8790280e+00  -3.9881735e+00  -4.0022536e+00  -3.9821378e+00
   3.9853498e+01  -6.1036471e-01  -6.8079427e-01  -7.5389271e-01  -7.5564561e-01
   3.9931632e+01  -6.5443726e+00  -6.7245866e+00  -6.7238189e+00  -6.6921023e+00
